0	0.500000
1	0.500000
2	0.337004
3	0.500000
4	0.500000
5	0.500000
6	0.500000
7	0.434783
8	0.500000
9	0.500000
10	0.500000
11	0.428571
12	0.500000
13	0.366667
14	0.500000
15	0.500000
16	0.451613
17	0.428571
18	0.468750
19	0.454545
20	0.473684
21	0.434783
22	0.500000
23	0.408163
24	0.405405
25	0.407407
26	0.500000
27	0.500000
28	0.428571
29	0.500000
30	0.317460
31	0.500000
32	0.500000
33	0.500000
34	0.428088
35	0.500000
36	0.500000
37	0.461538
38	0.500000
39	0.411765
40	0.500000
41	0.500000
42	0.500000
43	0.392857
44	0.400000
45	0.500000
46	0.446809
47	0.461538
48	0.428571
49	0.428571
50	0.346154
51	0.443182
52	0.416667
53	0.500000
54	0.500000
55	0.400000
56	0.500000
57	0.476190
58	0.409938
59	0.500000
60	0.330454
61	0.381503
62	0.388889
63	0.439024
64	0.454545
65	0.441176
66	0.500000
67	0.500000
68	0.500000
69	0.409091
70	0.391753
71	0.500000
72	0.357143
73	0.428571
74	0.428571
75	0.477273
76	0.441176
77	0.400000
78	0.500000
79	0.360000
80	0.454545
81	0.500000
82	0.500000
83	0.446809
84	0.500000
85	0.500000
86	0.333333
87	0.500000
88	0.375000
89	0.500000
90	0.454545
91	0.500000
92	0.500000
93	0.500000
94	0.375000
95	0.337621
96	0.434783
97	0.398230
98	0.359589
99	0.370425
100	0.352349
101	0.406690
102	0.500000
103	0.500000
104	0.360656
105	0.421622
106	0.395652
107	0.368421
108	0.500000
109	0.352564
110	0.500000
111	0.403846
112	0.500000
113	0.500000
114	0.500000
115	0.386139
116	0.500000
117	0.500000
118	0.500000
119	0.500000
120	0.500000
121	0.500000
122	0.420000
123	0.500000
124	0.411765
125	0.500000
126	0.500000
127	0.500000
128	0.500000
129	0.440000
130	0.500000
131	0.405797
132	0.500000
133	0.500000
134	0.385593
135	0.500000
136	0.319672
137	0.500000
138	0.500000
139	0.500000
140	0.500000
141	0.375000
142	0.500000
143	0.454545
144	0.500000
145	0.420561
146	0.400000
147	0.500000
148	0.500000
149	0.416667
150	0.500000
151	0.500000
152	0.363636
153	0.500000
154	0.500000
155	0.500000
156	0.500000
157	0.416667
158	0.437500
159	0.472441
160	0.394737
161	0.434783
162	0.358974
163	0.500000
164	0.500000
165	0.500000
166	0.500000
167	0.500000
168	0.459016
169	0.500000
170	0.404412
171	0.500000
172	0.500000
173	0.300000
174	0.500000
175	0.391304
176	0.500000
177	0.500000
178	0.470085
179	0.500000
180	0.416667
181	0.441176
182	0.416667
183	0.500000
184	0.500000
185	0.378378
186	0.500000
187	0.500000
188	0.424242
189	0.500000
190	0.500000
191	0.500000
192	0.500000
193	0.500000
194	0.446809
195	0.441176
196	0.482456
197	0.416667
198	0.500000
199	0.363636
200	0.500000
201	0.500000
202	0.500000
203	0.500000
204	0.384615
205	0.500000
206	0.500000
207	0.390071
208	0.500000
209	0.500000
210	0.500000
211	0.500000
212	0.500000
213	0.500000
214	0.412844
215	0.500000
216	0.430769
217	0.370370
218	0.500000
219	0.375000
220	0.500000
221	0.500000
222	0.500000
223	0.500000
224	0.500000
225	0.500000
226	0.500000
227	0.500000
228	0.500000
229	0.441176
230	0.500000
231	0.500000
232	0.384401
233	0.488372
234	0.500000
235	0.500000
236	0.500000
237	0.454545
238	0.500000
239	0.333333
240	0.500000
241	0.500000
242	0.441176
243	0.416667
244	0.416667
245	0.500000
246	0.428571
247	0.500000
248	0.416667
249	0.428571
250	0.500000
251	0.500000
252	0.500000
253	0.500000
254	0.500000
255	0.500000
256	0.500000
257	0.476190
258	0.500000
259	0.500000
260	0.454545
261	0.500000
262	0.500000
263	0.500000
264	0.460526
265	0.388889
266	0.454545
267	0.416667
268	0.500000
269	0.500000
270	0.500000
271	0.500000
272	0.500000
273	0.500000
274	0.500000
275	0.428571
276	0.500000
277	0.500000
278	0.375000
279	0.368852
280	0.500000
281	0.500000
282	0.500000
283	0.500000
284	0.364000
285	0.363636
286	0.455696
287	0.500000
288	0.500000
289	0.434783
290	0.500000
291	0.500000
292	0.500000
293	0.355385
294	0.500000
295	0.381944
296	0.394737
297	0.341463
298	0.500000
299	0.500000
300	0.500000
301	0.500000
302	0.500000
303	0.500000
304	0.500000
305	0.417722
306	0.500000
307	0.500000
308	0.500000
309	0.416667
310	0.500000
311	0.434783
312	0.500000
313	0.405797
314	0.500000
315	0.500000
316	0.500000
317	0.411765
318	0.500000
319	0.500000
320	0.500000
321	0.500000
322	0.500000
323	0.500000
324	0.500000
325	0.500000
326	0.428571
327	0.500000
328	0.500000
329	0.500000
330	0.500000
331	0.400000
332	0.500000
333	0.500000
334	0.500000
335	0.500000
336	0.500000
337	0.500000
338	0.424242
339	0.454545
340	0.500000
341	0.500000
342	0.500000
343	0.443182
344	0.441176
345	0.373333
346	0.500000
347	0.375000
348	0.354839
349	0.500000
350	0.416667
351	0.481481
352	0.487239
353	0.306998
354	0.394737
355	0.500000
356	0.500000
357	0.441176
358	0.500000
359	0.500000
360	0.418605
361	0.500000
362	0.500000
363	0.437500
364	0.500000
365	0.500000
366	0.500000
367	0.500000
368	0.500000
369	0.500000
370	0.500000
371	0.500000
372	0.428571
373	0.500000
374	0.395604
375	0.500000
376	0.500000
377	0.500000
378	0.500000
379	0.500000
380	0.500000
381	0.500000
382	0.500000
383	0.500000
384	0.467066
385	0.500000
386	0.500000
387	0.500000
388	0.424328
389	0.500000
390	0.500000
391	0.416667
392	0.500000
393	0.428571
394	0.500000
395	0.500000
396	0.416667
397	0.500000
398	0.500000
399	0.434783
400	0.372340
401	0.500000
402	0.428571
403	0.500000
404	0.434783
405	0.308219
406	0.500000
407	0.441176
408	0.500000
409	0.455696
410	0.500000
411	0.428571
412	0.500000
413	0.500000
414	0.500000
415	0.500000
416	0.500000
417	0.468750
418	0.500000
419	0.500000
420	0.500000
421	0.500000
422	0.500000
423	0.403309
424	0.500000
425	0.500000
426	0.500000
427	0.500000
428	0.500000
429	0.500000
430	0.500000
431	0.428571
432	0.500000
433	0.500000
434	0.500000
435	0.500000
436	0.428571
437	0.500000
438	0.500000
439	0.500000
440	0.500000
441	0.500000
442	0.500000
443	0.500000
444	0.500000
445	0.500000
446	0.500000
447	0.500000
448	0.500000
449	0.500000
450	0.500000
451	0.357143
452	0.500000
453	0.483871
454	0.500000
455	0.500000
456	0.500000
457	0.416667
458	0.500000
459	0.476190
460	0.500000
461	0.384998
462	0.434783
463	0.416667
464	0.394737
465	0.356436
466	0.428571
467	0.500000
468	0.403846
469	0.500000
470	0.461538
471	0.500000
472	0.500000
473	0.461538
474	0.500000
475	0.500000
476	0.405405
477	0.466667
478	0.500000
479	0.376176
480	0.416667
481	0.388889
482	0.500000
483	0.500000
484	0.500000
485	0.500000
486	0.450000
487	0.409091
488	0.381818
489	0.500000
490	0.500000
491	0.411765
492	0.437500
493	0.428571
494	0.500000
495	0.500000
496	0.452055
497	0.500000
498	0.500000
499	0.500000
500	0.500000
501	0.500000
502	0.500000
503	0.500000
504	0.500000
505	0.428571
506	0.500000
507	0.500000
508	0.500000
509	0.500000
510	0.382979
511	0.500000
512	0.500000
513	0.413793
514	0.500000
515	0.500000
516	0.428571
517	0.339552
518	0.382166
519	0.500000
520	0.428571
521	0.500000
522	0.500000
523	0.434783
524	0.500000
525	0.428571
526	0.500000
527	0.500000
528	0.500000
529	0.500000
530	0.500000
531	0.398230
532	0.428571
533	0.500000
534	0.500000
535	0.500000
536	0.500000
537	0.368421
538	0.411765
539	0.343840
540	0.500000
541	0.500000
542	0.428571
543	0.500000
544	0.500000
545	0.350000
546	0.500000
547	0.500000
548	0.500000
549	0.428571
550	0.428571
551	0.500000
552	0.500000
553	0.500000
554	0.423529
555	0.500000
556	0.417910
557	0.500000
558	0.441176
559	0.500000
560	0.500000
561	0.456522
562	0.416667
563	0.428571
564	0.500000
565	0.500000
566	0.430769
567	0.500000
568	0.466667
569	0.500000
570	0.500000
571	0.500000
572	0.500000
573	0.500000
574	0.500000
575	0.500000
576	0.500000
577	0.500000
578	0.500000
579	0.500000
580	0.500000
581	0.500000
582	0.500000
583	0.500000
584	0.500000
585	0.500000
586	0.500000
587	0.468750
588	0.500000
589	0.469072
590	0.388889
591	0.500000
592	0.500000
593	0.411765
594	0.500000
595	0.500000
596	0.500000
597	0.500000
598	0.500000
599	0.378151
600	0.474576
601	0.398230
602	0.500000
603	0.403846
604	0.477273
605	0.500000
606	0.500000
607	0.500000
608	0.500000
609	0.438395
610	0.500000
611	0.416667
612	0.500000
613	0.500000
614	0.500000
615	0.454545
616	0.500000
617	0.500000
618	0.358974
619	0.500000
620	0.500000
621	0.500000
622	0.333333
623	0.391304
624	0.357143
625	0.500000
626	0.500000
627	0.381944
628	0.341615
629	0.500000
630	0.500000
631	0.500000
632	0.500000
633	0.500000
634	0.500000
635	0.500000
636	0.500000
637	0.500000
638	0.500000
639	0.500000
640	0.500000
641	0.500000
642	0.362069
643	0.500000
644	0.500000
645	0.416667
646	0.500000
647	0.500000
648	0.329887
649	0.428571
650	0.368852
651	0.395683
652	0.441176
653	0.500000
654	0.500000
655	0.368421
656	0.428571
657	0.500000
658	0.394737
659	0.500000
660	0.416667
661	0.413793
662	0.500000
663	0.500000
664	0.400000
665	0.500000
666	0.413793
667	0.500000
668	0.454545
669	0.500000
670	0.467532
671	0.357143
672	0.500000
673	0.500000
674	0.500000
675	0.500000
676	0.416667
677	0.500000
678	0.416667
679	0.434783
680	0.476190
681	0.500000
682	0.428571
683	0.500000
684	0.500000
685	0.500000
686	0.395604
687	0.500000
688	0.500000
689	0.437500
690	0.454545
691	0.500000
692	0.319767
693	0.500000
694	0.500000
695	0.500000
696	0.500000
697	0.500000
698	0.454545
699	0.434783
700	0.500000
701	0.411765
702	0.385965
703	0.500000
704	0.500000
705	0.441176
706	0.441176
707	0.500000
708	0.500000
709	0.500000
710	0.500000
711	0.461538
712	0.500000
713	0.500000
714	0.434783
715	0.428571
716	0.416667
717	0.500000
718	0.500000
719	0.473868
720	0.405405
721	0.500000
722	0.500000
723	0.500000
724	0.500000
725	0.420000
726	0.500000
727	0.407407
728	0.500000
729	0.500000
730	0.500000
731	0.500000
732	0.416667
733	0.416667
734	0.500000
735	0.428571
736	0.333333
737	0.500000
738	0.500000
739	0.500000
740	0.500000
741	0.500000
742	0.428571
743	0.500000
744	0.500000
745	0.500000
746	0.500000
747	0.500000
748	0.500000
749	0.500000
750	0.500000
751	0.500000
752	0.400000
753	0.461538
754	0.500000
755	0.500000
756	0.500000
757	0.500000
758	0.500000
759	0.434783
760	0.500000
761	0.500000
762	0.500000
763	0.500000
764	0.500000
765	0.394737
766	0.423077
767	0.500000
768	0.401575
769	0.428571
770	0.416667
771	0.500000
772	0.383562
773	0.462185
774	0.500000
775	0.500000
776	0.500000
777	0.446809
778	0.500000
779	0.500000
780	0.500000
781	0.500000
782	0.415842
783	0.500000
784	0.466667
785	0.500000
786	0.459184
787	0.500000
788	0.412698
789	0.370787
790	0.500000
791	0.500000
792	0.384615
793	0.500000
794	0.500000
795	0.387097
796	0.500000
797	0.500000
798	0.379310
799	0.500000
800	0.500000
801	0.500000
802	0.500000
803	0.500000
804	0.387931
805	0.500000
806	0.500000
807	0.500000
808	0.441176
809	0.500000
810	0.500000
811	0.500000
812	0.416667
813	0.500000
814	0.500000
815	0.500000
816	0.500000
817	0.327273
818	0.451613
819	0.454545
820	0.441176
821	0.500000
822	0.500000
823	0.500000
824	0.434783
825	0.500000
826	0.370370
827	0.500000
828	0.500000
829	0.421622
830	0.342857
831	0.500000
832	0.479452
833	0.500000
834	0.500000
835	0.500000
836	0.500000
837	0.354430
838	0.500000
839	0.423077
840	0.428571
841	0.500000
842	0.500000
843	0.500000
844	0.500000
845	0.500000
846	0.456140
847	0.312500
848	0.446809
849	0.420000
850	0.441176
851	0.500000
852	0.500000
853	0.500000
854	0.500000
855	0.500000
856	0.500000
857	0.375000
858	0.416667
859	0.500000
860	0.500000
861	0.395683
862	0.500000
863	0.500000
864	0.500000
865	0.500000
866	0.352713
867	0.500000
868	0.500000
869	0.500000
870	0.500000
871	0.339806
872	0.500000
873	0.428571
874	0.500000
875	0.500000
876	0.428571
877	0.500000
878	0.500000
879	0.500000
880	0.461538
881	0.500000
882	0.500000
883	0.500000
884	0.500000
885	0.500000
886	0.500000
887	0.500000
888	0.500000
889	0.500000
890	0.500000
891	0.500000
892	0.500000
893	0.441176
894	0.500000
895	0.500000
896	0.500000
897	0.500000
898	0.500000
899	0.416667
900	0.500000
901	0.416667
902	0.450000
903	0.440000
904	0.500000
905	0.428571
906	0.476190
907	0.500000
908	0.500000
909	0.500000
910	0.500000
911	0.500000
912	0.461538
913	0.500000
914	0.500000
915	0.500000
916	0.436508
917	0.500000
918	0.500000
919	0.500000
920	0.420000
921	0.500000
922	0.500000
923	0.500000
924	0.500000
925	0.500000
926	0.500000
927	0.428571
928	0.500000
929	0.500000
930	0.500000
931	0.500000
932	0.500000
933	0.500000
934	0.455696
935	0.428571
936	0.416667
937	0.500000
938	0.500000
939	0.500000
940	0.500000
941	0.500000
942	0.500000
943	0.500000
944	0.500000
945	0.500000
946	0.500000
947	0.500000
948	0.500000
949	0.500000
950	0.500000
951	0.500000
952	0.396642
953	0.500000
954	0.428571
955	0.461538
956	0.500000
957	0.500000
958	0.349515
959	0.500000
960	0.500000
961	0.410448
962	0.500000
963	0.500000
964	0.500000
965	0.500000
966	0.370370
967	0.500000
968	0.500000
969	0.500000
970	0.500000
971	0.500000
972	0.500000
973	0.500000
974	0.500000
975	0.500000
976	0.500000
977	0.388889
978	0.500000
979	0.500000
980	0.500000
981	0.441176
982	0.500000
983	0.476190
984	0.500000
985	0.416667
986	0.410156
987	0.500000
988	0.416667
989	0.500000
990	0.500000
991	0.500000
992	0.500000
993	0.500000
994	0.500000
995	0.428571
996	0.446809
997	0.434783
998	0.500000
999	0.500000
1000	0.500000
1001	0.411765
1002	0.381818
1003	0.500000
1004	0.500000
1005	0.434783
1006	0.500000
1007	0.500000
1008	0.500000
1009	0.500000
1010	0.434783
1011	0.500000
1012	0.500000
1013	0.500000
1014	0.476190
1015	0.500000
1016	0.500000
1017	0.428571
1018	0.500000
1019	0.500000
1020	0.500000
1021	0.428571
1022	0.500000
1023	0.500000
1024	0.394366
1025	0.500000
1026	0.500000
1027	0.416667
1028	0.500000
1029	0.500000
1030	0.500000
1031	0.500000
1032	0.500000
1033	0.500000
1034	0.441176
1035	0.500000
1036	0.500000
1037	0.500000
1038	0.500000
1039	0.500000
1040	0.500000
1041	0.500000
1042	0.500000
1043	0.500000
1044	0.500000
1045	0.500000
1046	0.500000
1047	0.395604
1048	0.500000
1049	0.500000
1050	0.500000
1051	0.500000
1052	0.500000
1053	0.500000
1054	0.500000
1055	0.500000
1056	0.391304
1057	0.382979
1058	0.424242
1059	0.439815
1060	0.500000
1061	0.500000
1062	0.500000
1063	0.500000
1064	0.416667
1065	0.500000
1066	0.500000
1067	0.500000
1068	0.500000
1069	0.500000
1070	0.500000
1071	0.500000
1072	0.500000
1073	0.500000
1074	0.500000
1075	0.500000
1076	0.500000
1077	0.500000
1078	0.500000
1079	0.500000
1080	0.500000
1081	0.500000
1082	0.500000
1083	0.500000
1084	0.441176
1085	0.500000
1086	0.500000
1087	0.500000
1088	0.436893
1089	0.500000
1090	0.411765
1091	0.500000
1092	0.500000
1093	0.500000
1094	0.413793
1095	0.441176
1096	0.434783
1097	0.500000
1098	0.500000
1099	0.500000
1100	0.500000
1101	0.500000
1102	0.411765
1103	0.500000
1104	0.500000
1105	0.500000
1106	0.500000
1107	0.428571
1108	0.500000
1109	0.500000
1110	0.500000
1111	0.500000
1112	0.500000
1113	0.461538
1114	0.428571
1115	0.500000
1116	0.500000
1117	0.500000
1118	0.500000
1119	0.500000
1120	0.500000
1121	0.500000
1122	0.500000
1123	0.500000
1124	0.500000
1125	0.416667
1126	0.500000
1127	0.500000
1128	0.428571
1129	0.500000
1130	0.500000
1131	0.500000
1132	0.500000
1133	0.437500
1134	0.500000
1135	0.500000
1136	0.500000
1137	0.440000
1138	0.500000
1139	0.412500
1140	0.500000
1141	0.500000
1142	0.500000
1143	0.500000
1144	0.500000
1145	0.500000
1146	0.500000
1147	0.500000
1148	0.500000
1149	0.500000
1150	0.500000
1151	0.500000
1152	0.428571
1153	0.500000
1154	0.428571
1155	0.500000
1156	0.500000
1157	0.500000
1158	0.500000
1159	0.428571
1160	0.500000
1161	0.500000
1162	0.500000
1163	0.500000
1164	0.500000
1165	0.500000
1166	0.500000
1167	0.500000
1168	0.352564
1169	0.434783
1170	0.500000
1171	0.500000
1172	0.500000
1173	0.500000
1174	0.500000
1175	0.500000
1176	0.500000
1177	0.500000
1178	0.500000
1179	0.500000
1180	0.500000
1181	0.500000
1182	0.500000
1183	0.500000
1184	0.461538
1185	0.500000
1186	0.500000
1187	0.500000
1188	0.500000
1189	0.416667
1190	0.441176
1191	0.317919
1192	0.500000
1193	0.500000
1194	0.500000
1195	0.416667
1196	0.500000
1197	0.500000
1198	0.428571
1199	0.500000
1200	0.500000
1201	0.500000
1202	0.500000
1203	0.500000
1204	0.500000
1205	0.500000
1206	0.500000
1207	0.500000
1208	0.500000
1209	0.500000
1210	0.500000
1211	0.500000
1212	0.500000
1213	0.500000
1214	0.500000
1215	0.500000
1216	0.500000
1217	0.500000
1218	0.500000
1219	0.500000
1220	0.500000
1221	0.500000
1222	0.500000
1223	0.500000
1224	0.500000
1225	0.500000
1226	0.500000
1227	0.500000
1228	0.500000
1229	0.500000
1230	0.500000
1231	0.500000
1232	0.421622
1233	0.500000
1234	0.500000
1235	0.500000
1236	0.405405
1237	0.500000
1238	0.500000
1239	0.500000
1240	0.500000
1241	0.428571
1242	0.500000
1243	0.500000
1244	0.500000
1245	0.500000
1246	0.349515
1247	0.428571
1248	0.500000
1249	0.456522
1250	0.500000
1251	0.400000
1252	0.500000
1253	0.500000
1254	0.413793
1255	0.416667
1256	0.428571
1257	0.500000
1258	0.500000
1259	0.500000
1260	0.500000
1261	0.378947
1262	0.500000
1263	0.500000
1264	0.444444
1265	0.500000
1266	0.500000
1267	0.500000
1268	0.500000
1269	0.500000
1270	0.500000
1271	0.428571
1272	0.392857
1273	0.500000
1274	0.428571
1275	0.500000
1276	0.441176
1277	0.411765
1278	0.500000
1279	0.416667
1280	0.388889
1281	0.500000
1282	0.344828
1283	0.500000
1284	0.459184
1285	0.500000
1286	0.500000
1287	0.500000
1288	0.500000
1289	0.500000
1290	0.500000
1291	0.500000
1292	0.500000
1293	0.500000
1294	0.428571
1295	0.500000
1296	0.500000
1297	0.500000
1298	0.500000
1299	0.476190
1300	0.500000
1301	0.500000
1302	0.500000
1303	0.500000
1304	0.500000
1305	0.500000
1306	0.500000
1307	0.336538
1308	0.451613
1309	0.500000
1310	0.500000
1311	0.417722
1312	0.500000
1313	0.500000
1314	0.500000
1315	0.428571
1316	0.500000
1317	0.289963
1318	0.500000
1319	0.418605
1320	0.500000
1321	0.500000
1322	0.433333
1323	0.451613
1324	0.500000
1325	0.500000
1326	0.500000
1327	0.500000
1328	0.500000
1329	0.500000
1330	0.500000
1331	0.392157
1332	0.500000
1333	0.500000
1334	0.500000
1335	0.500000
1336	0.500000
1337	0.500000
1338	0.500000
1339	0.500000
1340	0.500000
1341	0.500000
1342	0.500000
1343	0.500000
1344	0.500000
1345	0.500000
1346	0.500000
1347	0.500000
1348	0.500000
1349	0.500000
1350	0.500000
1351	0.396226
1352	0.500000
1353	0.500000
1354	0.500000
1355	0.500000
1356	0.500000
1357	0.500000
1358	0.500000
1359	0.500000
1360	0.500000
1361	0.500000
1362	0.500000
1363	0.500000
1364	0.500000
1365	0.500000
1366	0.500000
1367	0.500000
1368	0.500000
1369	0.500000
1370	0.500000
1371	0.500000
1372	0.434783
1373	0.500000
1374	0.500000
1375	0.459016
1376	0.500000
1377	0.367925
1378	0.500000
1379	0.500000
1380	0.500000
1381	0.500000
1382	0.428571
1383	0.500000
1384	0.500000
1385	0.500000
1386	0.500000
1387	0.500000
1388	0.500000
1389	0.500000
1390	0.500000
1391	0.500000
1392	0.500000
1393	0.500000
1394	0.500000
1395	0.500000
1396	0.500000
1397	0.500000
1398	0.500000
1399	0.500000
1400	0.388060
1401	0.500000
1402	0.500000
1403	0.500000
1404	0.500000
1405	0.500000
1406	0.500000
1407	0.500000
1408	0.500000
1409	0.500000
1410	0.500000
1411	0.400000
1412	0.428571
1413	0.500000
1414	0.500000
1415	0.500000
1416	0.428571
1417	0.434783
1418	0.446809
1419	0.500000
1420	0.500000
1421	0.500000
1422	0.500000
1423	0.411765
1424	0.500000
1425	0.500000
1426	0.500000
1427	0.500000
1428	0.500000
1429	0.500000
1430	0.500000
1431	0.500000
1432	0.461538
1433	0.446809
1434	0.468750
1435	0.500000
1436	0.500000
1437	0.500000
1438	0.500000
1439	0.500000
1440	0.431373
1441	0.417112
1442	0.500000
1443	0.500000
1444	0.500000
1445	0.428571
1446	0.500000
1447	0.378378
1448	0.500000
1449	0.500000
1450	0.500000
1451	0.500000
1452	0.500000
1453	0.500000
1454	0.500000
1455	0.409091
1456	0.500000
1457	0.500000
1458	0.500000
1459	0.500000
1460	0.379167
1461	0.500000
1462	0.500000
1463	0.500000
1464	0.500000
1465	0.500000
1466	0.500000
1467	0.500000
1468	0.500000
1469	0.500000
1470	0.428571
1471	0.432692
1472	0.500000
1473	0.500000
1474	0.416667
1475	0.500000
1476	0.500000
1477	0.500000
1478	0.500000
1479	0.500000
1480	0.500000
1481	0.441176
1482	0.500000
1483	0.500000
1484	0.500000
1485	0.500000
1486	0.500000
1487	0.500000
1488	0.371429
1489	0.334928
1490	0.500000
1491	0.500000
1492	0.500000
1493	0.500000
1494	0.500000
1495	0.500000
1496	0.500000
1497	0.500000
1498	0.403846
1499	0.500000
1500	0.420000
1501	0.416667
1502	0.500000
1503	0.500000
1504	0.500000
1505	0.500000
1506	0.500000
1507	0.468750
1508	0.500000
1509	0.500000
1510	0.500000
1511	0.500000
1512	0.500000
1513	0.500000
1514	0.500000
1515	0.437500
1516	0.500000
1517	0.500000
1518	0.500000
1519	0.500000
1520	0.476190
1521	0.434783
1522	0.500000
1523	0.500000
1524	0.500000
1525	0.500000
1526	0.500000
1527	0.378151
1528	0.500000
1529	0.500000
1530	0.500000
1531	0.428571
1532	0.500000
1533	0.500000
1534	0.500000
1535	0.437500
1536	0.500000
1537	0.500000
1538	0.500000
1539	0.500000
1540	0.500000
1541	0.500000
1542	0.500000
1543	0.500000
1544	0.500000
1545	0.500000
1546	0.500000
1547	0.440000
1548	0.500000
1549	0.500000
1550	0.444444
1551	0.500000
1552	0.367133
1553	0.500000
1554	0.500000
1555	0.500000
1556	0.500000
1557	0.500000
1558	0.500000
1559	0.500000
1560	0.500000
1561	0.500000
1562	0.500000
1563	0.500000
1564	0.500000
1565	0.500000
1566	0.500000
1567	0.500000
1568	0.500000
1569	0.416667
1570	0.500000
1571	0.500000
1572	0.500000
1573	0.500000
1574	0.500000
1575	0.500000
1576	0.500000
1577	0.446809
1578	0.441176
1579	0.500000
1580	0.428571
1581	0.500000
1582	0.500000
1583	0.500000
1584	0.500000
1585	0.500000
1586	0.500000
1587	0.500000
1588	0.500000
1589	0.500000
1590	0.500000
1591	0.500000
1592	0.500000
1593	0.428571
1594	0.500000
1595	0.500000
1596	0.500000
1597	0.459016
1598	0.500000
1599	0.500000
1600	0.500000
1601	0.500000
1602	0.500000
1603	0.500000
1604	0.500000
1605	0.500000
1606	0.500000
1607	0.500000
1608	0.500000
1609	0.500000
1610	0.500000
1611	0.500000
1612	0.500000
1613	0.500000
1614	0.428571
1615	0.416667
1616	0.500000
1617	0.454545
1618	0.500000
1619	0.500000
1620	0.500000
1621	0.500000
1622	0.500000
1623	0.416667
1624	0.500000
1625	0.500000
1626	0.500000
1627	0.500000
1628	0.500000
1629	0.500000
1630	0.500000
1631	0.500000
1632	0.500000
1633	0.500000
1634	0.500000
1635	0.500000
1636	0.500000
1637	0.500000
1638	0.500000
1639	0.500000
1640	0.500000
1641	0.500000
1642	0.456522
1643	0.500000
1644	0.500000
1645	0.500000
1646	0.500000
1647	0.500000
1648	0.500000
1649	0.500000
1650	0.500000
1651	0.500000
1652	0.500000
1653	0.500000
1654	0.500000
1655	0.437500
1656	0.500000
1657	0.500000
1658	0.500000
1659	0.500000
1660	0.500000
1661	0.500000
1662	0.456522
1663	0.500000
1664	0.500000
1665	0.441176
1666	0.500000
1667	0.500000
1668	0.500000
1669	0.500000
1670	0.500000
1671	0.451613
1672	0.500000
1673	0.500000
1674	0.500000
1675	0.500000
1676	0.500000
1677	0.500000
1678	0.500000
1679	0.500000
1680	0.500000
1681	0.500000
1682	0.500000
1683	0.456522
1684	0.500000
1685	0.500000
1686	0.500000
1687	0.500000
1688	0.500000
1689	0.500000
1690	0.500000
1691	0.500000
1692	0.500000
1693	0.500000
1694	0.500000
1695	0.456522
1696	0.500000
1697	0.500000
1698	0.500000
1699	0.500000
1700	0.500000
1701	0.500000
1702	0.500000
1703	0.500000
1704	0.500000
1705	0.500000
1706	0.500000
1707	0.500000
1708	0.500000
1709	0.500000
1710	0.500000
1711	0.500000
1712	0.500000
1713	0.500000
1714	0.500000
1715	0.500000
1716	0.411765
1717	0.500000
1718	0.500000
1719	0.500000
1720	0.409091
1721	0.500000
1722	0.500000
1723	0.500000
1724	0.500000
1725	0.500000
1726	0.500000
1727	0.500000
1728	0.500000
1729	0.500000
1730	0.500000
1731	0.500000
1732	0.500000
1733	0.500000
1734	0.459016
1735	0.500000
1736	0.500000
1737	0.500000
1738	0.375000
1739	0.500000
1740	0.500000
1741	0.500000
1742	0.500000
1743	0.500000
1744	0.500000
1745	0.500000
1746	0.500000
1747	0.500000
1748	0.500000
1749	0.500000
1750	0.500000
1751	0.500000
1752	0.500000
1753	0.500000
1754	0.500000
1755	0.500000
1756	0.500000
1757	0.500000
1758	0.500000
1759	0.500000
1760	0.500000
1761	0.500000
1762	0.500000
1763	0.500000
1764	0.500000
1765	0.500000
1766	0.500000
1767	0.416667
1768	0.500000
1769	0.500000
1770	0.500000
1771	0.500000
1772	0.500000
1773	0.500000
1774	0.500000
1775	0.500000
1776	0.500000
1777	0.500000
1778	0.500000
1779	0.500000
1780	0.500000
1781	0.500000
1782	0.500000
1783	0.500000
1784	0.500000
1785	0.500000
1786	0.500000
1787	0.500000
1788	0.500000
1789	0.500000
1790	0.500000
1791	0.500000
1792	0.500000
1793	0.500000
1794	0.500000
1795	0.461538
1796	0.500000
1797	0.500000
1798	0.500000
1799	0.500000
1800	0.500000
1801	0.500000
1802	0.500000
1803	0.500000
1804	0.500000
1805	0.500000
1806	0.500000
1807	0.424242
1808	0.500000
1809	0.500000
1810	0.500000
1811	0.500000
1812	0.500000
1813	0.500000
1814	0.500000
1815	0.500000
1816	0.500000
1817	0.500000
1818	0.500000
1819	0.500000
1820	0.500000
1821	0.500000
1822	0.500000
1823	0.500000
1824	0.500000
1825	0.500000
1826	0.500000
1827	0.500000
1828	0.500000
1829	0.500000
1830	0.500000
1831	0.500000
1832	0.500000
1833	0.500000
1834	0.500000
1835	0.500000
1836	0.500000
1837	0.500000
1838	0.500000
1839	0.500000
1840	0.500000
1841	0.500000
1842	0.500000
1843	0.500000
1844	0.500000
1845	0.500000
1846	0.500000
1847	0.500000
1848	0.428571
1849	0.500000
1850	0.500000
1851	0.500000
1852	0.500000
1853	0.500000
1854	0.500000
1855	0.500000
1856	0.500000
1857	0.500000
1858	0.500000
1859	0.500000
1860	0.500000
1861	0.500000
1862	0.428571
1863	0.500000
1864	0.500000
1865	0.500000
1866	0.500000
1867	0.500000
1868	0.500000
1869	0.500000
1870	0.500000
1871	0.500000
1872	0.500000
1873	0.461538
1874	0.500000
1875	0.500000
1876	0.500000
1877	0.500000
1878	0.500000
1879	0.500000
1880	0.500000
1881	0.500000
1882	0.500000
1883	0.500000
1884	0.500000
1885	0.500000
1886	0.500000
1887	0.500000
1888	0.500000
1889	0.500000
1890	0.500000
1891	0.500000
1892	0.500000
1893	1.000000
1894	1.000000
1895	1.000000
1896	1.000000
1897	1.000000
1898	1.000000
1899	1.000000
1900	1.000000
1901	1.000000
1902	1.000000
1903	1.000000
1904	1.000000
1905	1.000000
1906	1.000000
1907	1.000000
1908	1.000000
1909	1.000000
1910	1.000000
1911	1.000000
1912	1.000000
1913	1.000000
1914	1.000000
1915	1.000000
1916	1.000000
1917	1.000000
1918	1.000000
1919	1.000000
1920	1.000000
1921	1.000000
1922	1.000000
1923	1.000000
1924	1.000000
1925	1.000000
1926	1.000000
1927	1.000000
1928	1.000000
1929	1.000000
1930	1.000000
1931	1.000000
1932	1.000000
1933	1.000000
1934	1.000000
1935	1.000000
1936	1.000000
1937	1.000000
1938	1.000000
1939	1.000000
1940	1.000000
1941	1.000000
1942	1.000000
1943	1.000000
1944	1.000000
1945	1.000000
1946	1.000000
1947	1.000000
1948	1.000000
1949	1.000000
1950	1.000000
1951	1.000000
1952	1.000000
1953	1.000000
1954	1.000000
1955	1.000000
1956	1.000000
1957	1.000000
1958	1.000000
1959	1.000000
1960	1.000000
1961	1.000000
1962	1.000000
1963	1.000000
1964	1.000000
1965	1.000000
1966	1.000000
1967	1.000000
1968	1.000000
1969	1.000000
1970	1.000000
1971	1.000000
1972	1.000000
1973	1.000000
1974	1.000000
1975	1.000000
1976	1.000000
1977	1.000000
1978	1.000000
1979	1.000000
1980	1.000000
1981	1.000000
1982	1.000000
1983	1.000000
1984	1.000000
1985	1.000000
1986	1.000000
1987	1.000000
1988	1.000000
1989	1.000000
1990	1.000000
1991	1.000000
1992	1.000000
1993	1.000000
1994	1.000000
1995	1.000000
1996	1.000000
1997	1.000000
1998	1.000000
1999	1.000000
2000	1.000000
2001	1.000000
2002	1.000000
2003	1.000000
2004	1.000000
2005	1.000000
2006	1.000000
2007	1.000000
2008	1.000000
2009	1.000000
2010	1.000000
2011	1.000000
2012	1.000000
2013	1.000000
2014	1.000000
2015	1.000000
2016	1.000000
2017	1.000000
2018	1.000000
2019	1.000000
2020	1.000000
2021	1.000000
2022	1.000000
2023	1.000000
2024	1.000000
2025	1.000000
2026	1.000000
2027	1.000000
2028	1.000000
2029	1.000000
2030	1.000000
2031	1.000000
2032	1.000000
2033	1.000000
2034	1.000000
2035	1.000000
2036	1.000000
2037	1.000000
2038	1.000000
2039	1.000000
2040	1.000000
2041	1.000000
2042	1.000000
2043	1.000000
2044	1.000000
2045	1.000000
2046	1.000000
2047	1.000000
2048	1.000000
2049	1.000000
2050	1.000000
2051	1.000000
2052	1.000000
2053	1.000000
2054	1.000000
2055	1.000000
2056	1.000000
2057	1.000000
2058	1.000000
2059	1.000000
2060	1.000000
2061	1.000000
2062	1.000000
2063	1.000000
2064	1.000000
2065	1.000000
2066	1.000000
2067	1.000000
2068	1.000000
2069	1.000000
2070	1.000000
2071	1.000000
2072	1.000000
2073	1.000000
2074	1.000000
2075	1.000000
2076	1.000000
2077	1.000000
2078	1.000000
2079	1.000000
2080	1.000000
2081	1.000000
2082	1.000000
2083	1.000000
2084	1.000000
2085	1.000000
2086	1.000000
2087	1.000000
2088	1.000000
2089	1.000000
2090	1.000000
2091	1.000000
2092	1.000000
2093	1.000000
2094	1.000000
2095	1.000000
2096	1.000000
2097	1.000000
2098	1.000000
2099	1.000000
2100	1.000000
2101	1.000000
2102	1.000000
2103	1.000000
2104	1.000000
2105	1.000000
2106	1.000000
2107	1.000000
2108	1.000000
2109	1.000000
2110	1.000000
2111	1.000000
2112	1.000000
2113	1.000000
2114	1.000000
2115	1.000000
2116	1.000000
2117	1.000000
2118	1.000000
2119	1.000000
2120	1.000000
2121	1.000000
2122	1.000000
2123	1.000000
2124	1.000000
2125	1.000000
2126	1.000000
2127	1.000000
2128	1.000000
2129	1.000000
2130	1.000000
2131	1.000000
2132	1.000000
2133	1.000000
2134	1.000000
2135	1.000000
2136	1.000000
2137	1.000000
2138	1.000000
2139	1.000000
2140	1.000000
2141	1.000000
2142	1.000000
2143	1.000000
2144	1.000000
2145	1.000000
2146	1.000000
2147	1.000000
2148	1.000000
2149	1.000000
2150	1.000000
2151	1.000000
2152	1.000000
2153	1.000000
2154	1.000000
2155	1.000000
2156	1.000000
2157	1.000000
2158	1.000000
2159	1.000000
2160	1.000000
2161	1.000000
2162	1.000000
2163	1.000000
2164	1.000000
2165	1.000000
2166	1.000000
2167	1.000000
2168	1.000000
2169	1.000000
2170	1.000000
2171	1.000000
2172	1.000000
2173	1.000000
2174	1.000000
2175	1.000000
2176	1.000000
2177	1.000000
2178	1.000000
2179	1.000000
2180	1.000000
2181	1.000000
2182	1.000000
2183	1.000000
2184	1.000000
2185	1.000000
2186	1.000000
2187	1.000000
2188	1.000000
2189	1.000000
2190	1.000000
2191	1.000000
2192	1.000000
2193	1.000000
2194	1.000000
2195	1.000000
2196	1.000000
2197	1.000000
2198	1.000000
2199	1.000000
2200	1.000000
2201	1.000000
2202	1.000000
2203	1.000000
2204	1.000000
2205	1.000000
2206	1.000000
2207	1.000000
2208	1.000000
2209	1.000000
2210	1.000000
2211	1.000000
2212	1.000000
2213	1.000000
2214	1.000000
2215	1.000000
2216	1.000000
2217	1.000000
2218	1.000000
2219	1.000000
2220	1.000000
2221	1.000000
2222	1.000000
2223	1.000000
2224	1.000000
2225	1.000000
2226	1.000000
2227	1.000000
2228	1.000000
2229	1.000000
2230	1.000000
2231	1.000000
2232	1.000000
2233	1.000000
2234	1.000000
2235	1.000000
2236	1.000000
2237	1.000000
2238	1.000000
2239	1.000000
2240	1.000000
2241	1.000000
2242	1.000000
2243	1.000000
2244	1.000000
2245	1.000000
2246	1.000000
2247	1.000000
2248	1.000000
2249	1.000000
2250	1.000000
2251	1.000000
2252	1.000000
2253	1.000000
2254	1.000000
2255	1.000000
2256	1.000000
2257	1.000000
2258	1.000000
2259	1.000000
2260	1.000000
2261	1.000000
2262	1.000000
2263	1.000000
2264	1.000000
2265	1.000000
2266	1.000000
2267	1.000000
2268	1.000000
2269	1.000000
2270	1.000000
2271	1.000000
2272	1.000000
2273	1.000000
2274	1.000000
2275	1.000000
2276	1.000000
2277	1.000000
2278	1.000000
2279	1.000000
2280	1.000000
2281	1.000000
2282	1.000000
2283	1.000000
2284	1.000000
2285	1.000000
2286	1.000000
2287	1.000000
2288	1.000000
2289	1.000000
2290	1.000000
2291	1.000000
2292	1.000000
2293	1.000000
2294	1.000000
2295	1.000000
2296	1.000000
2297	1.000000
2298	1.000000
2299	1.000000
2300	1.000000
2301	1.000000
2302	1.000000
2303	1.000000
2304	1.000000
2305	1.000000
2306	1.000000
2307	1.000000
2308	1.000000
2309	1.000000
2310	1.000000
2311	1.000000
2312	1.000000
2313	1.000000
2314	1.000000
2315	1.000000
2316	1.000000
2317	1.000000
2318	1.000000
2319	1.000000
2320	1.000000
2321	1.000000
2322	1.000000
2323	1.000000
2324	1.000000
2325	1.000000
2326	1.000000
2327	1.000000
2328	1.000000
2329	1.000000
2330	1.000000
2331	1.000000
2332	1.000000
2333	1.000000
2334	1.000000
2335	1.000000
2336	1.000000
2337	1.000000
2338	1.000000
2339	1.000000
2340	1.000000
2341	1.000000
2342	1.000000
2343	1.000000
2344	1.000000
2345	1.000000
2346	1.000000
2347	1.000000
2348	1.000000
2349	1.000000
2350	1.000000
2351	1.000000
2352	1.000000
2353	1.000000
2354	1.000000
2355	1.000000
2356	1.000000
2357	1.000000
2358	1.000000
2359	1.000000
2360	1.000000
2361	1.000000
2362	1.000000
2363	1.000000
2364	1.000000
2365	1.000000
2366	1.000000
2367	1.000000
2368	1.000000
2369	1.000000
2370	1.000000
2371	1.000000
2372	1.000000
2373	1.000000
2374	1.000000
2375	1.000000
2376	1.000000
2377	1.000000
2378	1.000000
2379	1.000000
2380	1.000000
2381	1.000000
2382	1.000000
2383	1.000000
2384	1.000000
2385	1.000000
2386	1.000000
2387	1.000000
2388	1.000000
2389	1.000000
2390	1.000000
2391	1.000000
2392	1.000000
2393	1.000000
2394	1.000000
2395	1.000000
2396	1.000000
2397	1.000000
2398	1.000000
2399	1.000000
2400	1.000000
2401	1.000000
2402	1.000000
2403	1.000000
2404	1.000000
2405	1.000000
2406	1.000000
2407	1.000000
2408	1.000000
2409	1.000000
2410	1.000000
2411	1.000000
2412	1.000000
2413	1.000000
2414	1.000000
2415	1.000000
2416	1.000000
2417	1.000000
2418	1.000000
2419	1.000000
2420	1.000000
2421	1.000000
2422	1.000000
2423	1.000000
2424	1.000000
2425	1.000000
2426	1.000000
2427	1.000000
2428	1.000000
2429	1.000000
2430	1.000000
2431	1.000000
2432	1.000000
2433	1.000000
2434	1.000000
2435	1.000000
2436	1.000000
2437	1.000000
2438	1.000000
2439	1.000000
2440	1.000000
2441	1.000000
2442	1.000000
2443	1.000000
2444	1.000000
2445	1.000000
2446	1.000000
2447	1.000000
2448	1.000000
2449	1.000000
2450	1.000000
2451	1.000000
2452	1.000000
2453	1.000000
2454	1.000000
2455	1.000000
2456	1.000000
2457	1.000000
2458	1.000000
2459	1.000000
2460	1.000000
2461	1.000000
2462	1.000000
2463	1.000000
2464	1.000000
2465	1.000000
2466	1.000000
2467	1.000000
2468	1.000000
2469	1.000000
2470	1.000000
2471	1.000000
2472	1.000000
2473	1.000000
2474	1.000000
2475	1.000000
2476	1.000000
2477	1.000000
2478	1.000000
2479	1.000000
2480	1.000000
2481	1.000000
2482	1.000000
2483	1.000000
2484	1.000000
2485	1.000000
2486	1.000000
2487	1.000000
2488	1.000000
2489	1.000000
2490	1.000000
2491	1.000000
2492	1.000000
2493	1.000000
2494	1.000000
2495	1.000000
2496	1.000000
2497	1.000000
2498	1.000000
2499	1.000000
2500	1.000000
2501	1.000000
2502	1.000000
2503	1.000000
2504	1.000000
2505	1.000000
2506	1.000000
2507	1.000000
2508	1.000000
2509	1.000000
2510	1.000000
2511	1.000000
2512	1.000000
2513	1.000000
2514	1.000000
2515	1.000000
2516	1.000000
2517	1.000000
2518	1.000000
2519	1.000000
2520	1.000000
2521	1.000000
2522	1.000000
2523	1.000000
2524	1.000000
2525	1.000000
2526	1.000000
2527	1.000000
2528	1.000000
2529	1.000000
2530	1.000000
2531	1.000000
2532	1.000000
2533	1.000000
2534	1.000000
2535	1.000000
2536	1.000000
2537	1.000000
2538	1.000000
2539	1.000000
2540	1.000000
2541	1.000000
2542	1.000000
2543	1.000000
2544	1.000000
2545	1.000000
2546	1.000000
2547	1.000000
2548	1.000000
2549	1.000000
2550	1.000000
2551	1.000000
2552	1.000000
2553	1.000000
2554	1.000000
2555	1.000000
2556	1.000000
2557	1.000000
2558	1.000000
2559	1.000000
2560	1.000000
2561	1.000000
2562	1.000000
2563	1.000000
2564	1.000000
2565	1.000000
2566	1.000000
2567	1.000000
2568	1.000000
2569	1.000000
2570	1.000000
2571	1.000000
2572	1.000000
2573	1.000000
2574	1.000000
2575	1.000000
2576	1.000000
2577	1.000000
2578	1.000000
2579	1.000000
2580	1.000000
2581	1.000000
2582	1.000000
2583	1.000000
2584	1.000000
2585	1.000000
2586	1.000000
2587	1.000000
2588	1.000000
2589	1.000000
2590	1.000000
2591	1.000000
2592	1.000000
2593	1.000000
2594	1.000000
2595	1.000000
2596	1.000000
2597	1.000000
2598	1.000000
2599	1.000000
2600	1.000000
2601	1.000000
2602	1.000000
2603	1.000000
2604	1.000000
2605	1.000000
2606	1.000000
2607	1.000000
2608	1.000000
2609	1.000000
2610	1.000000
2611	1.000000
2612	1.000000
2613	1.000000
2614	1.000000
2615	1.000000
2616	1.000000
2617	1.000000
2618	1.000000
2619	1.000000
2620	1.000000
2621	1.000000
2622	1.000000
2623	1.000000
2624	1.000000
2625	1.000000
2626	1.000000
2627	1.000000
2628	1.000000
2629	1.000000
2630	1.000000
2631	1.000000
2632	1.000000
2633	1.000000
2634	1.000000
2635	1.000000
2636	1.000000
2637	1.000000
2638	1.000000
2639	1.000000
2640	1.000000
2641	1.000000
2642	1.000000
2643	1.000000
2644	1.000000
2645	1.000000
2646	1.000000
2647	1.000000
2648	1.000000
2649	1.000000
2650	1.000000
2651	1.000000
2652	1.000000
2653	1.000000
2654	1.000000
2655	1.000000
2656	1.000000
2657	1.000000
2658	1.000000
2659	1.000000
2660	1.000000
2661	1.000000
2662	1.000000
2663	1.000000
2664	1.000000
2665	1.000000
2666	1.000000
2667	1.000000
2668	1.000000
2669	1.000000
2670	1.000000
2671	1.000000
2672	1.000000
2673	1.000000
2674	1.000000
2675	1.000000
2676	1.000000
2677	1.000000
2678	1.000000
2679	1.000000
2680	1.000000
2681	1.000000
2682	1.000000
2683	1.000000
2684	1.000000
2685	1.000000
2686	1.000000
2687	1.000000
2688	1.000000
2689	1.000000
2690	1.000000
2691	1.000000
2692	1.000000
2693	1.000000
2694	1.000000
2695	1.000000
2696	1.000000
2697	1.000000
2698	1.000000
2699	1.000000
2700	1.000000
2701	1.000000
2702	1.000000
2703	1.000000
2704	1.000000
2705	1.000000
2706	1.000000
2707	1.000000
2708	1.000000
2709	1.000000
2710	1.000000
2711	1.000000
2712	1.000000
2713	1.000000
2714	1.000000
2715	1.000000
2716	1.000000
2717	1.000000
2718	1.000000
2719	1.000000
2720	1.000000
2721	1.000000
2722	1.000000
2723	1.000000
2724	1.000000
2725	1.000000
2726	1.000000
2727	1.000000
2728	1.000000
2729	1.000000
2730	1.000000
2731	1.000000
2732	1.000000
2733	1.000000
2734	1.000000
2735	1.000000
2736	1.000000
2737	1.000000
2738	1.000000
2739	1.000000
2740	1.000000
2741	1.000000
2742	1.000000
2743	1.000000
2744	1.000000
2745	1.000000
2746	1.000000
2747	1.000000
2748	1.000000
2749	1.000000
2750	1.000000
2751	1.000000
2752	1.000000
2753	1.000000
2754	1.000000
2755	1.000000
2756	1.000000
2757	1.000000
2758	1.000000
2759	1.000000
2760	1.000000
2761	1.000000
2762	1.000000
2763	1.000000
2764	1.000000
2765	1.000000
2766	1.000000
2767	1.000000
2768	1.000000
2769	1.000000
2770	1.000000
2771	1.000000
2772	1.000000
2773	1.000000
2774	1.000000
2775	1.000000
2776	1.000000
2777	1.000000
2778	1.000000
2779	1.000000
2780	1.000000
2781	1.000000
2782	1.000000
2783	1.000000
2784	1.000000
2785	1.000000
2786	1.000000
2787	1.000000
2788	1.000000
2789	1.000000
2790	1.000000
2791	1.000000
2792	1.000000
2793	1.000000
2794	1.000000
2795	1.000000
2796	1.000000
2797	1.000000
2798	1.000000
2799	1.000000
2800	1.000000
2801	1.000000
2802	1.000000
2803	1.000000
2804	1.000000
2805	1.000000
2806	1.000000
2807	1.000000
2808	1.000000
2809	1.000000
2810	1.000000
2811	1.000000
2812	1.000000
2813	1.000000
2814	1.000000
2815	1.000000
2816	1.000000
2817	1.000000
2818	1.000000
2819	1.000000
2820	1.000000
2821	1.000000
2822	1.000000
2823	1.000000
2824	1.000000
2825	1.000000
2826	1.000000
2827	1.000000
2828	1.000000
2829	1.000000
2830	1.000000
2831	1.000000
2832	1.000000
2833	1.000000
2834	1.000000
2835	1.000000
2836	1.000000
2837	1.000000
2838	1.000000
2839	1.000000
2840	1.000000
2841	1.000000
2842	1.000000
2843	1.000000
2844	1.000000
2845	1.000000
2846	1.000000
2847	1.000000
2848	1.000000
2849	1.000000
2850	1.000000
2851	1.000000
2852	1.000000
2853	1.000000
2854	1.000000
2855	1.000000
2856	1.000000
2857	1.000000
2858	1.000000
2859	1.000000
2860	1.000000
2861	1.000000
2862	1.000000
2863	1.000000
2864	1.000000
2865	1.000000
2866	1.000000
2867	1.000000
2868	1.000000
2869	1.000000
2870	1.000000
2871	1.000000
2872	1.000000
2873	1.000000
2874	1.000000
2875	1.000000
2876	1.000000
2877	1.000000
2878	1.000000
2879	1.000000
2880	1.000000
2881	1.000000
2882	1.000000
2883	1.000000
2884	1.000000
2885	1.000000
2886	1.000000
2887	1.000000
2888	1.000000
2889	1.000000
2890	1.000000
2891	1.000000
2892	1.000000
2893	1.000000
2894	1.000000
2895	1.000000
2896	1.000000
2897	1.000000
2898	1.000000
2899	1.000000
2900	1.000000
2901	1.000000
2902	1.000000
2903	1.000000
2904	1.000000
2905	1.000000
2906	1.000000
2907	1.000000
2908	1.000000
2909	1.000000
2910	1.000000
2911	1.000000
2912	1.000000
2913	1.000000
2914	1.000000
2915	1.000000
2916	1.000000
2917	1.000000
2918	1.000000
2919	1.000000
2920	1.000000
2921	1.000000
2922	1.000000
2923	1.000000
2924	1.000000
2925	1.000000
2926	1.000000
2927	1.000000
2928	1.000000
2929	1.000000
2930	1.000000
2931	1.000000
2932	1.000000
2933	1.000000
2934	1.000000
2935	1.000000
2936	1.000000
2937	1.000000
2938	1.000000
2939	1.000000
2940	1.000000
2941	1.000000
2942	1.000000
2943	1.000000
2944	1.000000
2945	1.000000
2946	1.000000
2947	1.000000
2948	1.000000
2949	1.000000
2950	1.000000
2951	1.000000
2952	1.000000
2953	1.000000
2954	1.000000
2955	1.000000
2956	1.000000
2957	1.000000
2958	1.000000
2959	1.000000
2960	1.000000
2961	1.000000
2962	1.000000
2963	1.000000
2964	1.000000
2965	1.000000
2966	1.000000
2967	1.000000
2968	1.000000
2969	1.000000
2970	1.000000
2971	1.000000
2972	1.000000
2973	1.000000
2974	1.000000
2975	1.000000
2976	1.000000
2977	1.000000
2978	1.000000
2979	1.000000
2980	1.000000
2981	1.000000
2982	1.000000
2983	1.000000
2984	1.000000
2985	1.000000
2986	1.000000
2987	1.000000
2988	1.000000
2989	1.000000
2990	1.000000
2991	1.000000
2992	1.000000
2993	1.000000
2994	1.000000
2995	1.000000
2996	1.000000
2997	1.000000
2998	1.000000
2999	1.000000
3000	1.000000
3001	1.000000
3002	1.000000
3003	1.000000
3004	1.000000
3005	1.000000
3006	1.000000
3007	1.000000
3008	1.000000
3009	1.000000
3010	1.000000
3011	1.000000
3012	1.000000
3013	1.000000
3014	1.000000
3015	1.000000
3016	1.000000
3017	1.000000
3018	1.000000
3019	1.000000
3020	1.000000
3021	1.000000
3022	1.000000
3023	1.000000
3024	1.000000
3025	1.000000
3026	1.000000
3027	1.000000
3028	1.000000
3029	1.000000
3030	1.000000
3031	1.000000
3032	1.000000
3033	1.000000
3034	1.000000
3035	1.000000
3036	1.000000
3037	1.000000
3038	1.000000
3039	1.000000
3040	1.000000
3041	1.000000
3042	1.000000
3043	1.000000
3044	1.000000
3045	1.000000
3046	1.000000
3047	1.000000
3048	1.000000
3049	1.000000
3050	1.000000
3051	1.000000
3052	1.000000
3053	1.000000
3054	1.000000
3055	1.000000
3056	1.000000
3057	1.000000
3058	1.000000
3059	1.000000
3060	1.000000
3061	1.000000
3062	1.000000
3063	1.000000
3064	1.000000
3065	1.000000
3066	1.000000
3067	1.000000
3068	1.000000
3069	1.000000
3070	1.000000
3071	1.000000
3072	1.000000
3073	1.000000
3074	1.000000
3075	1.000000
3076	1.000000
3077	1.000000
3078	1.000000
3079	1.000000
3080	1.000000
3081	1.000000
3082	1.000000
3083	1.000000
3084	1.000000
3085	1.000000
3086	1.000000
3087	1.000000
3088	1.000000
3089	1.000000
3090	1.000000
3091	1.000000
3092	1.000000
3093	1.000000
3094	1.000000
3095	1.000000
3096	1.000000
3097	1.000000
3098	1.000000
3099	1.000000
3100	1.000000
3101	1.000000
3102	1.000000
3103	1.000000
3104	1.000000
3105	1.000000
3106	1.000000
3107	1.000000
3108	1.000000
3109	1.000000
3110	1.000000
3111	1.000000
3112	1.000000
3113	1.000000
3114	1.000000
3115	1.000000
3116	1.000000
3117	1.000000
3118	1.000000
3119	1.000000
3120	1.000000
3121	1.000000
3122	1.000000
3123	1.000000
3124	1.000000
3125	1.000000
3126	1.000000
3127	1.000000
3128	1.000000
3129	1.000000
3130	1.000000
3131	1.000000
3132	1.000000
3133	1.000000
3134	1.000000
3135	1.000000
3136	1.000000
3137	1.000000
3138	1.000000
3139	1.000000
3140	1.000000
3141	1.000000
3142	1.000000
3143	1.000000
3144	1.000000
3145	1.000000
3146	1.000000
3147	1.000000
3148	1.000000
3149	1.000000
3150	1.000000
3151	1.000000
3152	1.000000
3153	1.000000
3154	1.000000
3155	1.000000
3156	1.000000
3157	1.000000
3158	1.000000
3159	1.000000
3160	1.000000
3161	1.000000
3162	1.000000
3163	1.000000
3164	1.000000
3165	1.000000
3166	1.000000
3167	1.000000
3168	1.000000
3169	1.000000
3170	1.000000
3171	1.000000
3172	1.000000
3173	1.000000
3174	1.000000
3175	1.000000
3176	1.000000
3177	1.000000
3178	1.000000
3179	1.000000
3180	1.000000
3181	1.000000
3182	1.000000
3183	1.000000
3184	1.000000
3185	1.000000
3186	1.000000
3187	1.000000
3188	1.000000
3189	1.000000
3190	1.000000
3191	1.000000
3192	1.000000
3193	1.000000
3194	1.000000
3195	1.000000
3196	1.000000
3197	1.000000
3198	1.000000
3199	1.000000
3200	1.000000
3201	1.000000
3202	1.000000
3203	1.000000
3204	1.000000
3205	1.000000
3206	1.000000
3207	1.000000
3208	1.000000
3209	1.000000
3210	1.000000
3211	1.000000
3212	1.000000
3213	1.000000
3214	1.000000
3215	1.000000
3216	1.000000
3217	1.000000
3218	1.000000
3219	1.000000
3220	1.000000
3221	1.000000
3222	1.000000
3223	1.000000
3224	1.000000
3225	1.000000
3226	1.000000
3227	1.000000
3228	1.000000
3229	1.000000
3230	1.000000
3231	1.000000
3232	1.000000
3233	1.000000
3234	1.000000
3235	1.000000
3236	1.000000
3237	1.000000
3238	1.000000
3239	1.000000
3240	1.000000
3241	1.000000
3242	1.000000
3243	1.000000
3244	1.000000
3245	1.000000
3246	1.000000
3247	1.000000
3248	1.000000
3249	1.000000
3250	1.000000
3251	1.000000
3252	1.000000
3253	1.000000
3254	1.000000
3255	1.000000
3256	1.000000
3257	1.000000
3258	1.000000
3259	1.000000
3260	1.000000
3261	1.000000
3262	1.000000
3263	1.000000
3264	1.000000
3265	1.000000
3266	1.000000
3267	1.000000
3268	1.000000
3269	1.000000
3270	1.000000
3271	1.000000
3272	1.000000
3273	1.000000
3274	1.000000
3275	1.000000
3276	1.000000
3277	1.000000
3278	1.000000
3279	1.000000
3280	1.000000
3281	1.000000
3282	1.000000
3283	1.000000
3284	1.000000
3285	1.000000
3286	1.000000
3287	1.000000
3288	1.000000
3289	1.000000
3290	1.000000
3291	1.000000
3292	1.000000
3293	1.000000
3294	1.000000
3295	1.000000
3296	1.000000
3297	1.000000
3298	1.000000
3299	1.000000
3300	1.000000
3301	1.000000
3302	1.000000
3303	1.000000
3304	1.000000
3305	1.000000
3306	1.000000
3307	1.000000
3308	1.000000
3309	1.000000
3310	1.000000
3311	1.000000
3312	1.000000
3313	1.000000
3314	1.000000
3315	1.000000
3316	1.000000
3317	1.000000
3318	1.000000
3319	1.000000
3320	1.000000
3321	1.000000
3322	1.000000
3323	1.000000
3324	1.000000
3325	1.000000
3326	1.000000
3327	1.000000
3328	1.000000
3329	1.000000
3330	1.000000
3331	1.000000
3332	1.000000
3333	1.000000
3334	1.000000
3335	1.000000
3336	1.000000
3337	1.000000
3338	1.000000
3339	1.000000
3340	1.000000
3341	1.000000
3342	1.000000
3343	1.000000
3344	1.000000
3345	1.000000
3346	1.000000
3347	1.000000
3348	1.000000
3349	1.000000
3350	1.000000
3351	1.000000
3352	1.000000
3353	1.000000
3354	1.000000
3355	1.000000
3356	1.000000
3357	1.000000
3358	1.000000
3359	1.000000
3360	1.000000
3361	1.000000
3362	1.000000
3363	1.000000
3364	1.000000
3365	1.000000
3366	1.000000
3367	1.000000
3368	1.000000
3369	1.000000
3370	1.000000
3371	1.000000
3372	1.000000
3373	1.000000
3374	1.000000
3375	1.000000
3376	1.000000
3377	1.000000
3378	1.000000
3379	1.000000
3380	1.000000
3381	1.000000
3382	1.000000
3383	1.000000
3384	1.000000
3385	1.000000
3386	1.000000
3387	1.000000
3388	1.000000
3389	1.000000
3390	1.000000
3391	1.000000
3392	1.000000
3393	1.000000
3394	1.000000
3395	1.000000
3396	1.000000
3397	1.000000
3398	1.000000
3399	1.000000
3400	1.000000
3401	1.000000
3402	1.000000
3403	1.000000
3404	1.000000
3405	1.000000
3406	1.000000
3407	1.000000
3408	1.000000
3409	1.000000
3410	1.000000
3411	1.000000
3412	1.000000
3413	1.000000
3414	1.000000
3415	1.000000
3416	1.000000
3417	1.000000
3418	1.000000
3419	1.000000
3420	1.000000
3421	1.000000
3422	1.000000
3423	1.000000
3424	1.000000
3425	1.000000
3426	1.000000
3427	1.000000
3428	1.000000
3429	1.000000
3430	1.000000
3431	1.000000
3432	1.000000
3433	1.000000
3434	1.000000
3435	1.000000
3436	1.000000
3437	1.000000
3438	1.000000
3439	1.000000
3440	1.000000
3441	1.000000
3442	1.000000
3443	1.000000
3444	1.000000
3445	1.000000
3446	1.000000
3447	1.000000
3448	1.000000
3449	1.000000
3450	1.000000
3451	1.000000
3452	1.000000
3453	1.000000
3454	1.000000
3455	1.000000
3456	1.000000
3457	1.000000
3458	1.000000
3459	1.000000
3460	1.000000
3461	1.000000
3462	1.000000
3463	1.000000
3464	1.000000
3465	1.000000
3466	1.000000
3467	1.000000
3468	1.000000
3469	1.000000
3470	1.000000
3471	1.000000
3472	1.000000
3473	1.000000
3474	1.000000
3475	1.000000
3476	1.000000
3477	1.000000
3478	1.000000
3479	1.000000
3480	1.000000
3481	1.000000
3482	1.000000
3483	1.000000
3484	1.000000
3485	1.000000
3486	1.000000
3487	1.000000
3488	1.000000
3489	1.000000
3490	1.000000
3491	1.000000
3492	1.000000
3493	1.000000
3494	1.000000
3495	1.000000
3496	1.000000
3497	1.000000
3498	1.000000
3499	1.000000
3500	1.000000
3501	1.000000
3502	1.000000
3503	1.000000
3504	1.000000
3505	1.000000
3506	1.000000
3507	1.000000
3508	1.000000
3509	1.000000
3510	1.000000
3511	1.000000
3512	1.000000
3513	1.000000
3514	1.000000
3515	1.000000
3516	1.000000
3517	1.000000
3518	1.000000
3519	1.000000
3520	1.000000
3521	1.000000
3522	1.000000
3523	1.000000
3524	1.000000
3525	1.000000
3526	1.000000
3527	1.000000
3528	1.000000
3529	1.000000
3530	1.000000
3531	1.000000
3532	1.000000
3533	1.000000
3534	1.000000
3535	1.000000
3536	1.000000
3537	1.000000
3538	1.000000
3539	1.000000
3540	1.000000
3541	1.000000
3542	1.000000
3543	1.000000
3544	1.000000
3545	1.000000
3546	1.000000
3547	1.000000
3548	1.000000
3549	1.000000
3550	1.000000
3551	1.000000
3552	1.000000
3553	1.000000
3554	1.000000
3555	1.000000
3556	1.000000
3557	1.000000
3558	1.000000
3559	1.000000
3560	1.000000
3561	1.000000
3562	1.000000
3563	1.000000
3564	1.000000
3565	1.000000
3566	1.000000
3567	1.000000
3568	1.000000
3569	1.000000
3570	1.000000
3571	1.000000
3572	1.000000
3573	1.000000
3574	1.000000
3575	1.000000
3576	1.000000
3577	1.000000
3578	1.000000
3579	1.000000
3580	1.000000
3581	1.000000
3582	1.000000
3583	1.000000
3584	1.000000
3585	1.000000
3586	1.000000
3587	1.000000
3588	1.000000
3589	1.000000
3590	1.000000
3591	1.000000
3592	1.000000
3593	1.000000
3594	1.000000
3595	1.000000
3596	1.000000
3597	1.000000
3598	1.000000
3599	1.000000
3600	1.000000
3601	1.000000
3602	1.000000
3603	1.000000
3604	1.000000
3605	1.000000
3606	1.000000
3607	1.000000
3608	1.000000
3609	1.000000
3610	1.000000
3611	1.000000
3612	1.000000
3613	1.000000
3614	1.000000
3615	1.000000
3616	1.000000
3617	1.000000
3618	1.000000
3619	1.000000
3620	1.000000
3621	1.000000
3622	1.000000
3623	1.000000
3624	1.000000
3625	1.000000
3626	1.000000
3627	1.000000
3628	1.000000
3629	1.000000
3630	1.000000
3631	1.000000
3632	1.000000
3633	1.000000
3634	1.000000
3635	1.000000
3636	1.000000
3637	1.000000
3638	1.000000
3639	1.000000
3640	1.000000
3641	1.000000
3642	1.000000
3643	1.000000
3644	1.000000
3645	1.000000
3646	1.000000
3647	1.000000
3648	1.000000
3649	1.000000
3650	1.000000
3651	1.000000
3652	1.000000
3653	1.000000
3654	1.000000
3655	1.000000
3656	1.000000
3657	1.000000
3658	1.000000
3659	1.000000
3660	1.000000
3661	1.000000
3662	1.000000
3663	1.000000
3664	1.000000
3665	1.000000
3666	1.000000
3667	1.000000
3668	1.000000
3669	1.000000
3670	1.000000
3671	1.000000
3672	1.000000
3673	1.000000
3674	1.000000
3675	1.000000
3676	1.000000
3677	1.000000
3678	1.000000
3679	1.000000
3680	1.000000
3681	1.000000
3682	1.000000
3683	1.000000
3684	1.000000
3685	1.000000
3686	1.000000
3687	1.000000
3688	1.000000
3689	1.000000
3690	1.000000
3691	1.000000
3692	1.000000
3693	1.000000
3694	1.000000
3695	1.000000
3696	1.000000
3697	1.000000
3698	1.000000
3699	1.000000
3700	1.000000
3701	1.000000
3702	1.000000
3703	1.000000
3704	1.000000
3705	1.000000
3706	1.000000
3707	1.000000
3708	1.000000
3709	1.000000
3710	1.000000
3711	1.000000
3712	1.000000
3713	1.000000
3714	1.000000
3715	1.000000
3716	1.000000
3717	1.000000
3718	1.000000
3719	1.000000
3720	1.000000
3721	1.000000
3722	1.000000
3723	1.000000
3724	1.000000
3725	1.000000
3726	1.000000
3727	1.000000
3728	1.000000
3729	1.000000
3730	1.000000
3731	1.000000
3732	1.000000
3733	1.000000
3734	1.000000
3735	1.000000
3736	1.000000
3737	1.000000
3738	1.000000
3739	1.000000
3740	1.000000
3741	1.000000
3742	1.000000
3743	1.000000
3744	1.000000
3745	1.000000
3746	1.000000
3747	1.000000
3748	1.000000
3749	1.000000
3750	1.000000
3751	1.000000
3752	1.000000
3753	1.000000
3754	1.000000
3755	1.000000
3756	1.000000
3757	1.000000
3758	1.000000
3759	1.000000
3760	1.000000
3761	1.000000
3762	1.000000
3763	1.000000
3764	1.000000
3765	1.000000
3766	1.000000
3767	1.000000
3768	1.000000
3769	1.000000
3770	1.000000
3771	1.000000
3772	1.000000
3773	1.000000
3774	1.000000
3775	1.000000
3776	1.000000
3777	1.000000
3778	1.000000
3779	1.000000
3780	1.000000
3781	1.000000
3782	1.000000
3783	1.000000
3784	1.000000
3785	1.000000
3786	1.000000
3787	1.000000
3788	1.000000
3789	1.000000
3790	1.000000
3791	1.000000
3792	1.000000
3793	1.000000
3794	1.000000
3795	1.000000
3796	1.000000
3797	1.000000
3798	1.000000
3799	1.000000
3800	1.000000
3801	1.000000
3802	1.000000
3803	1.000000
3804	1.000000
3805	1.000000
3806	1.000000
3807	1.000000
3808	1.000000
3809	1.000000
3810	1.000000
3811	1.000000
3812	1.000000
3813	1.000000
3814	1.000000
3815	1.000000
3816	1.000000
3817	1.000000
3818	1.000000
3819	1.000000
3820	1.000000
3821	1.000000
3822	1.000000
3823	1.000000
3824	1.000000
3825	1.000000
3826	1.000000
3827	1.000000
3828	1.000000
3829	1.000000
3830	1.000000
3831	1.000000
3832	1.000000
3833	1.000000
3834	1.000000
3835	1.000000
3836	1.000000
3837	1.000000
3838	1.000000
3839	1.000000
3840	1.000000
3841	1.000000
3842	1.000000
3843	1.000000
3844	1.000000
3845	1.000000
3846	1.000000
3847	1.000000
3848	1.000000
3849	1.000000
3850	1.000000
3851	1.000000
3852	1.000000
3853	1.000000
3854	1.000000
3855	1.000000
3856	1.000000
3857	1.000000
3858	1.000000
3859	1.000000
3860	1.000000
3861	1.000000
3862	1.000000
3863	1.000000
3864	1.000000
3865	1.000000
3866	1.000000
3867	1.000000
3868	1.000000
3869	1.000000
3870	1.000000
3871	1.000000
3872	1.000000
3873	1.000000
3874	1.000000
3875	1.000000
3876	1.000000
3877	1.000000
3878	1.000000
3879	1.000000
3880	1.000000
3881	1.000000
3882	1.000000
3883	1.000000
3884	1.000000
3885	1.000000
3886	1.000000
3887	1.000000
3888	1.000000
3889	1.000000
3890	1.000000
3891	1.000000
3892	1.000000
3893	1.000000
3894	1.000000
3895	1.000000
3896	1.000000
3897	1.000000
3898	1.000000
3899	1.000000
3900	1.000000
3901	1.000000
3902	1.000000
3903	1.000000
3904	1.000000
3905	1.000000
3906	1.000000
3907	1.000000
3908	1.000000
3909	1.000000
3910	1.000000
3911	1.000000
3912	1.000000
3913	1.000000
3914	1.000000
3915	1.000000
3916	1.000000
3917	1.000000
3918	1.000000
3919	1.000000
3920	1.000000
3921	1.000000
3922	1.000000
3923	1.000000
3924	1.000000
3925	1.000000
3926	1.000000
3927	1.000000
3928	1.000000
3929	1.000000
3930	1.000000
3931	1.000000
3932	1.000000
3933	1.000000
3934	1.000000
3935	1.000000
3936	1.000000
3937	1.000000
3938	1.000000
3939	1.000000
3940	1.000000
3941	1.000000
3942	1.000000
3943	1.000000
3944	1.000000
3945	1.000000
3946	1.000000
3947	1.000000
3948	1.000000
3949	1.000000
3950	1.000000
3951	1.000000
3952	1.000000
3953	1.000000
3954	1.000000
3955	1.000000
3956	1.000000
3957	1.000000
3958	1.000000
3959	1.000000
3960	1.000000
3961	1.000000
3962	1.000000
3963	1.000000
3964	1.000000
3965	1.000000
3966	1.000000
3967	1.000000
3968	1.000000
3969	1.000000
3970	1.000000
3971	1.000000
3972	1.000000
3973	1.000000
3974	1.000000
3975	1.000000
3976	1.000000
3977	1.000000
3978	1.000000
3979	1.000000
3980	1.000000
3981	1.000000
3982	1.000000
3983	1.000000
3984	1.000000
3985	1.000000
3986	1.000000
3987	1.000000
3988	1.000000
3989	1.000000
3990	1.000000
3991	1.000000
3992	1.000000
3993	1.000000
3994	1.000000
3995	1.000000
3996	1.000000
3997	1.000000
3998	1.000000
3999	1.000000
4000	1.000000
4001	1.000000
4002	1.000000
4003	1.000000
4004	1.000000
4005	1.000000
4006	1.000000
4007	1.000000
4008	1.000000
4009	1.000000
4010	1.000000
4011	1.000000
4012	1.000000
4013	1.000000
4014	1.000000
4015	1.000000
4016	1.000000
4017	1.000000
4018	1.000000
4019	1.000000
4020	1.000000
4021	1.000000
4022	1.000000
4023	1.000000
4024	1.000000
4025	1.000000
4026	1.000000
4027	1.000000
4028	1.000000
4029	1.000000
4030	1.000000
4031	1.000000
4032	1.000000
4033	1.000000
4034	1.000000
4035	1.000000
4036	1.000000
4037	1.000000
4038	1.000000
4039	1.000000
4040	1.000000
4041	1.000000
4042	1.000000
4043	1.000000
4044	1.000000
4045	1.000000
4046	1.000000
4047	1.000000
4048	1.000000
4049	1.000000
4050	1.000000
4051	1.000000
4052	1.000000
4053	1.000000
4054	1.000000
4055	1.000000
4056	1.000000
4057	1.000000
4058	1.000000
4059	1.000000
4060	1.000000
4061	1.000000
4062	1.000000
4063	1.000000
4064	1.000000
4065	1.000000
4066	1.000000
4067	1.000000
4068	1.000000
4069	1.000000
4070	1.000000
4071	1.000000
4072	1.000000
4073	1.000000
4074	1.000000
4075	1.000000
4076	1.000000
4077	1.000000
4078	1.000000
4079	1.000000
4080	1.000000
4081	1.000000
4082	1.000000
4083	1.000000
4084	1.000000
4085	1.000000
4086	1.000000
4087	1.000000
4088	1.000000
4089	1.000000
4090	1.000000
4091	1.000000
4092	1.000000
4093	1.000000
4094	1.000000
4095	1.000000
4096	1.000000
4097	1.000000
4098	1.000000
4099	1.000000
4100	1.000000
4101	1.000000
4102	1.000000
4103	1.000000
4104	1.000000
4105	1.000000
4106	1.000000
4107	1.000000
4108	1.000000
4109	1.000000
4110	1.000000
4111	1.000000
4112	1.000000
4113	1.000000
4114	1.000000
4115	1.000000
4116	1.000000
4117	1.000000
4118	1.000000
4119	1.000000
4120	1.000000
4121	1.000000
4122	1.000000
4123	1.000000
4124	1.000000
4125	1.000000
4126	1.000000
4127	1.000000
4128	1.000000
4129	1.000000
4130	1.000000
4131	1.000000
4132	1.000000
4133	1.000000
4134	1.000000
4135	1.000000
4136	1.000000
4137	1.000000
4138	1.000000
4139	1.000000
4140	1.000000
4141	1.000000
4142	1.000000
4143	1.000000
4144	1.000000
4145	1.000000
4146	1.000000
4147	1.000000
4148	1.000000
4149	1.000000
4150	1.000000
4151	1.000000
4152	1.000000
4153	1.000000
4154	1.000000
4155	1.000000
4156	1.000000
4157	1.000000
4158	1.000000
4159	1.000000
4160	1.000000
4161	1.000000
4162	1.000000
4163	1.000000
4164	1.000000
4165	1.000000
4166	1.000000
4167	1.000000
4168	1.000000
4169	1.000000
4170	1.000000
4171	1.000000
4172	1.000000
4173	1.000000
4174	1.000000
4175	1.000000
4176	1.000000
4177	1.000000
4178	1.000000
4179	1.000000
4180	1.000000
4181	1.000000
4182	1.000000
4183	1.000000
4184	1.000000
4185	1.000000
4186	1.000000
4187	1.000000
4188	1.000000
4189	1.000000
4190	1.000000
4191	1.000000
4192	1.000000
4193	1.000000
4194	1.000000
4195	1.000000
4196	1.000000
4197	1.000000
4198	1.000000
4199	1.000000
4200	1.000000
4201	1.000000
4202	1.000000
4203	1.000000
4204	1.000000
4205	1.000000
4206	1.000000
4207	1.000000
4208	1.000000
4209	1.000000
4210	1.000000
4211	1.000000
4212	1.000000
4213	1.000000
4214	1.000000
4215	1.000000
4216	1.000000
4217	1.000000
4218	1.000000
4219	1.000000
4220	1.000000
4221	1.000000
4222	1.000000
4223	1.000000
4224	1.000000
4225	1.000000
4226	1.000000
4227	1.000000
4228	1.000000
4229	1.000000
4230	1.000000
4231	1.000000
4232	1.000000
4233	1.000000
4234	1.000000
4235	1.000000
4236	1.000000
4237	1.000000
4238	1.000000
4239	1.000000
4240	1.000000
4241	1.000000
4242	1.000000
4243	1.000000
4244	1.000000
4245	1.000000
4246	1.000000
4247	1.000000
4248	1.000000
4249	1.000000
4250	1.000000
4251	1.000000
4252	1.000000
4253	1.000000
4254	1.000000
4255	1.000000
4256	1.000000
4257	1.000000
4258	1.000000
4259	1.000000
4260	1.000000
4261	1.000000
4262	1.000000
4263	1.000000
4264	1.000000
4265	1.000000
4266	1.000000
4267	1.000000
4268	1.000000
4269	1.000000
4270	1.000000
4271	1.000000
4272	1.000000
4273	1.000000
4274	1.000000
4275	1.000000
4276	1.000000
4277	1.000000
4278	1.000000
4279	1.000000
4280	1.000000
4281	1.000000
4282	1.000000
4283	1.000000
4284	1.000000
4285	1.000000
4286	1.000000
4287	1.000000
4288	1.000000
4289	1.000000
4290	1.000000
4291	1.000000
4292	1.000000
4293	1.000000
4294	1.000000
4295	1.000000
4296	1.000000
4297	1.000000
4298	1.000000
4299	1.000000
4300	1.000000
4301	1.000000
4302	1.000000
4303	1.000000
4304	1.000000
4305	1.000000
4306	1.000000
4307	1.000000
4308	1.000000
4309	1.000000
4310	1.000000
4311	1.000000
4312	1.000000
4313	1.000000
4314	1.000000
4315	1.000000
4316	1.000000
4317	1.000000
4318	1.000000
4319	1.000000
4320	1.000000
4321	1.000000
4322	1.000000
4323	1.000000
4324	1.000000
4325	1.000000
4326	1.000000
4327	1.000000
4328	1.000000
4329	1.000000
4330	1.000000
4331	1.000000
4332	1.000000
4333	1.000000
4334	1.000000
4335	1.000000
4336	1.000000
4337	1.000000
4338	1.000000
4339	1.000000
4340	1.000000
4341	1.000000
4342	1.000000
4343	1.000000
4344	1.000000
4345	1.000000
4346	1.000000
4347	1.000000
4348	1.000000
4349	1.000000
4350	1.000000
4351	1.000000
4352	1.000000
4353	1.000000
4354	1.000000
4355	1.000000
4356	1.000000
4357	1.000000
4358	1.000000
4359	1.000000
4360	1.000000
4361	1.000000
4362	1.000000
4363	1.000000
4364	1.000000
4365	1.000000
4366	1.000000
4367	1.000000
4368	1.000000
4369	1.000000
4370	1.000000
4371	1.000000
4372	1.000000
4373	1.000000
4374	1.000000
4375	1.000000
4376	1.000000
4377	1.000000
4378	1.000000
4379	1.000000
4380	1.000000
4381	1.000000
4382	1.000000
4383	1.000000
4384	1.000000
4385	1.000000
4386	1.000000
4387	1.000000
4388	1.000000
4389	1.000000
4390	1.000000
4391	1.000000
4392	1.000000
4393	1.000000
4394	1.000000
4395	1.000000
4396	1.000000
4397	1.000000
4398	1.000000
4399	1.000000
4400	1.000000
4401	1.000000
4402	1.000000
4403	1.000000
4404	1.000000
4405	1.000000
4406	1.000000
4407	1.000000
4408	1.000000
4409	1.000000
4410	1.000000
4411	1.000000
4412	1.000000
4413	1.000000
4414	1.000000
4415	1.000000
4416	1.000000
4417	1.000000
4418	1.000000
4419	1.000000
4420	1.000000
4421	1.000000
4422	1.000000
4423	1.000000
4424	1.000000
4425	1.000000
4426	1.000000
4427	1.000000
4428	1.000000
4429	1.000000
4430	1.000000
4431	1.000000
4432	1.000000
4433	1.000000
4434	1.000000
4435	1.000000
4436	1.000000
4437	1.000000
4438	1.000000
4439	1.000000
4440	1.000000
4441	1.000000
4442	1.000000
4443	1.000000
4444	1.000000
4445	1.000000
4446	1.000000
4447	1.000000
4448	1.000000
4449	1.000000
4450	1.000000
4451	1.000000
4452	1.000000
4453	1.000000
4454	1.000000
4455	1.000000
4456	1.000000
4457	1.000000
4458	1.000000
4459	1.000000
4460	1.000000
4461	1.000000
4462	1.000000
4463	1.000000
4464	1.000000
4465	1.000000
4466	1.000000
4467	1.000000
4468	1.000000
4469	1.000000
4470	1.000000
4471	1.000000
4472	1.000000
4473	1.000000
4474	1.000000
4475	1.000000
4476	1.000000
4477	1.000000
4478	1.000000
4479	1.000000
4480	1.000000
4481	1.000000
4482	1.000000
4483	1.000000
4484	1.000000
4485	1.000000
4486	1.000000
4487	1.000000
4488	1.000000
4489	1.000000
4490	1.000000
4491	1.000000
4492	1.000000
4493	1.000000
4494	1.000000
4495	1.000000
4496	1.000000
4497	1.000000
4498	1.000000
4499	1.000000
4500	1.000000
4501	1.000000
4502	1.000000
4503	1.000000
4504	1.000000
4505	1.000000
4506	1.000000
4507	1.000000
4508	1.000000
4509	1.000000
4510	1.000000
4511	1.000000
4512	1.000000
4513	1.000000
4514	1.000000
4515	1.000000
4516	1.000000
4517	1.000000
4518	1.000000
4519	1.000000
4520	1.000000
4521	1.000000
4522	1.000000
4523	1.000000
4524	1.000000
4525	1.000000
4526	1.000000
4527	1.000000
4528	1.000000
4529	1.000000
4530	1.000000
4531	1.000000
4532	1.000000
4533	1.000000
4534	1.000000
4535	1.000000
4536	1.000000
4537	1.000000
4538	1.000000
4539	1.000000
4540	1.000000
4541	1.000000
4542	1.000000
4543	1.000000
4544	1.000000
4545	1.000000
4546	1.000000
4547	1.000000
4548	1.000000
4549	1.000000
4550	1.000000
4551	1.000000
4552	1.000000
4553	1.000000
4554	1.000000
4555	1.000000
4556	1.000000
4557	1.000000
4558	1.000000
4559	1.000000
4560	1.000000
4561	1.000000
4562	1.000000
4563	1.000000
4564	1.000000
4565	1.000000
4566	1.000000
4567	1.000000
4568	1.000000
4569	1.000000
4570	1.000000
4571	1.000000
4572	1.000000
4573	1.000000
4574	1.000000
4575	1.000000
4576	1.000000
4577	1.000000
4578	1.000000
4579	1.000000
4580	1.000000
4581	1.000000
4582	1.000000
4583	1.000000
4584	1.000000
4585	1.000000
4586	1.000000
4587	1.000000
4588	1.000000
4589	1.000000
4590	1.000000
4591	1.000000
4592	1.000000
4593	1.000000
4594	1.000000
4595	1.000000
4596	1.000000
4597	1.000000
4598	1.000000
4599	1.000000
4600	1.000000
4601	1.000000
4602	1.000000
4603	1.000000
4604	1.000000
4605	1.000000
4606	1.000000
4607	1.000000
4608	1.000000
4609	1.000000
4610	1.000000
4611	1.000000
4612	1.000000
4613	1.000000
4614	1.000000
4615	1.000000
4616	1.000000
4617	1.000000
4618	1.000000
4619	1.000000
4620	1.000000
4621	1.000000
4622	1.000000
4623	1.000000
4624	1.000000
4625	1.000000
4626	1.000000
4627	1.000000
4628	1.000000
4629	1.000000
4630	1.000000
4631	1.000000
4632	1.000000
4633	1.000000
4634	1.000000
4635	1.000000
4636	1.000000
4637	1.000000
4638	1.000000
4639	1.000000
4640	1.000000
4641	1.000000
4642	1.000000
4643	1.000000
4644	1.000000
4645	1.000000
4646	1.000000
4647	1.000000
4648	1.000000
4649	1.000000
4650	1.000000
4651	1.000000
4652	1.000000
4653	1.000000
4654	1.000000
4655	1.000000
4656	1.000000
4657	1.000000
4658	1.000000
4659	1.000000
4660	1.000000
4661	1.000000
4662	1.000000
4663	1.000000
4664	1.000000
4665	1.000000
4666	1.000000
4667	1.000000
4668	1.000000
4669	1.000000
4670	1.000000
4671	1.000000
4672	1.000000
4673	1.000000
4674	1.000000
4675	1.000000
4676	1.000000
4677	1.000000
4678	1.000000
4679	1.000000
4680	1.000000
4681	1.000000
4682	1.000000
4683	1.000000
4684	1.000000
4685	1.000000
4686	1.000000
4687	1.000000
4688	1.000000
4689	1.000000
4690	1.000000
4691	1.000000
4692	1.000000
4693	1.000000
4694	1.000000
4695	1.000000
4696	1.000000
4697	1.000000
4698	1.000000
4699	1.000000
4700	1.000000
4701	1.000000
4702	1.000000
4703	1.000000
4704	1.000000
4705	1.000000
4706	1.000000
4707	1.000000
4708	1.000000
4709	1.000000
4710	1.000000
4711	1.000000
4712	1.000000
4713	1.000000
4714	1.000000
4715	1.000000
4716	1.000000
4717	1.000000
4718	1.000000
4719	1.000000
4720	1.000000
4721	1.000000
4722	1.000000
4723	1.000000
4724	1.000000
4725	1.000000
4726	1.000000
4727	1.000000
4728	1.000000
4729	1.000000
4730	1.000000
4731	1.000000
4732	1.000000
4733	1.000000
4734	1.000000
4735	1.000000
4736	1.000000
4737	1.000000
4738	1.000000
4739	1.000000
4740	1.000000
4741	1.000000
4742	1.000000
4743	1.000000
4744	1.000000
4745	1.000000
4746	1.000000
4747	1.000000
4748	1.000000
4749	1.000000
4750	1.000000
4751	1.000000
4752	1.000000
4753	1.000000
4754	1.000000
4755	1.000000
4756	1.000000
4757	1.000000
4758	1.000000
4759	1.000000
4760	1.000000
4761	1.000000
4762	1.000000
4763	1.000000
4764	1.000000
4765	1.000000
4766	1.000000
4767	1.000000
4768	1.000000
4769	1.000000
4770	1.000000
4771	1.000000
4772	1.000000
4773	1.000000
4774	1.000000
4775	1.000000
4776	1.000000
4777	1.000000
4778	1.000000
4779	1.000000
4780	1.000000
4781	1.000000
4782	1.000000
4783	1.000000
4784	1.000000
4785	1.000000
4786	1.000000
4787	1.000000
4788	1.000000
4789	1.000000
4790	1.000000
4791	1.000000
4792	1.000000
4793	1.000000
4794	1.000000
4795	1.000000
4796	1.000000
4797	1.000000
4798	1.000000
4799	1.000000
4800	1.000000
4801	1.000000
4802	1.000000
4803	1.000000
4804	1.000000
4805	1.000000
4806	1.000000
4807	1.000000
4808	1.000000
4809	1.000000
4810	1.000000
4811	1.000000
4812	1.000000
4813	1.000000
4814	1.000000
4815	1.000000
4816	1.000000
4817	1.000000
4818	1.000000
4819	1.000000
4820	1.000000
4821	1.000000
4822	1.000000
4823	1.000000
4824	1.000000
4825	1.000000
4826	1.000000
4827	1.000000
4828	1.000000
4829	1.000000
4830	1.000000
4831	1.000000
4832	1.000000
4833	1.000000
4834	1.000000
4835	1.000000
4836	1.000000
4837	1.000000
4838	1.000000
4839	1.000000
4840	1.000000
4841	1.000000
4842	1.000000
4843	1.000000
4844	1.000000
4845	1.000000
4846	1.000000
4847	1.000000
4848	1.000000
4849	1.000000
4850	1.000000
4851	1.000000
4852	1.000000
4853	1.000000
4854	1.000000
4855	1.000000
4856	1.000000
4857	1.000000
4858	1.000000
4859	1.000000
4860	1.000000
4861	1.000000
4862	1.000000
4863	1.000000
4864	1.000000
4865	1.000000
4866	1.000000
4867	1.000000
4868	1.000000
4869	1.000000
4870	1.000000
4871	1.000000
4872	1.000000
4873	1.000000
4874	1.000000
4875	1.000000
4876	1.000000
4877	1.000000
4878	1.000000
4879	1.000000
4880	1.000000
4881	1.000000
4882	1.000000
4883	1.000000
4884	1.000000
4885	1.000000
4886	1.000000
4887	1.000000
4888	1.000000
4889	1.000000
4890	1.000000
4891	1.000000
4892	1.000000
4893	1.000000
4894	1.000000
4895	1.000000
4896	1.000000
4897	1.000000
4898	1.000000
4899	1.000000
4900	1.000000
4901	1.000000
4902	1.000000
4903	1.000000
4904	1.000000
4905	1.000000
4906	1.000000
4907	1.000000
4908	1.000000
4909	1.000000
4910	1.000000
4911	1.000000
4912	1.000000
4913	1.000000
4914	1.000000
4915	1.000000
4916	1.000000
4917	1.000000
4918	1.000000
4919	1.000000
4920	1.000000
4921	1.000000
4922	1.000000
4923	1.000000
4924	1.000000
4925	1.000000
4926	1.000000
4927	1.000000
4928	1.000000
4929	1.000000
4930	1.000000
4931	1.000000
4932	1.000000
4933	1.000000
4934	1.000000
4935	1.000000
4936	1.000000
4937	1.000000
4938	1.000000
4939	1.000000
4940	1.000000
4941	1.000000
4942	1.000000
4943	1.000000
4944	1.000000
4945	1.000000
4946	1.000000
4947	1.000000
4948	1.000000
4949	1.000000
4950	1.000000
4951	1.000000
4952	1.000000
4953	1.000000
4954	1.000000
4955	1.000000
4956	1.000000
4957	1.000000
4958	1.000000
4959	1.000000
4960	1.000000
4961	1.000000
4962	1.000000
4963	1.000000
4964	1.000000
4965	1.000000
4966	1.000000
4967	1.000000
4968	1.000000
4969	1.000000
4970	1.000000
4971	1.000000
4972	1.000000
4973	1.000000
4974	1.000000
4975	1.000000
4976	1.000000
4977	1.000000
4978	1.000000
4979	1.000000
4980	1.000000
4981	1.000000
4982	1.000000
4983	1.000000
4984	1.000000
4985	1.000000
4986	1.000000
4987	1.000000
4988	1.000000
4989	1.000000
4990	1.000000
4991	1.000000
4992	1.000000
4993	1.000000
4994	1.000000
4995	1.000000
4996	1.000000
4997	1.000000
4998	1.000000
4999	1.000000
5000	1.000000
5001	1.000000
5002	1.000000
5003	1.000000
5004	1.000000
5005	1.000000
5006	1.000000
5007	1.000000
5008	1.000000
5009	1.000000
5010	1.000000
5011	1.000000
5012	1.000000
5013	1.000000
5014	1.000000
5015	1.000000
5016	1.000000
5017	1.000000
5018	1.000000
5019	1.000000
5020	1.000000
5021	1.000000
5022	1.000000
5023	1.000000
5024	1.000000
5025	1.000000
5026	1.000000
5027	1.000000
5028	1.000000
5029	1.000000
5030	1.000000
5031	1.000000
5032	1.000000
5033	1.000000
5034	1.000000
5035	1.000000
5036	1.000000
5037	1.000000
5038	1.000000
5039	1.000000
5040	1.000000
5041	1.000000
5042	1.000000
5043	1.000000
5044	1.000000
5045	1.000000
5046	1.000000
5047	1.000000
5048	1.000000
5049	1.000000
5050	1.000000
5051	1.000000
5052	1.000000
5053	1.000000
5054	1.000000
5055	1.000000
5056	1.000000
5057	1.000000
5058	1.000000
5059	1.000000
5060	1.000000
5061	1.000000
5062	1.000000
5063	1.000000
5064	1.000000
5065	1.000000
5066	1.000000
5067	1.000000
5068	1.000000
5069	1.000000
5070	1.000000
5071	1.000000
5072	1.000000
5073	1.000000
5074	1.000000
5075	1.000000
5076	1.000000
5077	1.000000
5078	1.000000
5079	1.000000
5080	1.000000
5081	1.000000
5082	1.000000
5083	1.000000
5084	1.000000
5085	1.000000
5086	1.000000
5087	1.000000
5088	1.000000
5089	1.000000
5090	1.000000
5091	1.000000
5092	1.000000
5093	1.000000
5094	1.000000
5095	1.000000
5096	1.000000
5097	1.000000
5098	1.000000
5099	1.000000
5100	1.000000
5101	1.000000
5102	1.000000
5103	1.000000
5104	1.000000
5105	1.000000
5106	1.000000
5107	1.000000
5108	1.000000
5109	1.000000
5110	1.000000
5111	1.000000
5112	1.000000
5113	1.000000
5114	1.000000
5115	1.000000
5116	1.000000
5117	1.000000
5118	1.000000
5119	1.000000
5120	1.000000
5121	1.000000
5122	1.000000
5123	1.000000
5124	1.000000
5125	1.000000
5126	1.000000
5127	1.000000
5128	1.000000
5129	1.000000
5130	1.000000
5131	1.000000
5132	1.000000
5133	1.000000
5134	1.000000
5135	1.000000
5136	1.000000
5137	1.000000
5138	1.000000
5139	1.000000
5140	1.000000
5141	1.000000
5142	1.000000
5143	1.000000
5144	1.000000
5145	1.000000
5146	1.000000
5147	1.000000
5148	1.000000
5149	1.000000
5150	1.000000
5151	1.000000
5152	1.000000
5153	1.000000
5154	1.000000
5155	1.000000
5156	1.000000
5157	1.000000
5158	1.000000
5159	1.000000
5160	1.000000
5161	1.000000
5162	1.000000
5163	1.000000
5164	1.000000
5165	1.000000
5166	1.000000
5167	1.000000
5168	1.000000
5169	1.000000
5170	1.000000
5171	1.000000
5172	1.000000
5173	1.000000
5174	1.000000
5175	1.000000
5176	1.000000
5177	1.000000
5178	1.000000
5179	1.000000
5180	1.000000
5181	1.000000
5182	1.000000
5183	1.000000
5184	1.000000
5185	1.000000
5186	1.000000
5187	1.000000
5188	1.000000
5189	1.000000
5190	1.000000
5191	1.000000
5192	1.000000
5193	1.000000
5194	1.000000
5195	1.000000
5196	1.000000
5197	1.000000
5198	1.000000
5199	1.000000
5200	1.000000
5201	1.000000
5202	1.000000
5203	1.000000
5204	1.000000
5205	1.000000
5206	1.000000
5207	1.000000
5208	1.000000
5209	1.000000
5210	1.000000
5211	1.000000
5212	1.000000
5213	1.000000
5214	1.000000
5215	1.000000
5216	1.000000
5217	1.000000
5218	1.000000
5219	1.000000
5220	1.000000
5221	1.000000
5222	1.000000
5223	1.000000
5224	1.000000
5225	1.000000
5226	1.000000
5227	1.000000
5228	1.000000
5229	1.000000
5230	1.000000
5231	1.000000
5232	1.000000
5233	1.000000
5234	1.000000
5235	1.000000
5236	1.000000
5237	1.000000
5238	1.000000
5239	1.000000
5240	1.000000
5241	1.000000
5242	1.000000
5243	1.000000
5244	1.000000
5245	1.000000
5246	1.000000
5247	1.000000
5248	1.000000
5249	1.000000
5250	1.000000
5251	1.000000
5252	1.000000
5253	1.000000
5254	1.000000
5255	1.000000
5256	1.000000
5257	1.000000
5258	1.000000
5259	1.000000
5260	1.000000
5261	1.000000
5262	1.000000
5263	1.000000
5264	1.000000
5265	1.000000
5266	1.000000
5267	1.000000
5268	1.000000
5269	1.000000
5270	1.000000
5271	1.000000
5272	1.000000
5273	1.000000
5274	1.000000
5275	1.000000
5276	1.000000
5277	1.000000
5278	1.000000
5279	1.000000
5280	1.000000
5281	1.000000
5282	1.000000
5283	1.000000
5284	1.000000
5285	1.000000
5286	1.000000
5287	1.000000
5288	1.000000
5289	1.000000
5290	1.000000
5291	1.000000
5292	1.000000
5293	1.000000
5294	1.000000
5295	1.000000
5296	1.000000
5297	1.000000
5298	1.000000
5299	1.000000
5300	1.000000
5301	1.000000
5302	1.000000
5303	1.000000
5304	1.000000
5305	1.000000
5306	1.000000
5307	1.000000
5308	1.000000
5309	1.000000
5310	1.000000
5311	1.000000
5312	1.000000
5313	1.000000
5314	1.000000
5315	1.000000
5316	1.000000
5317	1.000000
5318	1.000000
5319	1.000000
5320	1.000000
5321	1.000000
5322	1.000000
5323	1.000000
5324	1.000000
5325	1.000000
5326	1.000000
5327	1.000000
5328	1.000000
5329	1.000000
5330	1.000000
5331	1.000000
5332	1.000000
5333	1.000000
5334	1.000000
5335	1.000000
5336	1.000000
5337	1.000000
5338	1.000000
5339	1.000000
5340	1.000000
5341	1.000000
5342	1.000000
5343	1.000000
5344	1.000000
5345	1.000000
5346	1.000000
5347	1.000000
5348	1.000000
5349	1.000000
5350	1.000000
5351	1.000000
5352	1.000000
5353	1.000000
5354	1.000000
5355	1.000000
5356	1.000000
5357	1.000000
5358	1.000000
5359	1.000000
5360	1.000000
5361	1.000000
5362	1.000000
5363	1.000000
5364	1.000000
5365	1.000000
5366	1.000000
5367	1.000000
5368	1.000000
5369	1.000000
5370	1.000000
5371	1.000000
5372	1.000000
5373	1.000000
5374	1.000000
5375	1.000000
5376	1.000000
5377	1.000000
5378	1.000000
5379	1.000000
5380	1.000000
5381	1.000000
5382	1.000000
5383	1.000000
5384	1.000000
5385	1.000000
5386	1.000000
5387	1.000000
5388	1.000000
5389	1.000000
5390	1.000000
5391	1.000000
5392	1.000000
5393	1.000000
5394	1.000000
5395	1.000000
5396	1.000000
5397	1.000000
5398	1.000000
5399	1.000000
5400	1.000000
5401	1.000000
5402	1.000000
5403	1.000000
5404	1.000000
5405	1.000000
5406	1.000000
5407	1.000000
5408	1.000000
5409	1.000000
5410	1.000000
5411	1.000000
5412	1.000000
5413	1.000000
5414	1.000000
5415	1.000000
5416	1.000000
5417	1.000000
5418	1.000000
5419	1.000000
5420	1.000000
5421	1.000000
5422	1.000000
5423	1.000000
5424	1.000000
5425	1.000000
5426	1.000000
5427	1.000000
5428	1.000000
5429	1.000000
5430	1.000000
5431	1.000000
5432	1.000000
5433	1.000000
5434	1.000000
5435	1.000000
5436	1.000000
5437	1.000000
5438	1.000000
5439	1.000000
5440	1.000000
5441	1.000000
5442	1.000000
5443	1.000000
5444	1.000000
5445	1.000000
5446	1.000000
5447	1.000000
5448	1.000000
5449	1.000000
5450	1.000000
5451	1.000000
5452	1.000000
5453	1.000000
5454	1.000000
5455	1.000000
5456	1.000000
5457	1.000000
5458	1.000000
5459	1.000000
5460	1.000000
5461	1.000000
5462	1.000000
5463	1.000000
5464	1.000000
5465	1.000000
5466	1.000000
5467	1.000000
5468	1.000000
5469	1.000000
5470	1.000000
5471	1.000000
5472	1.000000
5473	1.000000
5474	1.000000
5475	1.000000
5476	1.000000
5477	1.000000
5478	1.000000
5479	1.000000
5480	1.000000
5481	1.000000
5482	1.000000
5483	1.000000
5484	1.000000
5485	1.000000
5486	1.000000
5487	1.000000
5488	1.000000
5489	1.000000
5490	1.000000
5491	1.000000
5492	1.000000
5493	1.000000
5494	1.000000
5495	1.000000
5496	1.000000
5497	1.000000
5498	1.000000
5499	1.000000
5500	1.000000
5501	1.000000
5502	1.000000
5503	1.000000
5504	1.000000
5505	1.000000
5506	1.000000
5507	1.000000
5508	1.000000
5509	1.000000
5510	1.000000
5511	1.000000
5512	1.000000
5513	1.000000
5514	1.000000
5515	1.000000
5516	1.000000
5517	1.000000
5518	1.000000
5519	1.000000
5520	1.000000
5521	1.000000
5522	1.000000
5523	1.000000
5524	1.000000
5525	1.000000
5526	1.000000
5527	1.000000
5528	1.000000
5529	1.000000
5530	1.000000
5531	1.000000
5532	1.000000
5533	1.000000
5534	1.000000
5535	1.000000
5536	1.000000
5537	1.000000
5538	1.000000
5539	1.000000
5540	1.000000
5541	1.000000
5542	1.000000
5543	1.000000
5544	1.000000
5545	1.000000
5546	1.000000
5547	1.000000
5548	1.000000
5549	1.000000
5550	1.000000
5551	1.000000
5552	1.000000
5553	1.000000
5554	1.000000
5555	1.000000
5556	1.000000
5557	1.000000
5558	1.000000
5559	1.000000
5560	1.000000
5561	1.000000
5562	1.000000
5563	1.000000
5564	1.000000
5565	1.000000
5566	1.000000
5567	1.000000
5568	1.000000
5569	1.000000
5570	1.000000
5571	1.000000
5572	1.000000
5573	1.000000
5574	1.000000
5575	1.000000
5576	1.000000
5577	1.000000
5578	1.000000
5579	1.000000
5580	1.000000
5581	1.000000
5582	1.000000
5583	1.000000
5584	1.000000
5585	1.000000
5586	1.000000
5587	1.000000
5588	1.000000
5589	1.000000
5590	1.000000
5591	1.000000
5592	1.000000
5593	1.000000
5594	1.000000
5595	1.000000
5596	1.000000
5597	1.000000
5598	1.000000
5599	1.000000
5600	1.000000
5601	1.000000
5602	1.000000
5603	1.000000
5604	1.000000
5605	1.000000
5606	1.000000
5607	1.000000
5608	1.000000
5609	1.000000
5610	1.000000
5611	1.000000
5612	1.000000
5613	1.000000
5614	1.000000
5615	1.000000
5616	1.000000
5617	1.000000
5618	1.000000
5619	1.000000
5620	1.000000
5621	1.000000
5622	1.000000
5623	1.000000
5624	1.000000
5625	1.000000
5626	1.000000
5627	1.000000
5628	1.000000
5629	1.000000
5630	1.000000
5631	1.000000
5632	1.000000
5633	1.000000
5634	1.000000
5635	1.000000
5636	1.000000
5637	1.000000
5638	1.000000
5639	1.000000
5640	1.000000
5641	1.000000
5642	1.000000
5643	1.000000
5644	1.000000
5645	1.000000
5646	1.000000
5647	1.000000
5648	1.000000
5649	1.000000
5650	1.000000
5651	1.000000
5652	1.000000
5653	1.000000
5654	1.000000
5655	1.000000
5656	1.000000
5657	1.000000
5658	1.000000
5659	1.000000
5660	1.000000
5661	1.000000
5662	1.000000
5663	1.000000
5664	1.000000
5665	1.000000
5666	1.000000
5667	1.000000
5668	1.000000
5669	1.000000
5670	1.000000
5671	1.000000
5672	1.000000
5673	1.000000
5674	1.000000
5675	1.000000
5676	1.000000
5677	1.000000
5678	1.000000
5679	1.000000
5680	1.000000
5681	1.000000
5682	1.000000
5683	1.000000
5684	1.000000
5685	1.000000
5686	1.000000
5687	1.000000
5688	1.000000
5689	1.000000
5690	1.000000
5691	1.000000
5692	1.000000
5693	1.000000
5694	1.000000
5695	1.000000
5696	1.000000
5697	1.000000
5698	1.000000
5699	1.000000
5700	1.000000
5701	1.000000
5702	1.000000
5703	1.000000
5704	1.000000
5705	1.000000
5706	1.000000
5707	1.000000
5708	1.000000
5709	1.000000
5710	1.000000
5711	1.000000
5712	1.000000
5713	1.000000
5714	1.000000
5715	1.000000
5716	1.000000
5717	1.000000
5718	1.000000
5719	1.000000
5720	1.000000
5721	1.000000
5722	1.000000
5723	1.000000
5724	1.000000
5725	1.000000
5726	1.000000
5727	1.000000
5728	1.000000
5729	1.000000
5730	1.000000
5731	1.000000
5732	1.000000
5733	1.000000
5734	1.000000
5735	1.000000
5736	1.000000
5737	1.000000
5738	1.000000
5739	1.000000
5740	1.000000
5741	1.000000
5742	1.000000
5743	1.000000
5744	1.000000
5745	1.000000
5746	1.000000
5747	1.000000
5748	1.000000
5749	1.000000
5750	1.000000
5751	1.000000
5752	1.000000
5753	1.000000
5754	1.000000
5755	1.000000
5756	1.000000
5757	1.000000
5758	1.000000
5759	1.000000
5760	1.000000
5761	1.000000
5762	1.000000
5763	1.000000
5764	1.000000
5765	1.000000
5766	1.000000
5767	1.000000
5768	1.000000
5769	1.000000
5770	1.000000
5771	1.000000
5772	1.000000
5773	1.000000
5774	1.000000
5775	1.000000
5776	1.000000
5777	1.000000
5778	1.000000
5779	1.000000
5780	1.000000
5781	1.000000
5782	1.000000
5783	1.000000
5784	1.000000
5785	1.000000
5786	1.000000
5787	1.000000
5788	1.000000
5789	1.000000
5790	1.000000
5791	1.000000
5792	1.000000
5793	1.000000
5794	1.000000
5795	1.000000
5796	1.000000
5797	1.000000
5798	1.000000
5799	1.000000
5800	1.000000
5801	1.000000
5802	1.000000
5803	1.000000
5804	1.000000
5805	1.000000
5806	1.000000
5807	1.000000
5808	1.000000
5809	1.000000
5810	1.000000
5811	1.000000
5812	1.000000
5813	1.000000
5814	1.000000
5815	1.000000
5816	1.000000
5817	1.000000
5818	1.000000
5819	1.000000
5820	1.000000
5821	1.000000
5822	1.000000
5823	1.000000
5824	1.000000
5825	1.000000
5826	1.000000
5827	1.000000
5828	1.000000
5829	1.000000
5830	1.000000
5831	1.000000
5832	1.000000
5833	1.000000
5834	1.000000
5835	1.000000
5836	1.000000
5837	1.000000
5838	1.000000
5839	1.000000
5840	1.000000
5841	1.000000
5842	1.000000
5843	1.000000
5844	1.000000
5845	1.000000
5846	1.000000
5847	1.000000
5848	1.000000
5849	1.000000
5850	1.000000
5851	1.000000
5852	1.000000
5853	1.000000
5854	1.000000
5855	1.000000
5856	1.000000
5857	1.000000
5858	1.000000
5859	1.000000
5860	1.000000
5861	1.000000
5862	1.000000
5863	1.000000
5864	1.000000
5865	1.000000
5866	1.000000
5867	1.000000
5868	1.000000
5869	1.000000
5870	1.000000
5871	1.000000
5872	1.000000
5873	1.000000
5874	1.000000
5875	1.000000
5876	1.000000
5877	1.000000
5878	1.000000
5879	1.000000
5880	1.000000
5881	1.000000
5882	1.000000
5883	1.000000
5884	1.000000
5885	1.000000
5886	1.000000
5887	1.000000
5888	1.000000
5889	1.000000
5890	1.000000
5891	1.000000
5892	1.000000
5893	1.000000
5894	1.000000
5895	1.000000
5896	1.000000
5897	1.000000
5898	1.000000
5899	1.000000
5900	1.000000
5901	1.000000
5902	1.000000
5903	1.000000
5904	1.000000
5905	1.000000
5906	1.000000
5907	1.000000
5908	1.000000
5909	1.000000
5910	1.000000
5911	1.000000
5912	1.000000
