23546 23547 23548 
23549 23550 23551 
15073 15074 15075 15076 15077 19189 23559 23560 23561 23562 23563 23564 23565 23566 26366 27727 27728 5365 
1205 15047 23567 23568 23569 23570 23571 
19270 23573 23574 23575 23576 23577 23578 23579 
23581 23583 23584 
23580 23582 23585 
23586 23587 31667 31668 31669 
23589 23591 23592 23593 23594 
23600 23601 23602 23603 23604 
23605 23606 23607 23608 
23610 23611 23613 
23609 23612 
23616 23617 23618 23619 23621 23622 23623 23624 23633 23634 23635 
23620 23625 23626 23627 23628 23629 
23636 23637 23638 23639 
14116 23640 23641 23642 23643 23644 23645 23646 
23649 23650 23651 23652 23653 23654 
23658 23659 23660 23661 23662 23663 
23664 23665 23666 23667 23668 
23669 23670 23671 23672 23673 23674 23675 23676 23677 
23697 23698 23699 23700 23701 
23702 23703 23704 23705 
23706 23707 23708 23709 23710 23711 23712 23713 23714 23715 23716 23717 23718 23719 2700 4100 
23725 23726 23727 23728 23729 34487 
23730 23731 23732 23733 23734 23735 23736 23737 23738 23739 23740 23741 
23749 23750 23751 23752 
23761 23762 23763 23764 
23765 23766 23767 23768 
23773 23774 23775 23776 
13090 23124 23126 23127 23128 23781 23782 23783 23784 30147 3395 3396 3409 3413 3414 8693 
23798 23799 23800 
23804 30115 30116 
23805 23806 23807 
23816 23817 23818 23819 23820 23821 23822 23823 23824 23825 23826 23827 23828 23829 23830 23831 23832 23833 23841 23842 23843 23844 23845 
23861 23862 23863 
23867 23868 23869 23870 23871 23872 
23873 23874 23875 23876 
23877 23878 23879 
23882 23883 23884 23885 23886 23887 23888 
23889 23890 23891 
23892 23893 23894 23895 23896 23897 5240 6753 
16673 23923 23924 23925 23926 23927 
23595 23596 23597 23598 23599 23928 23929 23932 23933 23934 23935 23936 
18406 23937 23938 32807 32808 
23942 23943 23944 23945 7562 
23930 23931 23946 23947 23948 23949 23950 
23958 23959 23960 23961 
23962 23963 23964 23965 
23971 23972 23973 23974 
15849 22864 22865 23979 23980 23981 30261 30262 30263 30264 
24007 24008 24009 24010 24011 24012 24013 24014 24015 24016 24017 24018 5331 
24020 24021 24022 24023 24024 
24029 24030 24031 
24032 24033 24034 
24035 24036 24037 24038 24039 
24044 24045 24046 
24054 24055 24056 24057 24058 
24059 24060 24061 24062 24063 24064 24065 6606 6609 6610 6611 6612 
24109 24110 24111 24112 
16691 22797 22798 22799 24115 24116 24118 24119 24120 24121 24122 24123 24124 24125 28222 28223 8691 8692 
24117 24126 24127 24128 24129 34831 34832 34833 34924 34925 34926 34927 
24140 24141 24142 24143 24144 24145 33434 33435 
24146 24147 24148 24149 24150 24151 24152 24153 24154 
24159 24160 24161 24162 24163 
24165 24166 24167 24168 24169 24170 
24173 24174 24175 24176 
24182 24183 24184 24185 24186 24187 24188 
24189 24190 24191 
24194 24195 24196 24197 24198 24199 24200 24201 24202 
24203 24204 24205 24206 24207 24208 24209 24210 24211 24212 24213 24214 24215 24216 24217 24218 24219 24220 24221 24222 
24223 24224 24225 24226 
21699 24231 24232 24233 28704 28705 
24241 24242 24243 24244 
24247 24248 24249 24252 
24263 24264 24265 24266 24267 24268 24269 
24270 24271 24272 24273 24274 24275 
24276 24277 24278 24279 24280 
21393 21404 
24305 24306 24307 24308 24309 24310 24311 24312 7132 7133 
24317 24318 24319 24320 27975 27976 
23859 24321 24322 24323 24324 
24331 24332 24333 
24336 24337 24338 24339 24340 24342 2725 
24350 27717 27718 
24357 24358 24359 
1863 24373 24374 24377 24378 24379 31664 31665 3881 
15209 24387 24388 24389 24390 24391 24392 24393 24394 24395 24396 24397 24398 24399 24400 24401 24402 24403 24404 24405 24406 24407 24408 24409 24410 24411 24412 24413 24414 24415 24416 24417 
24430 24431 24432 24433 24434 24435 24436 24437 24438 24440 
24442 24443 24444 
24454 24455 24456 24457 24458 
24459 24460 24461 
24462 24465 24466 
24463 24464 24467 
24468 24469 24470 24471 24472 24473 
11546 24474 24475 24480 24481 24482 24483 24484 24485 24486 24487 24488 28987 28988 28989 28990 29134 32061 32062 32063 32064 
24500 24501 24502 24503 24504 
12261 24528 24534 24538 24540 24541 2854 29451 29452 29453 
19320 19321 19557 19558 19559 24526 24527 24529 24530 24532 24533 24535 24536 24537 24539 
11937 11938 11939 11944 11945 11947 11948 11949 11950 11951 11952 1766 24546 24547 24548 24549 24550 24551 27729 29493 29494 29495 5236 
24553 29082 29233 29234 29235 29236 29237 29238 29239 29240 29241 29242 29243 30373 30374 
13369 14706 14707 14708 14709 14711 14712 14713 23282 24554 24555 24556 24557 24558 24560 24561 24562 24563 24564 24565 27358 4333 
24566 24567 24568 
32289 32290 32291 
24571 24572 24573 24574 24575 24576 24577 24578 30357 33011 8875 9555 
22404 24582 24583 24584 24585 24586 24587 24588 24589 24590 24591 24592 24593 
18919 18921 18922 24594 24595 24596 24597 24598 24599 24600 24601 24602 24603 36347 
24604 24605 24606 24607 24608 33987 33988 7063 
18084 24625 24626 24627 24628 24629 24630 
21001 21002 24631 24632 24633 24634 24635 24636 24637 24638 24639 
24674 24675 24676 24677 
22241 22243 22244 24678 24679 24680 24681 
24682 24683 24684 
24697 24699 24700 
24694 24695 24696 24698 
13854 13855 13856 13857 13858 13859 13860 24702 24703 24704 24705 24706 24707 
24708 24709 24710 24711 24712 24713 
24714 24715 24716 
24721 24722 24723 24724 24725 24726 
24727 24728 24729 
24732 24733 
24730 24731 
1316 24734 24735 24736 24737 24738 24739 
24740 24741 24742 24743 24744 
24747 24748 24749 24750 24751 24752 24753 
24754 24755 24756 
24761 24762 24765 24767 
24760 24763 24764 24766 
24768 24769 24770 
21032 21033 21034 21035 21036 21037 24771 24772 24773 24774 24775 
24783 24784 24785 
29885 29886 29887 29888 29889 29890 29891 29893 
24805 24806 24807 
24834 24836 
17312 24847 24848 24849 24850 24851 24852 24853 24854 24855 24856 30392 5070 5071 
24857 24858 24859 
24860 24861 24862 30371 30372 677 678 684 685 686 687 691 693 
24865 29266 29267 29268 29269 
24868 24869 24870 
24871 24872 24873 24874 24875 24876 
24877 24878 24879 
24882 24883 9054 9055 9056 9057 
24884 24885 24886 24887 24888 24889 24890 
24899 24900 24901 24902 24903 
24906 24907 24908 
24909 24910 24911 24912 24913 24914 24915 24916 24917 24923 
24918 24919 24920 24921 24922 30820 30821 30822 
24928 24929 24930 24931 24932 24933 24934 24935 24936 24937 24938 24939 24940 24941 24942 24943 24944 24945 24946 24947 24948 24949 24950 24951 24952 24953 24954 24955 24956 24957 24958 24959 24960 24961 24962 24963 24964 24965 24966 24967 24968 24969 24970 24971 
24972 24973 24974 24975 24976 24977 24978 24979 
24980 24981 24982 24983 24984 24985 
24988 24989 24990 
13010 24993 
19353 25007 25008 25009 25010 25011 25012 33898 
25013 25014 25015 30779 
25016 25017 25018 
25029 25030 25031 25032 
25041 25042 25043 
25045 25046 25047 25048 25049 25050 
25066 25067 25068 25069 25070 25071 25072 
21210 25083 25084 25085 25086 25087 25088 25089 25090 25091 25092 25093 25094 25095 33070 3633 
25098 25099 25102 25103 25104 34141 
25100 25101 25105 25106 25107 
25112 25113 25114 25115 25116 31802 31803 31804 
25117 25118 25119 
25120 25121 25122 
25123 25124 25125 
25126 25127 25128 
25146 25147 25148 
25149 25150 25151 25152 25153 25154 25155 25156 
25157 25158 25159 25160 
25161 25162 25163 25164 25165 25166 25167 25168 25169 25170 25171 
25172 25173 25174 
25179 25180 25181 
17566 17567 17568 17569 21179 21180 25175 25176 25177 25178 5656 5657 5658 
25182 25183 25184 25185 25186 25187 
25192 25193 25194 25195 25196 25197 25198 25199 25200 7064 
25211 25212 25213 
25215 25216 25217 25218 25219 25220 25221 25222 25223 
21683 25229 25230 25231 25232 25233 25234 25235 25236 25237 25238 
25248 25249 25250 25251 25252 25253 
25262 25263 25264 25265 25266 
25268 25269 25270 25271 25272 25273 
25285 25286 25287 25288 25289 
25290 25291 25292 
25294 25295 25296 25297 
25300 25301 25302 25303 25304 25305 25306 25307 
25310 25311 
25308 25309 
25314 25315 25316 25317 25318 25319 25320 25321 
25322 25324 
25328 25329 25330 
25334 25335 
25333 25336 
25337 25338 25339 25340 25341 25342 
25364 25365 25366 25367 25368 25369 25370 
11181 2139 25383 25384 25385 25386 25387 25388 25389 8590 
25390 25391 25392 25393 25394 25395 25396 25397 25398 3921 9440 
25414 25415 25416 25417 25418 
25437 25438 25439 25440 
25430 25431 25432 25433 25434 25435 25436 25441 25442 
25445 25446 25447 
25450 25451 25452 25453 
25460 25461 25462 25463 
25464 25465 25466 
25468 25469 25470 25471 25472 25473 25474 33008 33009 33010 
25476 25477 25478 25479 
25475 25480 25481 25482 6255 
25483 25484 25485 25486 25487 25488 26436 26437 30020 6253 6254 
25491 25492 
25489 25490 
19098 25494 25495 25496 25497 25498 25499 
25511 25512 
25509 25510 
25513 25514 25515 25516 
25517 25518 25519 25520 25521 25522 25523 25524 25525 25526 
25527 25528 25529 
25530 25531 25532 25533 25534 25535 25536 25537 
18515 18516 18517 18518 25538 
25544 25545 25546 
25547 25548 25549 25550 25551 25552 30554 
25554 25555 25556 
25553 25557 25558 25559 25560 25561 25562 25563 25564 25565 25566 
25571 25573 
25584 25587 
25585 25586 
21244 25589 25590 25591 
25594 25595 25596 
25598 25600 
25597 25599 
25601 25602 25603 25604 25605 25606 
25607 25608 25609 
33694 33695 33696 33697 33698 33699 33700 
25631 25632 25633 25634 25635 25636 25637 25638 25639 25640 25641 25642 25643 25644 25645 25646 25647 25648 25649 25650 33690 33691 33692 33693 
25653 25654 25655 25656 25657 25658 25659 
25666 25667 25670 
25665 25668 25669 
25671 25672 25673 
25674 25675 25676 25677 25678 25679 
25682 25683 25684 25685 25686 25687 
25688 25689 25690 25691 29443 29444 29445 30547 30548 
25694 25695 25696 25697 25698 25699 25700 
25702 25703 25704 25705 25706 25707 
25719 25720 25721 25722 25723 25724 
25729 25730 25731 25732 25733 
25734 25735 25736 25737 25738 25739 
25748 25749 25750 
2146 25761 25762 25763 
21217 25771 25772 25773 25774 25775 25776 25777 25778 25779 
25780 25781 25782 25784 25785 
25788 25789 25790 25791 
25796 25797 25798 25799 
25802 25803 25804 25805 
25806 25807 25808 25809 
25811 25812 25813 25814 25815 
25818 25819 25820 25821 
13845 25833 25834 25835 25836 
25849 25850 25851 
25855 25856 25857 25858 25859 
25862 25863 25864 
25886 25888 
25914 25916 25917 25918 7774 7775 
25922 25923 25924 25925 
25943 25944 
25942 5091 
11662 18422 18423 25945 25946 25947 25948 25949 25950 25951 25952 25953 25954 25955 25956 25957 25958 25959 25960 25961 25962 
25964 25965 25966 25967 25968 25969 25970 
25973 25974 25976 25977 25978 25979 
11141 25975 25980 25981 25982 25983 25984 26187 26188 26189 26190 
25987 25988 25989 25990 25991 25992 25993 25994 25995 25996 25997 
25998 25999 26000 
26008 26009 26010 26011 
26020 26021 
26018 26019 
26022 26023 26024 26025 26026 
26027 26028 26029 
26037 26038 26039 26040 
26043 26044 26045 
19976 25374 26046 26047 26048 26049 26050 26051 26052 26053 26054 26055 26056 26057 26058 26059 26060 26061 26062 26063 26064 9417 
26093 26094 26095 26096 26097 26098 26100 26101 26102 32440 
22533 26099 32612 32613 32614 32615 33511 33512 33513 33514 
26103 26106 26108 
26104 26105 26107 
26111 26112 26113 
26120 26121 26122 
10548 10549 10550 10551 10552 10553 26123 26124 26125 26126 26127 29133 7043 7044 
26135 26136 26137 26138 26139 26140 26141 26142 27248 
12135 12136 26144 30032 30784 30785 30786 30787 30788 
26151 26152 26153 26154 
26150 26155 26156 26157 26158 
26173 26174 26175 26176 26177 
26183 26184 
26182 26185 
13277 26204 26205 26206 
11320 17310 18834 18836 18837 18838 18839 18840 18841 20316 20317 20318 20319 20320 20321 26109 26110 26208 26209 26210 26211 26212 
26222 26223 26224 26225 26226 26227 26228 26229 26230 26231 
26232 26233 26234 26235 26236 26237 26238 26239 26240 26241 26242 
26247 26249 26455 26456 26457 30706 
26250 26251 26252 26253 26254 26255 27997 27998 
26256 26257 26258 26259 26260 
26263 26264 26265 26266 
26267 26268 26269 26270 26271 26272 
26273 26274 26275 
26278 26279 26280 
26281 26282 26283 
26284 26285 26286 
26291 26292 26293 26294 32860 32861 32862 32863 32864 32865 32866 8695 
26297 26298 26299 
26305 26309 
26303 26308 
26163 26164 26165 26310 26311 26312 
26313 26314 26315 26316 26317 
16562 16564 26318 26319 26320 
26322 26323 26324 26325 26326 
26329 26330 26331 26332 26333 26334 26335 26336 
26340 26341 26342 26343 26344 26345 26346 26347 
26350 26352 26353 26355 
23086 23087 26351 26354 
19970 19971 26356 26357 26358 26359 26360 
26361 26362 
26363 26364 
22317 26367 26368 26369 
26370 26371 26372 26373 26374 26375 26376 
26377 26378 26379 
26380 26381 26382 
26410 26411 26412 26413 26414 26415 26416 26417 26418 26419 
26433 26434 26435 
26438 26441 26442 
26439 26440 
26444 26445 26446 26447 26448 26449 26450 
26451 26454 
26452 26453 
26460 26461 26462 26463 26464 
26465 26466 26467 
26468 26469 26470 
26475 26476 
26474 26477 
26478 26479 26480 26481 
26484 26485 26486 26487 
26492 26493 26494 26495 26496 26497 26498 26499 
26500 26501 26502 26503 26504 
26505 26506 26507 
26519 26520 26521 26522 
26529 26530 26531 
26532 26533 26534 26535 26536 26537 26538 26539 26540 26541 26542 26543 26544 
26548 26550 26552 26553 26554 8788 
20296 28568 28569 28570 28572 28574 28575 28576 
26565 26566 26567 26568 26569 6108 
26575 26576 26577 26578 27682 27683 
21790 26581 26582 26583 26584 26585 26586 26587 30086 30087 30088 30089 
26589 26590 26591 26592 
26593 26594 26595 26596 27441 27442 
26599 26600 26601 26603 26605 26607 26608 26609 26610 26611 26612 26613 26616 26642 
1735 1736 1737 26597 26598 26602 26604 26606 26614 26615 26617 26618 26619 26620 26621 26622 26623 26624 26625 26626 26627 26628 26629 26630 26631 26632 26633 26634 26635 26636 26637 26638 26639 26640 26641 26643 
26644 26645 26646 27898 32636 32637 5197 5198 5212 5221 5224 5225 5226 5290 565 7331 916 
26647 26648 26649 26650 26651 26652 
26653 26654 26655 
26661 26663 26664 26665 26666 
26667 26668 26669 26670 26671 26672 
26674 26675 26676 26677 26678 26679 
26681 26682 26683 
21108 26684 26685 26686 26687 26688 26689 637 643 
17903 26691 26695 26696 26698 26699 
26690 26692 26693 26694 26697 26700 
26704 26705 26706 5364 5372 5378 5379 
26712 26713 26714 
26717 26718 26719 26720 26721 26722 
26723 26724 26725 
26726 26727 26728 
26731 26732 
26729 26730 
26736 26737 
26734 26735 
26740 26741 26742 26743 
26744 26745 26746 26747 26748 26749 26750 26751 26752 26753 26754 26755 
26762 26763 26764 26765 26766 26767 26768 26769 26770 
26775 26776 26777 26778 
26781 26782 26783 
26786 26787 26788 
30191 30192 30193 30194 30195 
26792 26793 26794 26795 
26799 26800 26801 26802 26803 26804 
26806 26807 26808 26809 26810 
26815 26817 
26814 26816 
26821 26822 26823 26824 26825 26826 26827 26828 26829 26830 26831 26832 26833 
26835 26836 26837 26838 26839 
26850 26851 
26849 26852 
26854 26855 26856 26857 26858 26859 26860 26861 26862 26863 26864 26865 26866 26867 26868 26869 26870 26871 26872 26873 26874 26875 26876 26877 9383 
26878 26880 
26887 31097 
26882 26883 26884 26885 26886 26888 
26892 26893 26894 
26897 26898 26899 26900 26901 26902 5031 5032 5033 
2538 26908 
26917 26918 26919 
25188 26924 26925 26926 8184 9452 
26933 26934 26935 26936 26937 26938 
26941 26942 26943 
17744 17745 26946 26947 26948 
24612 24613 24614 24615 24616 24617 24618 24619 24620 24621 24622 25044 26962 26963 26964 
17051 26949 26950 26951 26952 26953 26954 26955 26956 26957 26958 26959 26960 26961 
26966 26967 26971 
26969 26970 
19348 26977 26978 26979 26980 
25783 2645 26981 26982 26983 26984 26985 28140 28141 28214 
26991 26992 26993 26994 
10717 12100 26997 26998 26999 27000 
27003 27004 27005 
27006 27007 27008 27009 27010 27011 27012 27013 27014 
27017 27018 27019 27020 7089 
27021 27022 27023 27024 
27025 27026 27027 27028 27029 27030 27031 
27041 27042 27043 
27045 27046 27047 27048 
27052 27053 27054 27055 27056 
27059 27060 27061 27062 27063 
27064 27065 27066 27067 27068 27069 27070 27071 27072 7503 
27076 27078 
27074 27079 27080 27081 27082 
27083 27084 27085 
27095 27096 32838 
27099 27100 27101 
27102 27103 27104 27105 27106 27107 27108 27109 27110 27111 27112 27113 27114 27115 27116 27117 27118 27119 27120 27121 27122 27123 27124 27125 27126 27127 27128 27129 27130 27131 27132 27133 27134 27135 27136 27137 27138 30671 30672 30673 
27143 27145 
27142 27144 
27146 27149 
27147 27148 
27150 27151 27152 27155 27156 27157 
27153 27154 
27158 27159 27160 
27161 27162 27163 
27165 27166 27167 
27170 27171 27172 
27179 27180 27181 
27186 27187 27188 
27191 27192 27193 27194 27195 27196 27197 
27198 27199 27200 
27208 27209 
27210 27211 
27212 27213 27214 
27215 27216 27217 27218 
27219 27222 
27223 27224 27225 27226 27227 
27230 27231 
27228 27229 
27234 27235 27236 
27239 27240 27241 27242 
27279 27280 27281 
27267 27268 27269 27270 27271 27272 27273 27274 27275 27276 27277 27278 
27282 27283 27284 
16349 16350 16351 21547 30142 30143 
27301 27302 27303 27304 27305 27306 27307 27308 27309 27310 27311 27312 27313 27314 
27315 27316 27317 27318 27319 27320 
27327 27328 
27324 27325 
27329 27330 27331 27332 27333 
27346 27347 27348 27349 27350 27351 
27361 27362 27363 
27367 27368 27369 27370 27371 
11473 27372 27373 27374 27375 
10602 11310 11315 11321 11322 27405 27406 27407 27408 27409 27410 27411 27412 27413 27414 27415 27416 27417 27418 27419 27420 27421 27422 27423 27424 27425 27426 27427 27428 27429 27430 27431 27432 27433 27434 27435 27436 27697 27698 27699 27700 27701 27702 27703 27704 27705 27706 27707 27708 27709 27710 27711 28556 29836 29839 4434 4435 4445 4446 4447 4448 4449 4450 4451 4452 4453 4454 4455 4456 4457 4458 4459 4460 4461 4462 4463 4464 4465 4466 4467 4468 4469 6941 
24509 24510 27448 27449 27450 
21401 27451 27453 30186 30187 30188 
27457 27458 27459 27460 27461 27462 
27465 27466 27467 27468 27469 27470 28893 28894 28895 
27473 27474 27475 27476 
27479 27480 27481 
27482 27483 27484 27485 27486 27487 27488 
27489 27490 27491 27492 
27493 27494 27495 27496 
27501 27502 27503 27504 
27505 27506 27507 
27508 27509 27510 27511 
27514 27515 27517 
27512 27513 27516 
27520 27521 27522 27523 27524 27525 
27528 27529 27530 27531 27532 27533 27534 
27535 27536 27537 27538 27539 
27544 27545 27546 27547 27548 27549 27550 27551 27552 27553 27554 27555 27556 27557 27558 27559 
27560 27561 33316 33317 33318 33319 
27562 27563 27564 27565 27566 27567 27568 
27569 27570 27571 27572 27573 
27574 27575 27576 
27577 27578 27579 27580 
27591 27592 27593 
12080 27583 27584 27585 27586 27587 27588 27589 27590 
27600 27601 27602 27603 27604 27605 27606 27607 27608 27609 
27613 27614 27615 27616 27617 27618 27619 
23468 23469 23470 27620 27621 27622 27623 27624 27625 27626 27627 
27632 31685 31686 31687 
27634 27635 27636 27637 27638 27639 27640 27641 27642 27643 27644 27645 27646 27647 27648 
27653 27654 27655 27656 27657 27658 27659 
27662 27663 27664 27665 27666 27667 27668 27669 27670 27671 
27690 27691 27692 27693 7078 
27694 27695 27696 
27730 27731 27732 27733 27734 27735 27736 27737 27738 27739 27740 27741 
27742 27743 27744 
27753 27754 27755 27756 
27761 27762 
27768 27769 27770 
27771 27772 27773 27774 27775 27776 
27780 27781 
27778 27782 
27785 27786 
27787 27788 27789 27790 
27791 27792 27793 
27794 27795 27796 27797 27798 
27801 27802 27803 
27811 27812 27813 27814 
27815 27816 27817 27818 27819 27820 27821 27822 27823 
27824 27825 27826 
27827 27828 27829 27830 
22367 27831 27832 27833 27834 27835 35808 35809 35810 
27836 27837 27838 
27839 27840 27841 
27850 9799 9800 
17699 17705 20358 20359 20360 26551 26555 26556 27298 27446 28498 28499 28500 28501 
24155 24156 24157 24158 27854 27855 27856 27857 27858 27859 27860 27861 27862 27863 27864 27865 
27869 27870 27871 27872 27873 
27874 27875 27876 27877 
27878 27879 27880 27881 27882 27883 27884 27885 27886 27887 27888 27889 8798 
27890 27891 27892 27893 27894 
27902 27903 27904 27905 27906 
27911 27912 
27907 27908 27910 
29072 29073 29074 
27972 27973 27974 
27982 27983 27984 27985 
27991 27992 27993 
27994 27995 27996 
27999 28000 28001 28002 28003 28004 28005 28006 28007 28008 
28009 28010 28011 28012 
28015 28016 28017 
28019 28020 
28018 28021 
28022 28023 28024 
28025 28026 28027 28028 28029 28030 28031 28032 
15608 28033 28034 28035 28036 28037 28038 6829 
13695 22457 22458 23688 23689 27452 28045 28046 28047 28048 28049 28050 28051 28052 29864 30189 
28069 28070 28071 
28072 28073 28074 
28079 28080 28081 28082 28083 28084 28085 28086 28087 
11306 28091 28092 28093 28094 28095 
34782 34783 34784 34785 
25876 28096 28097 28098 28099 28100 28101 28102 28103 28104 28105 28106 28107 28108 28109 28110 28111 30868 34803 34804 34805 
28112 28113 28114 
28117 28118 28119 28120 28121 
28158 28159 28160 28161 28162 28163 28164 
28165 28166 28167 28168 
28169 28170 28171 28172 
28173 28174 28175 
28178 28179 28180 
28181 28182 28183 
28184 28185 28186 28187 28188 28189 28190 28191 28192 
28193 28194 28195 
14965 14974 28200 28202 28203 28204 28205 28206 
14015 28230 28231 28232 28233 28234 28235 
28236 28237 28238 28239 28240 28241 
28244 28245 28246 
28252 28253 28254 28255 
28261 28262 28263 28264 28265 28266 28267 
28283 28284 28285 28286 28287 
28298 28299 28300 28301 28302 28303 28304 28305 28306 
28317 28318 
28315 28316 
17285 17287 28329 28330 28331 28332 28333 28334 
28339 28340 28341 28342 
28365 28366 28367 28368 28369 28370 28371 
28374 28377 
28375 28376 
28378 28379 28380 
28383 28384 28385 28386 
28387 28388 28389 28390 
28391 28392 28393 
28396 28397 
28394 28395 
28398 28399 28400 28401 28402 28403 28404 28405 
28411 28412 28413 
28420 28421 28422 28423 
28424 28425 28426 28427 28428 
28429 28430 28431 
28434 28435 28436 28437 28438 28439 28440 
28441 28442 28443 28444 28445 28446 28447 28448 
28453 28454 
28451 28452 
28455 28456 28457 28458 28459 
28464 28465 28466 28467 28468 28469 
28470 28471 28472 28473 
24524 24531 28474 28475 28476 28477 28478 28479 28480 28481 28482 28483 28484 28485 
28488 28489 28490 28491 28492 29047 29048 
21546 28494 
28506 28507 28508 
28509 28510 28511 28512 28513 28514 28515 3411 
28518 28520 
28519 28521 
28524 28525 28526 28527 28528 28529 
28540 28541 28542 
28543 28544 28545 28546 
20626 20627 20628 28343 28344 28345 28547 28548 28549 28550 
26337 28561 28562 28563 28564 28565 28566 28567 
28582 28583 28584 28585 28586 28587 33441 34919 34921 34922 
28598 28599 28600 28601 28602 28603 28604 28605 28606 28607 28608 
25081 28612 28613 28614 28615 28616 28617 
28618 28619 28620 28621 28622 28623 28624 
28663 28664 28665 28666 28667 28668 28669 28670 28671 
28674 28676 
28672 28675 
28682 28683 28684 
28686 28687 28688 28689 28690 28691 28692 28693 28694 28695 28696 28697 28698 28699 28700 28701 28702 28703 
28708 28709 28710 28711 
28712 28713 28714 28715 28716 
28717 28718 28719 
28720 28721 28722 28723 28724 
28725 28727 
28729 28730 28731 28732 28733 
28734 28735 28736 
28739 28740 28741 
28742 28743 28744 28745 28746 30070 30072 30073 
28751 28752 28753 
28757 28758 
28756 28759 
28764 31607 31608 31609 31610 31614 32670 32671 32672 
12063 18034 18035 28762 28763 28765 28766 29703 29704 29705 
28774 28775 28776 28777 28778 28779 
28782 28783 28784 28785 28786 
28789 28790 28791 
10382 28805 28806 28807 28808 28809 28811 28812 28813 28814 3445 
2833 2834 28819 28820 28821 28822 28823 28824 28825 28826 28827 
12242 28828 28829 28830 
28847 28848 28849 28850 28851 28852 
12431 28853 28854 28855 28856 28857 
28860 28861 
28858 28862 
28886 28887 28888 28889 28890 
28898 28899 
28896 28897 
28900 28901 28902 28903 
28905 28906 
28904 28907 
28908 28909 28910 28911 28912 28913 28914 28915 28916 28917 
28923 28924 28925 
28926 28927 28928 28929 28930 28931 28932 
28933 28934 28935 
28942 28943 28944 
28945 28946 28947 28948 28949 28950 28951 28952 28953 28954 28955 
28958 28959 28960 28961 28962 28963 28964 28965 28966 28967 28968 28969 28970 28971 28972 28973 28974 28975 28976 28977 28978 28979 9329 
28980 28981 28982 28983 28984 28985 
12630 12632 12633 12634 12648 12649 12650 12651 15981 15995 15996 15997 15998 19531 19532 19533 29001 29002 29003 29004 29005 29006 29007 29008 31087 31088 7595 
29012 29013 29014 29015 
1853 29016 29017 29018 29019 29020 29021 30906 30907 7800 
29022 29023 29024 29025 29026 29027 29028 29029 29030 29031 29032 
19061 29033 29035 29036 29037 29038 
29039 29040 29041 29042 
29043 29044 29045 29046 
29051 29052 29053 29054 29055 29056 29057 
29065 29066 29067 29068 
29069 29070 29071 
29075 29076 29077 29078 29079 29080 
29085 29086 29087 29088 29089 29090 
29091 29092 29093 29094 29095 
29100 29101 29102 29103 29104 29105 29106 29107 29108 
29112 36459 36460 
29109 29110 29111 
29113 29114 29115 29116 29117 
29118 29119 29120 
29121 29122 29123 29124 29125 29126 29130 29131 29132 
29127 29128 29129 
29136 29137 29138 36483 5112 7703 
29145 29146 29147 29148 
29153 29154 29155 29156 29157 29158 29159 29160 29161 
19456 19458 19459 29162 29163 29164 29165 29166 29167 29168 29169 29170 29512 29513 34127 
29174 29175 
29173 29176 
29180 29181 29182 
29187 29188 29189 29190 
29193 29194 29195 29196 29197 
29200 29201 29202 
29203 29204 29205 29206 29207 29208 
29209 29210 29211 29212 29213 
29218 29219 29220 29221 29222 
29223 29224 29225 29226 29227 29228 
29229 29230 29231 29232 
29263 29264 29265 
29274 29277 29279 
29275 29276 29278 
28573 29282 29283 29284 29285 29286 29287 29288 29289 
29290 29291 29292 29293 29294 29295 4852 
29297 29300 
19062 24288 29303 29304 29305 29306 30919 
29307 29308 29309 29310 29311 
29314 29315 29316 
29317 29318 29319 29320 29321 29322 29323 31666 34161 34957 34958 
29326 29328 
29354 29355 37000 
29358 29359 29360 29361 29362 
1848 29363 29364 29365 29366 
29367 29368 29369 29370 29371 29372 29373 29374 29375 
28271 28647 28648 28651 29376 
23380 23381 23383 29381 29382 
29388 29389 29390 29391 
29394 29395 29396 29397 29398 29399 29400 29401 
29404 29405 29406 29407 29408 29409 29410 29411 29412 29413 29414 29415 
29416 29417 29418 
29419 29420 29421 
29424 29425 29426 29427 29428 29430 
29431 29432 29433 29434 29435 29440 
29436 29437 29438 29439 
29459 29460 
29456 29457 
29466 29467 29468 
29473 29474 29475 29476 
29484 29485 29486 29487 
29496 29497 29498 29499 29500 
29490 29501 29502 29503 33253 
20757 22220 29508 29509 6226 6228 
20545 29518 29519 29520 29521 
29524 29525 29526 29527 
29537 29539 29540 29541 29542 
29538 29543 29544 29545 29546 29547 29548 29549 29550 29551 29552 29553 29554 29555 29556 29557 29558 
29559 29560 29561 29562 29563 29564 
29565 29567 
29566 29568 
29571 29572 
29569 29570 
29573 29574 29575 29576 29577 29578 29579 
29580 29581 29582 
29583 29584 29585 29586 29587 29588 29589 29590 29591 29592 29593 29594 
29595 29596 29597 29598 29599 29600 29601 29602 29603 29604 29605 29606 29607 
29614 29615 29616 
29617 29619 
31338 31339 
29622 29623 29624 29625 29626 29627 
29630 29631 29632 29633 29634 29635 
29636 29637 29638 
29640 29641 29642 29643 
17201 29653 29655 29656 29657 29658 29659 29660 30932 30933 30934 30935 
29343 29664 29665 29666 29667 
29677 29678 29679 29680 
30589 30590 30591 30592 
29688 29689 29690 
29697 29698 
29692 29693 29699 
29707 29708 29709 29710 
29716 29717 29718 
29721 29722 
29719 29720 
29723 29724 29725 29726 
29728 29729 
29727 29730 
29735 29736 29737 29738 29739 
26178 29759 29760 29761 29762 29763 29764 29765 
21558 29767 29768 29769 29770 29771 29772 30862 30863 
29782 29783 29784 29785 
29786 29787 29788 
29804 29805 29806 
29808 29809 29810 
29811 29812 29813 
29818 29819 29820 
29823 29824 29825 29826 29827 
29830 29832 
29831 29833 
7309 7310 
29843 29844 29845 29846 29847 
29850 29851 29852 29853 
29854 29855 29856 29857 29858 29859 29860 29861 29862 29863 
1439 16619 16620 29870 29871 29872 29873 29874 29875 29876 29877 29878 
29879 29880 29881 
10385 23496 24790 24791 24792 24793 24794 24795 24796 24797 29892 29894 29895 29896 29897 29898 29899 29900 
29901 29902 29903 29904 
29928 29929 29930 29931 29932 
29937 29938 29939 
29942 29943 29944 29945 29946 29947 29948 29949 
29954 29955 29956 29957 29958 29959 29960 29961 29962 29963 29964 
29965 29966 29967 
29972 29973 29974 29975 
29976 29977 29978 29979 
29980 29981 29982 29983 29984 29985 29986 
29987 29990 
29988 29989 
29994 29995 29996 29997 29998 29999 
30000 30001 30002 
1869 19190 19211 19212 19213 19214 19215 19218 19219 19220 19221 19222 19223 30006 30007 30008 30009 30010 30011 32238 6827 
30023 30024 30025 
30026 30027 30028 30029 30030 30031 30033 30034 
30036 30037 30038 
28153 28155 30041 30042 30043 30044 30045 30046 30047 30048 
30049 30050 30051 30052 30053 30054 
30057 30058 30059 30060 30061 30062 30063 30064 30065 30066 30067 30068 30069 
30071 30074 30075 30076 30077 30078 30232 30233 31310 31311 31312 31313 
30081 30082 30083 
30091 30092 30093 30094 30095 
30100 30101 30102 30103 30104 30105 30106 30107 30108 30109 32032 
22120 30112 
30110 30111 
15589 30117 30118 30119 30120 30121 30122 30123 30124 
30135 30136 30137 
30144 30145 30146 
30152 30153 30154 30155 30156 30157 30158 30159 30160 30161 30162 30163 
30166 30170 
30174 30175 30176 30177 30178 
30179 30180 30181 
30205 30207 
30206 30208 
30209 30210 30211 30212 30213 30214 30215 30216 30217 30218 
30219 30220 30221 
30222 30224 
30223 30225 
30226 30227 30228 30229 30230 30231 
30234 30235 30236 30237 30238 
30239 30240 30241 
30248 30249 30250 
30251 30252 30253 30254 30255 
30258 30259 30260 
30269 30270 30271 30272 30273 
30274 30275 30276 
30284 30285 30286 30287 30288 30296 30297 30298 30299 30300 30301 30302 30303 
30307 30308 32599 32600 32601 3575 3576 3577 3578 
20993 30325 30326 30327 30328 30329 30330 30331 
30344 30345 30346 30347 30348 30349 
30358 30359 32071 32072 32073 32074 
30360 30361 30362 30363 
30366 30367 30368 
30375 30376 30377 30378 30379 30380 30381 30382 30383 4854 
30168 30169 30386 30387 30388 
30389 30390 30391 
30393 30394 30395 30399 30400 
30396 30397 30398 
26845 30401 30402 30403 30404 30405 30406 30407 5394 
24418 24419 30408 30409 30410 30411 30412 30413 30414 30415 30416 30417 30418 
21087 21088 21089 21090 27765 27766 27767 30423 30424 
30427 30428 30429 
30430 30431 30432 30433 30434 30435 30436 30437 30438 30439 30440 30441 30442 30443 30444 30445 30446 30448 30449 30450 30451 
30453 30454 30455 30456 30457 30460 30461 30462 30463 30464 
30447 30452 30458 30459 30465 30466 30467 30468 30469 30470 30471 30472 30473 30474 30475 30476 30477 30478 30479 30480 30481 30482 30483 30484 30485 30486 30487 30488 30489 30490 30491 30492 30493 30494 30495 30496 30497 30498 30499 30500 30501 30502 30503 30504 30505 30506 30507 30508 30509 30510 30511 30512 30513 30514 30515 30516 30517 30518 30519 30520 30521 30522 30523 
30524 30525 30526 
30529 30530 30531 
30532 30533 30534 30535 30536 30537 30538 35576 
30551 30552 30553 
30559 30560 30561 30562 30563 30564 30565 30566 30567 30568 30569 
30572 30573 30574 30575 
30578 30580 30581 30583 
30579 30582 30584 30585 
29681 30593 30594 30595 
21017 30599 30600 30601 
30602 30603 30604 30605 
30608 30609 30610 30611 30612 30613 30614 30615 30616 30617 30618 30619 30620 
16736 16737 16738 16739 16740 19972 27934 27936 29766 30642 30643 30644 30645 36843 36844 
28273 30654 30655 30656 30657 30658 30659 
30662 30663 30664 30665 30666 30667 30668 
30677 30678 30679 30680 30681 30682 
30683 30684 30685 
30688 30689 30690 
30691 30692 30693 
30695 30696 
30694 30697 
30698 30699 30700 30701 
30703 30704 32318 32320 
30707 30708 30709 30710 30711 30712 
30713 30714 30715 30716 
30721 30722 30723 
30724 30725 30726 30727 30728 30729 30730 30731 30732 30733 30734 
30735 30736 30737 
29429 30738 30739 30740 30741 
30742 30743 30744 
30745 30746 30747 30748 30749 30750 
30751 30752 30753 30754 30755 30756 30757 30758 30759 30760 30761 30762 32592 32593 
30765 30766 30767 
30773 30774 30775 
30780 30781 30782 30783 
30795 30796 30797 30798 
28115 28116 30800 30801 30802 30803 4144 4146 4151 4152 4153 4154 4155 4156 6140 
30815 30816 30817 
30823 30824 30825 30826 
30827 30828 30829 
30830 30831 30832 30833 30834 
30847 30848 30849 30850 
30851 30852 30853 
30856 30857 30858 
30859 30860 30861 
30864 30865 30866 30867 
34811 34812 34813 
30913 30914 30915 30916 30917 30918 8973 
30920 30921 30922 
30925 30926 30927 30928 
30929 30930 30931 
30936 30937 30938 30939 
30944 30945 30946 
30947 30948 30949 30950 30951 
30957 30958 30959 30960 30961 30962 30963 
30977 30979 30980 
30976 30978 30981 
30982 30983 30984 30985 30986 
30991 30992 30993 30994 30995 30996 
30997 30998 30999 31000 
31001 31002 31003 31004 31005 
31008 31009 31010 
31011 31012 31013 31014 31015 
31019 31020 31021 
31024 31025 31026 31027 31028 
31030 31031 31032 31033 
31037 31038 31039 31040 31041 31042 
31046 31047 31048 31049 31050 31051 31052 31053 31070 
12907 31045 31055 31056 31057 31058 31059 31060 31067 31068 31069 
31061 31062 31063 31064 31065 31066 
31071 31072 31073 31074 
31080 31081 31082 31083 31084 
31100 31102 
31099 31101 
18163 31115 31116 31117 
31127 31128 31129 
31132 31133 31134 
31135 31136 31137 31138 
31142 31143 31144 31145 31146 
31147 31148 31149 
31150 31151 31152 
31155 31156 31157 31158 31159 31160 31161 31162 31163 31164 31165 
31173 31174 
31184 31185 
31182 31183 
31186 31187 31188 31189 31190 31191 31192 
31196 31197 31198 31199 
31200 31201 31202 31203 31204 
31208 31209 31210 31211 
31217 31218 31219 31220 31221 31222 
31227 31228 31229 
31230 31231 31232 31233 31234 31235 31236 31237 31238 
31245 31246 31247 31248 31249 31250 31251 
31252 31253 31254 31255 
31263 31264 
31267 31268 31269 
31271 31272 31273 31274 31275 
31278 31279 31280 
16863 31287 31288 
31291 31292 31293 31294 31295 31296 31297 31298 31299 
31300 31301 31302 31303 
31304 31305 31306 31307 31308 31309 
31314 31315 31316 31317 
31320 31321 31322 
31323 31324 31325 
31328 31329 31330 
31332 31334 
31331 31333 
29620 29621 
31340 31341 31342 
31348 31349 31350 31351 31352 31353 31354 
31355 31356 31357 
31373 31374 
31376 31377 
31369 31371 
31384 31385 
31386 31387 
29477 29478 29479 31388 31389 31390 31391 31392 31393 31394 31395 31396 31397 31398 31399 31400 31401 31402 31403 31404 31405 31406 31407 31408 31409 31410 31411 31412 
31414 31415 31416 
31430 31431 31432 31433 31435 31438 31460 31461 31463 31464 
31494 31495 31496 31497 
31499 31500 31501 
31054 31508 31509 31510 31511 31512 31513 
31519 31520 31521 31522 31523 31524 31525 31526 31527 
22322 31537 31538 31539 31540 
31541 31542 31543 31544 31545 
31546 31547 31548 31549 31550 31551 31552 31553 31554 31555 31556 
31557 31558 31559 
31561 31563 
31560 31562 
31564 31565 31566 
31573 31574 31575 31576 31577 
31581 31583 
31582 31584 
31597 31598 
31595 31596 
31601 31602 31603 31604 
31615 31616 31617 31618 
31630 31631 31632 
31633 31634 31635 
31638 31639 
31636 31640 
31646 31647 31648 31649 31650 31651 31652 
31655 31656 31657 31658 
31661 31662 31663 
31670 31671 31672 31673 31674 
1408 1411 31675 31676 31677 31678 
31681 31682 31683 31684 
31688 31689 31690 31691 31692 
31693 31694 31695 
31703 31704 31705 31706 31707 31708 
31711 31712 31713 31714 31715 31716 31717 31718 31719 31720 32654 32655 32656 935 939 
31730 31731 31732 31733 31734 31735 31736 
31737 31738 31739 31740 31741 31742 31743 31744 31745 31746 
31747 31748 31749 
31754 31755 31756 
31757 31758 31759 31760 31761 
31762 31763 31764 
31765 31767 
31766 31768 
31769 31770 31771 31772 
31775 31776 31777 31778 31779 31780 31781 
31784 31785 31786 31787 31788 
31789 31790 31791 
16696 34502 34503 34504 34507 34508 34511 
31796 31797 31798 31799 
31807 31808 31809 31810 31811 31812 31813 
31814 31815 31816 31817 31818 31819 31820 
31821 31822 
31825 31826 31827 
31828 31829 31830 31831 31832 
31833 31834 31835 7596 
31836 31837 31838 
31839 31840 31841 
31843 31844 
31853 31854 31855 31856 31857 
31858 31859 31860 
31863 31864 31865 
31866 31867 31868 936 
31869 31870 31871 31872 31873 
31874 31875 31876 
31877 31878 31879 31880 31881 
31884 31885 31886 31887 
31888 31889 31890 31891 31892 31893 31894 31895 
31896 31897 31898 
31899 31900 31901 
31905 31906 31907 31908 
31909 31910 31911 
31912 31913 31914 31915 31916 31917 31918 
24798 24799 24800 31921 31922 31923 31924 31925 
26709 26710 
31937 31938 31939 
31940 31941 31942 31943 31944 31945 
31950 31951 31952 31953 31954 
31955 31956 31957 
31958 31959 31960 31961 31962 
31966 31967 31968 
31974 31975 31976 31977 31978 
31983 31984 31985 31986 31987 31988 31989 31990 31991 31992 31993 31994 31995 31996 31997 31998 31999 32000 32001 32002 32003 32004 32005 32006 
32008 32009 32010 32011 32012 32013 
32017 32018 
32014 32016 
32023 32024 32025 32026 32027 
32037 32038 32039 32040 
32043 32044 32045 32046 32047 
32056 32057 32058 
33936 33937 33938 
32075 32076 32077 
32085 32086 32087 
32088 32089 32090 
32091 32092 32093 32094 32095 32096 
32110 32111 32112 32113 32114 32115 
32122 32123 32124 32125 32126 32127 32128 32129 32130 
32133 32134 32135 32136 32137 
32140 32141 32142 32143 32144 
32150 32151 32152 
32155 32156 32157 
32160 32161 32162 
32163 32164 32165 32166 
32167 32168 32169 
32170 32171 
32175 32176 32177 32178 32179 32180 32181 32182 32183 32184 
32185 32186 32187 32188 32189 32190 33213 33214 33215 
32191 32192 32193 32194 32195 32196 32197 32198 
21109 21110 24559 28133 29644 29645 29646 32202 32203 32204 32205 32206 32207 32208 32209 32210 32211 32212 32213 32214 
32218 32219 32220 
32221 32222 32223 
32224 32225 32226 
32229 32230 32231 32232 32233 32234 32235 32236 32237 
32256 32257 32258 32259 32260 
32261 32262 32263 32264 32265 32266 
32277 32278 
32275 32276 
32281 32282 
32279 32280 
32294 32295 32296 
32297 32298 32299 32300 32301 32302 32303 
32304 32305 32306 
32310 32312 
32309 32311 
32313 32314 32315 32316 
32317 32319 
32324 32326 
32325 32327 
32328 32329 32330 32331 
32332 32333 32334 
32335 32336 32337 
32338 32339 32340 
32343 32344 32345 32346 32347 32348 32349 32350 32351 32352 32353 32354 32355 32356 32357 
32358 32359 32360 32361 32362 32363 
32364 32365 32366 
32367 32368 32369 
6618 6619 6620 6621 
22991 32370 32371 32372 32373 32374 32375 32376 34196 6617 
31729 32377 32378 32379 32380 
32390 32391 32392 32393 32394 32395 32396 
32397 32398 32399 32400 32401 
32402 32403 32404 32405 32406 32407 
33267 33268 33269 
32408 32409 32410 32411 32412 32413 7525 7526 7527 
29773 32414 32415 32416 32417 35111 
32421 32422 32423 32424 32425 
32430 32431 32432 
32441 32442 32443 
32446 32447 32448 
32449 32450 32451 
32452 32453 32454 
27203 27204 27205 32459 32460 32461 32462 5420 
32463 32464 32465 32466 32467 32468 32469 32470 
32473 32474 
32471 32472 
32475 32476 32477 32478 
32479 32480 32481 32482 
32483 32484 32485 
32491 32492 32493 
32488 32489 32490 
32496 32497 32498 
32499 32500 32501 
14892 32506 32507 32508 32509 32510 32511 32512 32513 
32526 32527 32528 32529 32530 32531 32532 32533 32534 
32539 32540 32541 32542 32543 32544 
32545 32546 32547 
32550 32551 32552 
32557 32558 
32555 32556 
32565 32566 32567 
32571 32573 
32570 32572 
32576 32577 32578 
32579 32580 32581 
32582 32583 32584 32585 32586 
32589 32590 32591 
32596 32597 32598 
32602 32603 32604 32605 32606 32607 
32608 32609 32610 
32616 32617 32618 
29450 32626 32627 32628 32629 32630 32631 
32633 32634 
32638 32639 32640 32641 32642 32643 32644 
32647 32649 
32648 32650 
32651 32652 32653 
32664 32665 32666 32667 32668 32669 36379 36380 36381 36382 36383 
32673 32674 32675 
32679 32680 32681 32682 32683 32684 32685 32686 32687 32688 32689 32690 
32691 32692 32693 32694 32695 3407 
32700 32702 
32698 32699 
26797 32703 
32708 32709 32710 
32711 32712 32713 
32714 32715 32716 
32719 32720 32721 
32724 32725 32726 
32729 32730 32731 32732 32733 32734 32735 32736 
32737 32738 32739 32740 32741 32742 
32745 32746 32747 
32750 32751 32752 32753 32754 32755 32756 32757 32758 32759 
32760 32761 32762 
32763 32764 32765 32766 
32767 32768 32769 
32772 32773 32774 32775 
32781 32782 
32778 32780 
32783 32784 32785 32786 
32787 32788 32789 
32799 32800 32801 32802 32803 32804 
32809 32810 32811 
32823 32824 32825 
32826 32827 32828 32829 32830 32831 32832 32833 
32834 32835 32836 32837 
32840 32841 32842 
32851 32852 32853 32854 
24665 24666 24667 24668 24669 24670 24671 32856 32857 32858 32859 
32873 32874 32875 32876 32877 
32880 32881 32882 32883 32884 32885 32886 
32887 32888 32889 
32894 32895 
32892 32893 
32898 32899 32900 32901 
32902 32903 32904 
32905 32906 32907 32908 
32914 32915 32916 
32917 32918 32919 
32920 32921 32922 
32925 32926 32927 32928 32933 
32929 32930 32931 32932 32934 
32939 32940 32941 
32942 32943 32944 
32945 32946 32947 32948 
32951 32952 32953 32954 
32957 32958 32959 32960 
32961 32962 32963 32964 
32965 32966 32967 32968 32969 32970 32971 
27687 27688 27689 32976 32977 
32997 32998 32999 33000 33001 33002 
20312 20315 22093 27073 27866 33003 33004 33005 33021 33022 33023 
11056 33006 
33025 33028 33029 
33024 33026 33027 
23630 23631 23632 33030 33031 33032 
33037 33038 33039 
33040 33041 33042 33043 33044 
33045 33046 33047 33048 
33049 33050 33051 33052 
33059 33060 
33058 33061 
33066 33067 
33064 33065 
33077 33078 33079 
33080 33081 33082 33083 
33092 33093 33094 
31514 33095 33096 33097 33098 33099 33100 33101 
33104 33105 33106 
33109 33110 33111 33112 33113 33114 33115 33116 33117 33118 33119 33120 33121 33122 33123 
33126 33127 33128 
33138 33139 33140 
33141 33143 
33142 33144 
33148 33149 33150 33151 33152 
33153 33154 33155 33156 33157 
33158 33159 33160 
33161 33162 33163 
33164 33165 33166 33167 33168 33169 33170 33171 
33173 33175 
33172 33174 
33176 33177 33178 33179 33180 33181 
33188 33189 33190 
33182 33183 33184 33185 33186 33187 
33191 33192 33193 
33201 33203 
33200 33202 
33206 33207 33208 
33209 33212 
33210 33211 
33216 33217 33218 
33219 33220 33221 
33222 33223 33224 33225 33226 33227 33228 33229 33230 33231 33232 33233 33234 
33237 33238 33239 
33244 33245 33246 33247 
33249 33250 33251 33252 
33282 33283 33284 33285 33286 33287 33288 33963 33964 33965 
33289 33290 33291 
33296 33297 
33294 33295 
33299 33302 
33303 33304 33305 33306 
33307 33308 33309 33310 33311 33312 
33313 33314 33315 
33320 33321 33322 
33323 33324 33325 
33327 33337 33338 33339 33340 33341 33342 33343 36396 
33326 33329 33332 
33336 35824 35825 
33344 33345 33346 33347 33348 33349 33350 
33352 33353 33354 
33359 33361 35029 35030 35031 
33362 33394 
33365 33366 33367 
33368 33369 33370 33371 33372 33373 33377 33378 33379 
33374 33375 33376 34408 34409 
33382 33383 33384 33385 
33388 33389 
33387 33390 
33360 33363 
33392 33393 
33395 33396 34618 34619 34620 34621 34622 34623 34624 
33401 33402 33403 
33404 33405 33406 
33407 33408 33409 33410 33411 33412 33413 33414 33415 
33416 33417 33418 
33419 33420 33421 33422 33423 
33430 33431 33432 33433 
33451 33452 33453 
33458 33459 33460 33461 33462 33463 33464 
33465 33466 33467 
33470 33471 33472 33473 
26166 33475 33476 33477 33478 33479 33480 33481 33482 35356 35357 
33483 33484 33485 
33486 33487 33488 33489 33490 33491 33492 33493 33494 33495 
33506 33507 33508 
33520 33521 33522 33523 33524 33525 
26194 33530 33531 33532 33533 33534 33535 33536 
33539 33540 33541 33542 
35161 35162 9794 9795 9796 
33549 33550 33551 33552 33553 33554 33555 
33557 33558 33559 
33561 33562 33563 33564 33565 33566 33567 33568 33569 33570 33571 33572 33577 33578 34105 34106 34107 34108 34109 34169 
33573 33574 33575 33576 
33584 33585 33586 33587 33588 33589 33590 33591 33592 33593 
33594 33595 33596 
33597 33598 33599 33600 
33601 33604 
33602 33603 
19714 33605 33606 33607 33608 33609 33610 33611 33612 33613 33614 
33617 33618 33619 33620 
33625 33626 33627 33628 33629 33630 33631 
33632 33633 33634 
33638 33639 33640 
33643 33644 33645 33646 
33659 33660 33661 33662 
33667 33668 33669 
33672 33673 33674 33675 
33678 33679 33680 33681 33682 33683 
33685 33686 33687 33688 33689 
33701 33702 33703 
33704 33705 33706 
33714 33715 33716 33717 33718 33719 33720 
33739 33740 33741 33742 
33755 33756 33757 33758 33759 
33769 33772 
33771 33773 
33770 33774 33775 33776 33777 33778 33779 35305 35306 35329 35330 35331 35332 35333 35334 
33781 33782 33783 33784 33785 33786 33787 33788 
33789 33790 33791 
33792 33793 33794 33795 
33796 33797 33798 33799 33800 33801 33802 33803 33804 33805 33806 33807 
33808 33809 33810 33811 
33816 33817 33818 33819 
33824 34178 
33820 33821 33822 33823 
34180 34182 
24439 30964 30965 30966 30967 30968 30969 33825 33826 34658 34659 34660 3941 
13847 33832 33833 33834 33835 33836 33837 33838 
33839 33840 33841 33842 33843 33844 33845 33846 33847 
33848 33849 33850 
33851 33852 33853 
33854 33855 33856 33857 33858 33859 33860 33861 33862 33863 33864 33865 33866 
29472 33869 33870 33871 33872 33873 33874 33875 
33876 33877 33878 33879 
33880 33881 33882 
33883 33884 33885 
33891 33892 
33889 33890 
33893 33894 33895 33896 33897 
33899 33900 33901 
33902 33903 33904 33905 33906 33907 33908 33909 33910 33911 33912 33913 33914 33915 33916 33917 
33921 33922 33923 
33930 33931 33932 
33929 33933 33934 
33939 33940 33941 33942 
33943 33944 33945 
33953 33954 33955 
33948 33949 33950 33951 33952 
33956 33957 33958 33959 33960 
33971 33972 
33968 33969 
33977 33978 33981 
33976 33979 33980 
33984 33985 33986 
33994 33995 33996 33997 
33998 33999 34000 
34001 34002 34003 
34006 34007 34008 34009 
34010 34011 34012 
34013 34014 34015 34016 
34017 34018 34019 34020 34021 34022 34023 
34024 34025 34026 34027 34028 34029 34030 34031 34032 34033 34034 34035 34036 34037 34038 34039 
34040 34041 34042 34043 34044 
34045 34046 34049 
34047 34048 34050 
34054 34055 
34057 34058 34059 34060 34061 
34064 34065 34066 
34069 34070 34071 34072 34073 34074 34075 
34076 34077 34078 34079 34080 
34083 34084 34085 34086 
34087 34088 34089 34090 34091 
34092 34093 34094 34095 
34096 34097 34098 
34099 34100 34101 34102 
34117 34118 34119 34120 34121 34122 34123 
34124 34125 34126 
34132 34133 34134 34135 34136 
34139 34140 
34137 34138 
34144 34145 34146 34147 34148 
13987 34150 34151 34302 7602 
34154 34155 34156 
34166 34167 34168 
34170 34171 34172 34173 34174 34175 34176 34177 
34185 34186 34187 
14201 14202 14203 14204 14205 14206 14207 34190 34191 34192 34193 34194 34195 
34197 34198 34199 34200 34201 
34202 34203 34204 34205 34206 34207 34208 
34209 34210 34211 34212 
34213 34214 34215 
34216 34217 34218 34219 34220 34221 34222 34223 34224 
34225 34226 34227 34228 34229 
34230 34231 34232 
34235 34236 
34233 34234 
34237 34238 34239 34240 34241 34242 34243 34244 34245 34246 34247 
34248 34249 34250 
34251 34252 34253 
34256 34257 34258 
34259 34260 34261 
34262 34263 34264 
34265 34266 34267 
34268 34269 34270 34271 34272 34273 34274 34275 34276 
34283 34284 34285 34286 34287 
34288 34289 34290 
34296 34297 34298 
34299 34300 34301 
23059 34303 34304 34305 
18291 18292 18293 18294 18295 18296 18297 34306 34307 34308 34309 34310 34948 
34311 34312 34313 
34314 34315 34316 34317 
34318 34319 34320 
34321 34322 34323 
34324 34325 34326 
34335 34336 34337 
34340 34341 
34338 34339 
34342 34343 34344 34345 34346 34347 
34356 34357 34358 34359 
34360 34361 34362 34363 34364 
34365 34366 34367 34368 
34373 34374 
34371 34372 
34375 34376 
34377 34378 34379 34380 
34381 34382 34383 34384 34385 
34386 34387 34388 34389 34390 34391 34392 
34405 34406 34407 
34412 34413 34414 
34415 34416 34417 
34425 34426 34427 
34428 34429 34430 34431 34432 34433 34434 34435 
34436 34437 34438 34439 
34440 34442 
34441 34443 
34446 34448 
34447 34449 
34450 34451 34452 34453 
34454 34456 34459 
34455 34457 34458 
34460 34461 34462 34463 
34464 34465 34466 34467 34468 34469 34470 
34473 34474 34475 34476 34477 34478 
34479 34480 34481 34482 
34483 34484 
34488 34489 34490 
34492 34493 34494 
31794 31795 34501 34505 34506 34509 34510 
15639 34514 34515 34516 34517 34518 34519 34520 34521 34923 34928 34929 
34527 34528 34529 34530 34531 34532 34533 34534 34535 34536 34537 35526 35527 
34538 34539 34540 34541 34542 34543 34544 
34548 34549 34550 
34553 34554 34555 34556 34557 34558 
34559 34560 34561 34562 
34563 34564 34565 34566 34567 34568 
34570 34571 34572 34573 34574 34575 34576 34577 
34580 34581 34582 
34583 34584 34585 34586 
34587 34588 34589 
34594 34595 
34596 34597 
34601 34602 34603 
34606 34607 34608 
34609 34610 34611 34612 34613 34614 34615 34616 34617 
34625 34626 34627 34628 34629 
34634 34635 34636 
34638 34639 
34637 34640 
34644 34645 34646 34647 34648 34649 34650 34651 34652 34653 34654 34655 34656 34657 
34661 34662 34663 
34666 34667 34668 
34669 34670 34671 
34674 34675 34676 
34677 34678 34679 34680 
34681 34682 34683 34684 
34685 34686 34687 34688 
34689 34690 34691 34692 
34693 34694 34695 34696 34697 
34698 34699 34700 34701 
34702 34703 34704 34705 34706 34707 34708 34709 34710 34711 
34714 34715 34716 34717 34718 34719 34720 34721 
34724 34725 34726 
34727 34728 34729 34730 34731 
34732 34733 34734 
34743 34744 34745 34746 
34747 34748 34749 
34755 34756 34757 
34758 34759 34760 
34761 34762 34763 
34766 34767 34768 34769 34770 34771 
34772 34773 34774 
34775 34776 34777 
34778 34779 34780 34781 
34786 34787 34788 34789 
34790 34791 34792 
34795 34796 34797 34798 34799 
30874 34806 34807 34808 34809 34810 34814 34815 34816 34817 34818 34819 34820 34821 
15015 15016 28201 34824 34825 34826 34827 34828 34829 34830 34834 34835 34836 8110 8112 8113 8114 8115 8117 8121 8122 
34837 34838 34839 34840 
34841 34842 34843 34844 
34847 34848 34849 
34850 34851 34852 34853 
34862 34863 34864 
34865 34867 
34866 34868 
34869 34870 34871 34872 34873 
34880 34881 34882 34883 34884 34885 34886 
34889 34890 34891 34892 34893 34894 
32972 32973 32974 34901 34902 34903 34904 
34909 34910 34911 34912 34913 
34916 34917 34918 
34938 34939 34940 
34944 34945 34946 34947 
34954 34955 34956 
34961 34962 
34968 34969 34970 34971 34972 34973 
34974 34975 34976 
34979 34980 
34977 34978 
34981 34982 34983 
34984 34985 34986 
34987 34989 
34988 34990 
34991 34992 34993 34994 34995 34996 34997 34998 
35003 35004 35005 35006 35007 
35008 35009 35010 35011 
35012 35013 35014 
35015 35016 35017 35018 35019 35020 35021 35022 35023 
35024 35025 35026 35027 35028 
35032 35033 35034 35035 35036 
35037 35038 35039 
35040 35041 
35042 35043 
35050 35051 
35048 35049 
35052 35053 35054 35055 35056 35057 35058 35059 35060 35061 
35077 35078 35079 
35080 35081 35082 35083 
35084 35085 35086 
35087 35088 35089 35090 
35091 35092 35093 
35096 35098 35099 
35094 35095 35097 
33442 35100 35101 35102 35103 35104 35105 
35106 35107 35108 35109 35110 
35112 35113 35114 
35117 35118 35119 
35115 35116 35120 
35122 35123 
35121 35124 
35125 35126 35127 35128 
35129 35130 35131 
35146 35147 35148 35149 
33966 33967 
35165 35166 35167 
24356 35168 35169 35170 35171 35172 35173 35174 35175 35176 35177 
35180 35181 35182 
35187 35188 35189 
35190 35191 35192 35193 35194 35195 35196 35197 35198 
35199 35200 35201 35202 
35203 35204 35205 35206 35207 35208 35209 35210 35211 35212 35213 35214 35215 35216 35217 
35226 35227 35228 
35229 35230 35231 35232 35233 35234 35235 35236 
35237 35238 35239 
35240 35241 35242 
35243 35244 35245 35246 35247 35248 
35251 35252 35253 35254 
35255 35256 35257 35258 
35261 35262 
35259 35260 
35267 35268 35269 
35270 35271 35272 
35273 35274 35275 35276 35277 35278 
35283 35284 35285 
35294 35295 35296 35297 35298 35299 
35300 35301 35302 35303 35304 
35307 35308 35309 
35310 35311 35312 35313 35314 35315 
35317 35318 35319 35320 35321 35322 35323 
35324 35325 35326 
35335 35336 35337 35338 35339 35340 35341 35342 
35343 35344 35345 35346 
35352 35354 
35353 35355 
35358 35359 35360 
35361 35362 35363 35364 35365 35366 35367 
1457 15860 35370 35371 35372 35373 
35386 35387 35388 35389 
35396 35397 35398 35399 
35400 35401 35402 35403 
35405 35406 
35404 35407 
35408 35409 35410 35411 35412 35413 35414 
35415 35416 35417 
35420 35421 35422 35423 35424 
35425 35426 35427 35428 35429 35430 
35431 35432 35433 
35437 35438 35439 
35444 35445 35446 35447 
35452 35453 35454 
35455 35456 35457 35458 35459 
35460 35461 35462 35463 
35466 35467 35468 35469 
35470 35471 35472 
35484 35485 35486 35487 
35488 35489 35490 35491 35492 35493 35494 35495 
35498 35499 35500 
35506 35507 35508 35509 
35528 35529 35530 35531 
35532 35533 35534 
35536 35537 35538 35539 35540 
35541 35542 35543 35544 35545 35546 
35550 35551 35552 
35555 35556 35557 35558 
35559 35560 35561 
35566 35567 35568 35569 35570 
35573 35574 35575 
35581 35582 35583 35584 35585 35586 35587 35588 35589 35590 35591 35592 35593 35594 35595 
35596 35597 35598 
35599 35600 35601 35602 35603 
35610 35611 35612 
35614 35615 35616 35617 
35626 35627 35628 35629 
35632 35633 35634 35635 35636 35637 
35638 35639 35640 
35645 35646 35647 35648 35649 35650 
35651 35652 35653 35654 
35661 35662 35663 
35672 35673 35674 
35675 35676 35677 
35678 35679 35680 
35681 35682 35683 35684 35685 
35688 35689 35690 
35691 35692 35693 35694 35695 35696 
35705 35706 35707 
35708 35709 35710 
35711 35712 35713 
35718 35719 35720 
35726 35727 35728 35729 35730 
35736 35737 35738 
35743 35745 
35744 35746 
35747 35748 35749 
35750 35751 35752 35753 35754 35755 35756 35757 35758 35759 35760 
35763 35764 35765 35766 35767 
35771 35772 35773 
35774 35775 35776 35777 
35785 35786 35787 35788 35789 
35790 35791 35792 35793 35794 
35795 35796 35797 35798 
35799 35800 35801 35802 35803 35804 35805 
35813 35814 35815 
35818 35819 
35816 35817 
35821 35822 
35820 35823 
35826 35829 
35827 35828 
35830 35831 35832 
35835 35836 35837 
35846 35847 35848 35849 35850 35851 
35854 35855 35856 35857 35858 35859 35860 35861 35862 35863 35864 
35869 35870 35871 35872 
33248 33537 33538 35874 35875 35876 35877 
35878 35879 35880 35881 35882 35883 
35886 35887 35888 
35891 35892 
35889 35893 
35890 35894 35895 35896 35897 
35898 35899 35900 
35904 35905 35906 35907 35908 35909 35910 
35911 35912 35913 35914 35915 35916 35917 35918 35919 
35928 35929 35930 
35934 35935 35936 35937 35938 35939 
35940 35941 35942 
35945 35946 35947 35948 35949 
35952 35953 35954 
35958 35959 35960 
14419 14420 35961 35962 35963 
35964 35965 35966 35967 35968 35969 35970 35971 
35974 35975 35976 35977 
35978 35979 35980 35981 
35982 35983 35984 
35987 35988 35989 35990 35991 35992 
35997 35998 
35995 35996 
36001 36002 36003 36004 
36007 36008 36009 
36010 36011 36012 
36013 36014 36015 
36016 36017 36018 
36019 36020 36021 36022 36023 36024 36025 
36032 36033 36034 
36035 36036 36037 36038 36039 36040 
36041 36042 36043 36044 
36045 36046 36047 
36050 36051 36052 
36057 36058 36059 36060 
36061 36062 36063 
36064 36065 36066 
36067 36068 36069 36070 
36077 36078 36079 36080 36081 
36082 36083 36084 
36085 36086 36087 36088 36089 36090 36091 
36094 36095 36096 
36097 36098 36099 
36101 36103 
36100 36102 
36106 36107 36108 36109 
36116 36118 
36117 36119 
36130 36131 36132 
36133 36134 36135 36136 36137 36138 36139 36140 36141 36142 36143 36144 36145 
36153 36154 36155 
36166 36167 36168 36169 36170 36171 36172 36173 36174 
36177 36178 36179 36180 36181 
36184 36185 36186 
36187 36188 36189 36190 
36195 36196 36197 
36200 36201 36202 36203 36204 
36206 36208 
36205 36207 
36214 36215 
36212 36213 
36218 36219 36220 36221 36222 36223 36224 
36225 36226 36227 36228 
36231 36232 36233 36234 36235 36236 
36241 36242 36243 
36244 36245 36246 36247 36248 36249 36250 36251 36252 36253 
36258 36259 36260 
36267 36268 36269 
36272 36273 36274 36275 36276 36277 
36278 36279 36280 36281 
36282 36283 36284 36285 36286 36287 
36290 36291 36292 36293 
36294 36295 36296 36297 36298 36299 36300 36301 36302 36303 
36304 36305 36306 
36307 36308 36309 
36312 36313 36314 
36320 36322 36323 
36319 36321 36324 
36329 36330 36331 
35547 35548 35549 36334 36335 36336 36337 36338 
36339 36341 
36340 36342 
36348 36349 36350 
36357 36358 36359 36360 36361 36362 36363 36364 36378 
36365 36366 36367 36368 
36373 36374 36375 
36384 36387 
36385 36386 
36388 36389 36390 
36391 36392 36393 
36397 36398 36399 
36404 36405 36406 36407 36408 
36409 36410 36411 
36412 36413 36414 36415 36416 36417 36418 
36419 36420 36421 36422 
36423 36424 36425 
36426 36427 36428 
36431 36432 36433 
36436 36437 36438 
36442 36444 
36441 36443 
36445 36446 36447 
36448 36449 36450 
36452 36454 
36451 36453 
36457 36458 
36455 36456 
36464 36465 
36463 36466 
36467 36468 36469 36470 
36471 36472 36473 
36474 36475 36476 36477 36478 
36495 36496 36497 36498 36499 
36504 36505 36506 36507 36508 36509 36510 36511 
36514 36515 36516 36517 36518 36519 
36521 36522 36523 
36526 36527 36528 
36529 36530 36531 
36532 36533 36534 36535 
36539 36540 36541 36542 36543 36544 36545 36546 
36547 36548 36549 
36550 36551 36552 
36553 36554 36555 36556 36557 
36558 36559 36560 
36563 36564 36565 
36570 36571 36572 
36573 36574 36575 
36578 36579 36580 
36581 36582 36583 36584 36585 36586 
36587 36588 36589 36590 36591 36592 
36595 36596 36597 36598 36599 
36602 36603 36604 36605 36606 
36609 36610 36611 
36618 36619 
36616 36617 
36620 36621 36622 36623 36624 
36625 36626 36627 36628 36629 
36630 36631 36632 
36641 36642 36643 36644 
36656 36657 36658 36659 
36662 36663 36664 36665 
36666 36667 36668 36669 36670 36671 36672 36673 
36674 36675 36676 
36679 36680 
36677 36678 
36681 36682 36683 36684 
36685 36686 36687 
36688 36689 36690 36691 36692 
36695 36696 36697 36698 
36703 36704 36705 
36706 36707 36708 
36719 36720 36721 
36722 36723 36724 36725 36726 36727 36728 36729 
36732 36733 
36730 36731 
36735 36736 36737 
36738 36739 36740 
36741 36742 36743 36744 
36745 36746 36747 36748 36749 36750 36751 36752 36753 36754 
36755 36756 36757 
36758 36760 36761 
36759 36762 36763 
36764 36765 36766 
36769 36770 
36767 36768 
36771 36772 36773 
36774 36775 36776 36777 
36778 36779 36780 
36785 36786 36787 
36788 36789 36790 36791 36792 36793 
36794 36795 36796 
36799 36800 36801 36802 
36805 36806 
36809 36810 36812 
36807 36808 36811 
36815 36816 36817 36818 
36821 36824 
36822 36823 
36826 36827 
36825 36828 
36829 36830 36831 
36836 36837 36838 36839 36840 36841 36842 
36849 36850 36851 36852 36853 36854 36855 36856 
36859 36860 36861 36862 
36865 36866 36867 36868 
36869 36870 36871 
36874 36875 36876 
36878 36879 
36881 36882 36883 36884 36885 
36888 36889 36890 
36895 36896 36897 
36902 36903 36904 36905 36906 36907 36908 
36911 36912 36913 36914 
36915 36916 36917 36918 
36919 36920 36921 
36924 36925 36926 
36933 36934 36935 36936 36937 36938 36939 36940 36941 
36945 36946 
36944 36947 
36952 36953 36954 
36958 36959 
36957 36960 
36961 36962 36963 36964 36965 
36968 36969 36970 
36975 36976 36977 
36984 36985 36986 
36991 36992 36993 
36996 36997 36998 36999 
37004 37005 
37003 37006 
37011 37012 37013 
37014 37015 37016 37017 37018 37019 37020 37021 
37024 37025 37026 37027 37028 
37031 37032 37033 
37038 37039 37040 
37041 37042 37043 37044 37045 37046 37047 37048 
37051 37052 37053 37054 37055 37056 37057 
37058 37059 37060 
37063 37064 37065 37066 
37067 37068 37069 37070 37071 
37074 37075 37076 37077 37078 
37081 37082 37083 
37093 37095 
37092 37094 
37098 37099 37100 
37096 37097 37101 
37102 37103 37104 37105 37106 
37109 37110 37111 
37112 37113 37114 37115 
37118 37119 37120 
37121 37122 37123 
37124 37125 37126 
37135 37136 
37133 37134 
37139 37140 37141 
37143 37145 
37142 37144 
37146 37147 37148 
0 
1 
40 
41 
42 
43 
45 
46 
47 
48 
49 
50 
57 
58 
74 
75 
84 
85 
96 
97 
117 
118 
119 
120 
189 
190 
194 
195 
202 
203 
210 
211 
215 
216 
233 
234 
242 
243 
264 
265 
266 
267 
287 
288 
289 
290 
291 
315 
316 
317 
327 
328 
366 
367 
375 
376 
381 
382 
383 
388 
389 
390 
391 
392 
393 
401 
402 
407 
408 
420 
421 
422 
423 
427 
428 
429 
430 
431 
432 
444 
445 
449 
450 
451 
452 
453 
454 
466 
467 
492 
493 
494 
495 
519 
520 
521 
522 
523 
524 
525 
526 
537 
538 
539 
540 
541 
542 
703 
840 
841 
919 
922 
937 
1156 
1157 
1165 
1166 
1169 
1176 
1180 
1181 
1187 
1188 
1207 
1208 
1271 
1272 
1277 
1278 
1279 
1280 
1302 
1303 
1327 
1328 
1336 
1337 
1358 
1445 
1446 
1529 
1530 
1542 
1543 
1547 
1548 
1549 
1550 
1551 
1850 
1880 
1881 
1882 
1883 
1889 
1890 
1891 
1994 
1995 
1996 
1997 
2128 
2129 
2133 
2134 
2511 
2512 
2513 
2514 
2515 
2516 
2521 
2522 
2523 
2524 
2525 
2526 
2549 
2550 
2553 
2554 
2555 
2557 
2618 
2619 
2661 
2662 
2735 
2738 
2739 
2753 
2754 
2755 
2756 
2760 
2761 
2762 
2763 
2767 
2768 
2790 
2791 
2825 
2826 
2852 
2872 
3022 
3023 
3024 
3025 
3162 
3163 
3164 
3165 
3226 
3229 
3262 
3264 
3265 
3378 
3379 
3415 
3416 
3422 
3423 
3425 
3426 
3433 
3478 
3479 
3511 
3512 
3580 
3581 
3582 
3583 
3689 
3697 
3698 
3783 
3784 
3927 
3928 
3933 
3934 
3935 
3936 
3955 
3956 
3981 
3982 
3990 
3991 
3992 
3996 
4003 
4004 
4009 
4010 
4044 
4045 
4046 
4047 
4049 
4050 
4054 
4173 
4174 
4176 
4215 
4216 
4231 
4232 
4233 
4348 
4354 
4355 
4473 
4474 
4475 
4480 
4482 
4487 
4488 
4492 
4508 
4509 
4514 
4515 
4516 
4517 
4518 
4519 
4520 
4521 
4529 
4530 
4680 
4681 
4749 
4750 
4770 
4771 
4951 
4952 
4953 
4954 
4979 
4980 
5002 
5003 
5073 
5074 
5075 
5076 
5303 
5304 
5305 
5306 
5307 
5308 
5309 
5310 
5317 
5318 
5560 
5561 
5588 
5589 
5606 
5607 
5669 
5673 
5674 
5676 
5677 
5678 
5687 
5822 
5823 
5824 
5825 
5826 
5827 
5831 
5832 
5903 
5904 
5905 
5953 
5954 
5998 
5999 
6000 
6001 
6004 
6005 
6006 
6046 
6047 
6112 
6114 
6143 
6144 
6160 
6161 
6162 
6163 
6164 
6165 
6166 
6167 
6168 
6169 
6170 
6171 
6172 
6173 
6178 
6180 
6181 
6182 
6187 
6188 
6189 
6190 
6196 
6197 
6198 
6200 
6202 
6203 
6204 
6208 
6352 
6353 
6551 
6557 
6558 
6568 
6572 
6573 
6581 
6583 
6584 
6585 
6688 
6689 
6690 
6691 
6696 
6697 
6731 
6732 
6916 
6917 
6918 
6953 
6954 
6955 
6956 
6975 
6976 
6998 
6999 
7011 
7012 
7013 
7014 
7015 
7016 
7017 
7018 
7019 
7028 
7029 
7079 
7080 
7172 
7176 
7177 
7178 
7179 
7180 
7181 
7182 
7208 
7209 
7214 
7215 
7216 
7217 
7218 
7223 
7233 
7234 
7314 
7324 
7325 
7356 
7357 
7358 
7359 
7360 
7361 
7381 
7382 
7411 
7415 
7416 
7423 
7433 
7434 
7603 
7641 
7642 
7691 
7692 
7715 
7716 
7718 
7735 
7736 
7817 
7818 
7951 
7952 
7977 
7978 
7995 
7996 
8000 
8001 
8017 
8018 
8019 
8020 
8075 
8178 
8183 
8187 
8188 
8201 
8202 
8203 
8307 
8308 
8323 
8324 
8338 
8339 
8352 
8353 
8372 
8373 
8374 
8387 
8388 
8447 
8448 
8452 
8453 
8464 
8465 
8466 
8470 
8471 
8607 
8608 
8632 
8646 
8647 
8660 
8661 
8667 
8668 
8669 
8676 
8677 
8678 
8729 
8777 
8782 
8785 
8789 
8790 
8877 
8878 
8981 
8982 
9043 
9044 
9048 
9049 
9064 
9065 
9082 
9083 
9084 
9096 
9097 
9098 
9222 
9228 
9229 
9232 
9233 
9234 
9261 
9262 
9288 
9289 
9302 
9303 
9304 
9305 
9450 
9451 
9594 
9663 
9664 
9707 
9708 
9709 
9710 
9797 
9845 
9846 
9858 
9859 
9866 
9867 
9868 
9869 
9870 
9871 
9872 
9873 
9874 
9875 
9876 
9877 
9878 
9879 
9880 
9881 
9952 
9953 
10064 
10065 
10117 
10118 
10119 
10120 
10139 
10140 
10170 
10171 
10172 
10177 
10178 
10182 
10183 
10196 
10197 
10198 
10199 
10200 
10201 
10202 
10295 
10296 
10297 
10298 
10315 
10316 
10344 
10345 
10396 
10400 
10407 
10409 
10410 
10411 
10412 
10413 
10414 
10441 
10442 
10443 
10447 
10448 
10476 
10477 
10645 
10646 
10647 
10648 
10662 
10663 
10664 
10667 
10668 
10726 
10727 
10733 
10734 
10769 
10770 
10801 
10802 
10891 
10965 
10966 
10980 
10981 
10984 
10985 
10986 
10987 
11013 
11014 
11065 
11345 
11346 
11347 
11348 
11349 
11350 
11357 
11358 
11371 
11372 
11373 
11374 
11432 
11433 
11527 
11553 
11554 
11555 
11556 
11557 
11586 
11622 
11623 
11624 
11692 
11702 
11755 
11756 
11757 
11758 
11762 
11763 
11764 
11765 
11766 
11799 
11800 
11803 
11804 
11805 
11806 
11809 
11810 
11833 
11834 
11882 
12010 
12011 
12012 
12017 
12018 
12019 
12057 
12058 
12101 
12131 
12132 
12223 
12225 
12226 
12227 
12229 
12259 
12265 
12266 
12267 
12269 
12271 
12272 
12353 
12354 
12364 
12365 
12371 
12372 
12376 
12377 
12385 
12386 
12403 
12404 
12408 
12409 
12410 
12411 
12471 
12472 
12473 
12474 
12553 
12554 
12583 
12584 
12585 
12586 
12608 
12609 
12763 
12764 
12769 
12772 
12773 
12774 
12824 
12825 
12844 
12845 
12848 
12849 
12850 
12851 
12852 
12873 
12874 
12899 
12900 
12911 
12912 
12942 
12943 
12993 
12994 
12995 
12996 
13000 
13001 
13024 
13025 
13128 
13129 
13142 
13143 
13263 
13264 
13265 
13267 
13272 
13274 
13275 
13283 
13383 
13384 
13406 
13407 
13408 
13409 
13427 
13447 
13448 
13473 
13474 
13514 
13532 
13533 
13579 
13580 
13796 
13797 
13850 
13943 
13944 
13945 
13991 
13992 
13996 
13997 
14007 
14099 
14112 
14115 
14135 
14136 
14155 
14156 
14174 
14175 
14261 
14262 
14263 
14264 
14265 
14266 
14328 
14329 
14330 
14338 
14339 
14449 
14450 
14516 
14517 
14518 
14519 
14520 
14521 
14545 
14546 
14626 
14627 
14659 
14660 
14714 
14802 
14803 
14804 
14810 
14811 
14812 
14813 
14814 
14815 
14816 
14824 
14825 
14837 
14839 
14841 
14842 
14843 
14849 
14850 
14851 
14852 
14853 
14854 
14857 
14858 
14859 
14860 
14893 
14977 
14978 
15175 
15176 
15177 
15178 
15179 
15322 
15323 
15343 
15433 
15434 
15677 
15705 
15706 
15707 
15708 
15709 
15714 
15715 
15719 
15720 
15752 
15753 
15760 
15761 
15768 
15769 
15839 
15840 
16162 
16163 
16271 
16272 
16273 
16276 
16283 
16284 
16289 
16290 
16291 
16292 
16364 
16365 
16380 
16394 
16422 
16423 
16424 
16425 
16426 
16475 
16476 
16552 
16553 
16566 
16567 
16568 
16569 
16585 
16586 
16648 
16720 
16721 
16722 
16723 
16725 
16726 
16727 
16728 
16729 
16730 
16784 
16785 
16814 
16815 
16888 
16889 
16971 
16973 
16975 
16976 
16977 
16980 
16981 
16982 
16991 
17004 
17005 
17014 
17015 
17083 
17084 
17085 
17086 
17087 
17124 
17125 
17198 
17199 
17200 
17203 
17204 
17239 
17240 
17339 
17408 
17427 
17428 
17429 
17430 
17431 
17432 
17433 
17517 
17519 
17520 
17521 
17522 
17523 
17524 
17530 
17535 
17536 
17537 
17555 
17560 
17561 
17562 
17563 
17564 
17565 
17574 
17575 
17764 
17765 
17814 
17822 
17823 
17839 
17861 
17862 
17896 
17897 
17898 
17899 
17900 
17905 
17906 
17944 
17945 
17956 
17957 
17958 
18036 
18037 
18109 
18110 
18128 
18129 
18134 
18135 
18158 
18159 
18246 
18374 
18375 
18385 
18386 
18392 
18397 
18398 
18399 
18400 
18404 
18405 
18407 
18411 
18412 
18437 
18438 
18440 
18448 
18467 
18468 
18469 
18470 
18485 
18486 
18535 
18536 
18537 
18578 
18579 
18580 
18581 
18582 
18583 
18584 
18585 
18586 
18587 
18588 
18612 
18613 
18619 
18620 
18623 
18624 
18625 
18626 
18646 
18647 
18648 
18657 
18658 
18659 
18660 
18665 
18680 
18681 
18707 
18708 
18714 
18715 
18724 
18725 
18781 
18782 
18783 
18784 
18786 
18813 
18814 
18823 
18824 
18825 
18826 
18849 
18850 
18851 
18852 
18860 
18861 
18884 
18905 
18907 
18912 
18917 
18918 
18952 
18953 
18961 
18962 
18966 
18967 
18987 
18988 
18994 
18995 
18996 
18997 
19003 
19004 
19005 
19006 
19007 
19009 
19010 
19013 
19015 
19017 
19018 
19024 
19025 
19144 
19145 
19197 
19198 
19201 
19202 
19203 
19204 
19277 
19278 
19356 
19357 
19368 
19369 
19370 
19371 
19394 
19400 
19401 
19498 
19499 
19500 
19547 
19548 
19667 
19668 
19689 
19690 
19716 
19717 
19722 
19723 
19724 
19747 
19751 
19752 
19753 
19754 
19755 
19777 
19778 
19792 
19793 
19800 
19832 
19833 
19843 
19844 
19845 
19846 
19847 
19865 
19866 
19898 
19899 
19900 
19901 
19906 
19907 
19917 
19918 
19945 
19946 
19981 
19983 
19987 
19988 
19989 
19990 
19991 
20005 
20006 
20010 
20011 
20012 
20017 
20018 
20022 
20023 
20025 
20026 
20029 
20038 
20039 
20065 
20066 
20118 
20119 
20179 
20180 
20219 
20220 
20227 
20228 
20232 
20233 
20313 
20314 
20393 
20394 
20403 
20404 
20405 
20406 
20407 
20408 
20409 
20415 
20417 
20419 
20420 
20421 
20422 
20423 
20424 
20429 
20431 
20433 
20470 
20471 
20522 
20523 
20524 
20525 
20581 
20582 
20583 
20584 
20585 
20586 
20587 
20604 
20605 
20606 
20639 
20640 
20641 
20666 
20668 
20682 
20683 
20684 
20685 
20688 
20689 
20690 
20697 
20698 
20705 
20706 
20707 
20708 
20749 
20750 
20751 
20752 
20753 
20758 
20759 
20771 
20772 
20773 
20774 
20776 
20777 
20782 
20783 
20784 
20785 
20786 
20787 
20828 
20829 
20842 
20843 
20924 
20925 
20994 
20995 
21006 
21007 
21008 
21009 
21038 
21039 
21070 
21071 
21072 
21077 
21145 
21146 
21147 
21148 
21152 
21153 
21154 
21155 
21156 
21157 
21160 
21161 
21162 
21163 
21170 
21171 
21187 
21188 
21193 
21200 
21225 
21226 
21256 
21257 
21258 
21259 
21260 
21278 
21279 
21351 
21352 
21353 
21354 
21359 
21360 
21383 
21384 
21394 
21428 
21429 
21435 
21436 
21459 
21461 
21462 
21463 
21464 
21465 
21466 
21467 
21468 
21474 
21475 
21491 
21492 
21493 
21494 
21543 
21544 
21564 
21565 
21566 
21567 
21568 
21612 
21617 
21618 
21619 
21620 
21621 
21638 
21639 
21654 
21655 
21671 
21672 
21675 
21676 
21677 
21678 
21679 
21692 
21693 
21715 
21716 
21741 
21742 
21746 
21747 
21748 
21765 
21766 
21767 
21768 
21769 
21770 
21771 
21772 
21832 
21834 
21837 
21857 
21858 
21859 
21888 
21889 
21890 
21891 
21897 
21899 
21900 
21902 
21928 
21929 
21930 
21931 
21945 
21946 
21961 
21962 
21963 
21964 
22040 
22041 
22075 
22076 
22080 
22081 
22082 
22083 
22084 
22085 
22090 
22091 
22092 
22123 
22133 
22135 
22138 
22139 
22171 
22172 
22190 
22191 
22192 
22193 
22194 
22195 
22239 
22240 
22250 
22251 
22283 
22284 
22327 
22328 
22329 
22330 
22354 
22355 
22359 
22360 
22361 
22362 
22412 
22413 
22433 
22434 
22435 
22436 
22437 
22438 
22439 
22473 
22474 
22476 
22481 
22486 
22487 
22491 
22492 
22493 
22494 
22495 
22499 
22500 
22501 
22502 
22564 
22567 
22568 
22569 
22586 
22587 
22596 
22597 
22598 
22599 
22600 
22601 
22602 
22603 
22604 
22618 
22619 
22623 
22624 
22625 
22626 
22627 
22657 
22658 
22666 
22667 
22731 
22732 
22733 
22742 
22743 
22749 
22750 
22751 
22752 
22753 
22823 
22824 
22859 
22860 
22912 
22913 
22918 
22939 
22940 
22946 
22947 
22948 
22949 
22964 
22965 
22977 
22978 
22992 
22993 
23038 
23039 
23044 
23045 
23088 
23093 
23094 
23109 
23110 
23129 
23130 
23166 
23235 
23236 
23237 
23238 
23242 
23243 
23258 
23259 
23260 
23264 
23265 
23329 
23330 
23374 
23375 
23376 
23377 
23378 
23379 
23385 
23427 
23428 
23451 
23452 
23456 
23457 
23487 
23488 
23511 
23512 
23513 
23514 
23515 
23516 
23517 
23518 
23545 
23588 
23614 
23615 
23647 
23648 
23655 
23656 
23657 
23678 
23679 
23680 
23681 
23682 
23683 
23684 
23690 
23691 
23693 
23742 
23743 
23744 
23745 
23746 
23747 
23748 
23755 
23756 
23759 
23760 
23794 
23795 
23796 
23797 
23801 
23802 
23803 
23880 
23881 
23898 
23899 
23900 
23941 
23975 
23976 
23982 
23983 
24025 
24026 
24027 
24028 
24040 
24041 
24042 
24043 
24047 
24048 
24049 
24050 
24051 
24052 
24053 
24075 
24076 
24077 
24085 
24086 
24105 
24106 
24113 
24114 
24130 
24131 
24132 
24133 
24164 
24171 
24172 
24179 
24180 
24192 
24193 
24228 
24229 
24234 
24235 
24236 
24237 
24238 
24239 
24240 
24245 
24246 
24257 
24258 
24259 
24260 
24261 
24262 
24289 
24290 
24291 
24299 
24300 
24303 
24304 
24325 
24326 
24327 
24328 
24329 
24330 
24343 
24344 
24346 
24347 
24349 
24351 
24352 
24353 
24354 
24355 
24362 
24363 
24420 
24421 
24422 
24423 
24424 
24425 
24426 
24427 
24428 
24429 
24451 
24452 
24506 
24507 
24623 
24624 
24651 
24652 
24689 
24690 
24691 
24692 
24693 
24701 
24717 
24718 
24719 
24720 
24745 
24746 
24758 
24759 
24776 
24777 
24835 
24837 
24838 
24839 
24840 
24841 
24842 
24866 
24867 
24880 
24881 
24893 
24894 
24895 
24896 
24897 
24904 
24905 
24924 
24925 
24926 
24927 
24986 
24987 
24996 
24997 
24998 
24999 
25000 
25001 
25002 
25005 
25006 
25027 
25028 
25074 
25075 
25108 
25109 
25129 
25130 
25131 
25132 
25133 
25134 
25135 
25201 
25206 
25207 
25208 
25209 
25210 
25225 
25226 
25254 
25274 
25275 
25284 
25298 
25299 
25312 
25313 
25323 
25325 
25326 
25327 
25331 
25332 
25343 
25344 
25428 
25429 
25443 
25444 
25448 
25449 
25454 
25455 
25456 
25508 
25542 
25543 
25567 
25568 
25572 
25574 
25583 
25629 
25630 
25651 
25652 
25661 
25662 
25680 
25681 
25692 
25693 
25741 
25742 
25743 
25745 
25746 
25747 
25752 
25753 
25786 
25787 
25792 
25793 
25794 
25795 
25800 
25801 
25816 
25817 
25822 
25823 
25831 
25832 
25845 
25846 
25847 
25848 
25860 
25861 
25867 
25868 
25887 
25889 
25894 
25895 
25896 
25897 
25900 
25903 
25909 
25910 
25926 
25927 
25940 
25941 
25971 
25972 
25985 
25986 
26001 
26002 
26004 
26005 
26006 
26007 
26012 
26013 
26014 
26015 
26016 
26017 
26030 
26031 
26032 
26033 
26034 
26035 
26036 
26041 
26042 
26146 
26147 
26171 
26172 
26207 
26215 
26216 
26217 
26220 
26221 
26243 
26244 
26245 
26246 
26248 
26261 
26262 
26276 
26277 
26287 
26288 
26289 
26290 
26295 
26296 
26304 
26306 
26307 
26327 
26328 
26365 
26422 
26423 
26443 
26458 
26459 
26482 
26483 
26488 
26489 
26490 
26491 
26545 
26546 
26702 
26703 
26707 
26708 
26715 
26716 
26738 
26739 
26756 
26757 
26758 
26759 
26760 
26761 
26771 
26772 
26773 
26774 
26779 
26780 
26784 
26785 
26789 
26798 
26811 
26812 
26819 
26820 
26853 
26889 
26890 
26891 
26895 
26896 
26920 
26921 
26922 
26923 
26930 
26931 
26932 
26939 
26940 
26944 
26945 
26965 
26968 
26976 
26986 
26995 
26996 
27015 
27016 
27049 
27050 
27051 
27090 
27091 
27092 
27168 
27169 
27173 
27174 
27175 
27176 
27177 
27178 
27182 
27183 
27184 
27185 
27189 
27190 
27207 
27237 
27238 
27250 
27251 
27252 
27253 
27254 
27255 
27256 
27257 
27326 
27344 
27345 
27352 
27353 
27354 
27355 
27356 
27357 
27359 
27360 
27376 
27377 
27378 
27379 
27380 
27381 
27382 
27383 
27384 
27437 
27438 
27439 
27440 
27443 
27444 
27454 
27455 
27456 
27463 
27464 
27471 
27472 
27477 
27478 
27497 
27498 
27499 
27500 
27518 
27519 
27526 
27527 
27540 
27541 
27542 
27543 
27581 
27582 
27594 
27595 
27596 
27597 
27612 
27660 
27661 
27672 
27673 
27674 
27675 
27747 
27748 
27749 
27750 
27764 
27777 
27779 
27806 
27807 
27808 
27809 
27810 
27846 
27847 
27849 
27867 
27868 
27909 
27913 
27914 
27915 
27916 
27917 
27918 
27919 
27920 
27921 
27922 
27923 
27924 
27939 
27940 
27941 
27942 
27948 
27949 
27962 
27963 
27989 
27990 
28013 
28014 
28039 
28040 
28142 
28143 
28147 
28148 
28149 
28156 
28157 
28176 
28177 
28196 
28197 
28216 
28220 
28221 
28224 
28225 
28242 
28243 
28247 
28248 
28256 
28257 
28281 
28282 
28288 
28289 
28290 
28291 
28293 
28294 
28296 
28297 
28310 
28311 
28351 
28352 
28353 
28354 
28358 
28359 
28360 
28361 
28362 
28363 
28364 
28372 
28373 
28381 
28382 
28406 
28407 
28414 
28415 
28416 
28417 
28418 
28419 
28432 
28433 
28449 
28450 
28460 
28461 
28462 
28463 
28496 
28497 
28502 
28503 
28504 
28505 
28530 
28531 
28534 
28536 
28537 
28539 
28551 
28552 
28553 
28554 
28555 
28578 
28579 
28610 
28611 
28645 
28646 
28673 
28677 
28678 
28706 
28707 
28726 
28728 
28737 
28738 
28754 
28755 
28760 
28761 
28767 
28768 
28770 
28771 
28797 
28798 
28799 
28800 
28803 
28804 
28815 
28816 
28817 
28859 
28864 
28865 
28870 
28871 
28891 
28892 
28918 
28919 
28936 
28937 
28938 
28939 
28940 
28941 
28956 
28957 
28996 
28997 
29009 
29010 
29034 
29049 
29050 
29098 
29099 
29135 
29139 
29140 
29149 
29150 
29151 
29152 
29171 
29172 
29177 
29178 
29179 
29185 
29186 
29191 
29192 
29198 
29199 
29214 
29215 
29216 
29217 
29251 
29252 
29253 
29254 
29272 
29273 
29280 
29281 
29301 
29302 
29324 
29325 
29327 
29329 
29330 
29331 
29332 
29333 
29334 
29335 
29336 
29337 
29338 
29356 
29357 
29377 
29378 
29379 
29380 
29383 
29384 
29386 
29387 
29392 
29393 
29402 
29403 
29441 
29442 
29454 
29455 
29458 
29461 
29462 
29463 
29464 
29470 
29471 
29480 
29481 
29491 
29492 
29504 
29505 
29510 
29511 
29516 
29517 
29522 
29523 
29528 
29529 
29536 
29608 
29609 
29610 
29611 
29612 
29613 
29618 
29628 
29629 
29647 
29648 
29651 
29652 
29654 
29668 
29669 
29670 
29671 
29683 
29684 
29685 
29686 
29687 
29694 
29695 
29696 
29700 
29701 
29702 
29714 
29715 
29731 
29732 
29733 
29734 
29740 
29741 
29776 
29777 
29778 
29779 
29789 
29790 
29791 
29792 
29793 
29794 
29802 
29803 
29814 
29815 
29816 
29817 
29821 
29822 
29828 
29829 
29837 
29838 
29840 
29841 
29842 
29882 
29883 
29935 
29936 
29940 
29941 
29950 
29951 
29952 
29953 
29968 
29969 
30003 
30004 
30005 
30012 
30013 
30039 
30040 
30055 
30056 
30079 
30080 
30084 
30085 
30096 
30097 
30098 
30099 
30113 
30114 
30129 
30130 
30138 
30139 
30140 
30141 
30150 
30151 
30164 
30165 
30172 
30173 
30185 
30196 
30197 
30198 
30199 
30200 
30201 
30242 
30243 
30244 
30245 
30246 
30247 
30256 
30257 
30265 
30266 
30304 
30305 
30306 
30319 
30320 
30321 
30322 
30323 
30324 
30333 
30334 
30335 
30336 
30337 
30338 
30340 
30342 
30343 
30355 
30356 
30364 
30365 
30384 
30385 
30425 
30426 
30527 
30528 
30539 
30540 
30541 
30542 
30543 
30544 
30545 
30546 
30549 
30550 
30576 
30577 
30586 
30587 
30588 
30606 
30607 
30622 
30623 
30624 
30625 
30626 
30627 
30628 
30632 
30633 
30634 
30635 
30646 
30647 
30650 
30651 
30652 
30653 
30669 
30670 
30674 
30675 
30676 
30686 
30687 
30702 
30705 
30717 
30718 
30719 
30720 
30763 
30764 
30768 
30769 
30771 
30772 
30776 
30777 
30789 
30790 
30791 
30792 
30806 
30818 
30819 
30835 
30836 
30837 
30838 
30839 
30840 
30841 
30842 
30845 
30846 
30854 
30855 
30870 
30871 
30872 
30873 
30877 
30878 
30955 
30956 
30970 
30971 
30972 
30973 
30974 
30975 
30987 
30988 
30989 
30990 
31006 
31007 
31016 
31017 
31018 
31022 
31023 
31034 
31035 
31043 
31044 
31075 
31076 
31085 
31086 
31091 
31092 
31093 
31094 
31095 
31096 
31098 
31105 
31106 
31108 
31109 
31123 
31125 
31126 
31130 
31131 
31153 
31154 
31170 
31171 
31206 
31207 
31223 
31224 
31225 
31226 
31241 
31242 
31256 
31257 
31258 
31259 
31260 
31262 
31265 
31266 
31276 
31277 
31281 
31282 
31283 
31284 
31289 
31290 
31318 
31319 
31326 
31327 
31335 
31336 
31337 
31358 
31359 
31360 
31370 
31372 
31375 
31492 
31493 
31505 
31506 
31507 
31528 
31529 
31530 
31532 
31533 
31534 
31535 
31536 
31567 
31568 
31569 
31570 
31571 
31572 
31585 
31586 
31587 
31588 
31589 
31590 
31591 
31592 
31593 
31594 
31599 
31600 
31605 
31606 
31611 
31612 
31619 
31620 
31624 
31625 
31628 
31629 
31637 
31641 
31642 
31643 
31653 
31654 
31659 
31660 
31698 
31699 
31701 
31702 
31709 
31710 
31727 
31728 
31750 
31751 
31752 
31753 
31773 
31774 
31782 
31783 
31793 
31800 
31801 
31805 
31806 
31823 
31824 
31842 
31861 
31862 
31919 
31920 
31926 
31927 
31928 
31929 
31932 
31933 
31934 
31935 
31936 
31946 
31947 
31948 
31949 
31964 
31965 
31969 
31970 
31971 
31972 
31973 
31979 
31980 
31981 
31982 
32015 
32019 
32020 
32021 
32022 
32030 
32033 
32034 
32035 
32036 
32041 
32042 
32049 
32050 
32051 
32052 
32053 
32054 
32055 
32080 
32081 
32082 
32083 
32084 
32097 
32098 
32099 
32100 
32101 
32102 
32105 
32106 
32107 
32108 
32116 
32117 
32118 
32119 
32120 
32121 
32131 
32132 
32138 
32139 
32153 
32154 
32172 
32173 
32174 
32199 
32200 
32215 
32216 
32217 
32227 
32228 
32239 
32240 
32250 
32251 
32252 
32267 
32268 
32269 
32270 
32271 
32272 
32287 
32288 
32292 
32293 
32307 
32308 
32321 
32322 
32323 
32341 
32342 
32426 
32427 
32428 
32429 
32433 
32434 
32436 
32437 
32438 
32439 
32455 
32456 
32486 
32487 
32494 
32495 
32503 
32504 
32505 
32515 
32516 
32517 
32518 
32519 
32520 
32524 
32525 
32535 
32536 
32537 
32538 
32548 
32549 
32553 
32554 
32559 
32560 
32561 
32562 
32563 
32564 
32568 
32569 
32574 
32575 
32587 
32588 
32594 
32595 
32619 
32620 
32622 
32623 
32624 
32625 
32635 
32645 
32646 
32696 
32697 
32701 
32704 
32705 
32706 
32707 
32717 
32718 
32722 
32723 
32743 
32744 
32748 
32749 
32770 
32771 
32776 
32777 
32779 
32790 
32791 
32817 
32818 
32819 
32820 
32821 
32822 
32843 
32844 
32845 
32846 
32867 
32868 
32869 
32870 
32871 
32872 
32878 
32879 
32890 
32891 
32896 
32897 
32910 
32911 
32912 
32913 
32923 
32924 
32935 
32936 
32937 
32938 
32949 
32950 
32955 
32956 
32980 
32981 
32984 
32985 
32986 
32987 
32990 
32991 
32992 
32993 
33012 
33013 
33014 
33015 
33019 
33020 
33033 
33034 
33035 
33036 
33053 
33054 
33055 
33056 
33057 
33062 
33063 
33071 
33072 
33075 
33076 
33084 
33085 
33086 
33088 
33089 
33090 
33091 
33124 
33125 
33133 
33134 
33136 
33137 
33145 
33146 
33147 
33194 
33195 
33196 
33197 
33198 
33199 
33204 
33205 
33235 
33236 
33240 
33241 
33242 
33243 
33254 
33255 
33256 
33263 
33264 
33265 
33266 
33270 
33271 
33272 
33273 
33274 
33275 
33276 
33292 
33293 
33298 
33300 
33301 
33328 
33330 
33331 
33333 
33334 
33335 
33355 
33356 
33357 
33358 
33364 
33380 
33381 
33391 
33397 
33398 
33399 
33400 
33424 
33425 
33426 
33427 
33428 
33429 
33443 
33444 
33446 
33447 
33449 
33450 
33454 
33455 
33456 
33457 
33468 
33469 
33496 
33497 
33498 
33499 
33500 
33501 
33502 
33503 
33504 
33505 
33509 
33510 
33515 
33516 
33526 
33527 
33528 
33529 
33543 
33544 
33545 
33546 
33580 
33581 
33582 
33583 
33615 
33616 
33621 
33622 
33623 
33624 
33635 
33636 
33637 
33641 
33642 
33647 
33648 
33649 
33650 
33651 
33652 
33653 
33654 
33655 
33656 
33657 
33658 
33663 
33664 
33665 
33666 
33676 
33677 
33684 
33707 
33708 
33737 
33738 
33743 
33744 
33745 
33746 
33747 
33748 
33750 
33751 
33752 
33753 
33754 
33760 
33761 
33764 
33765 
33766 
33767 
33768 
33812 
33813 
33814 
33815 
33827 
33828 
33829 
33830 
33831 
33867 
33868 
33886 
33887 
33918 
33919 
33935 
33946 
33947 
33961 
33962 
33970 
33982 
33983 
33992 
33993 
34004 
34005 
34051 
34052 
34053 
34056 
34062 
34063 
34067 
34068 
34081 
34082 
34103 
34104 
34110 
34111 
34112 
34113 
34129 
34130 
34142 
34143 
34152 
34153 
34157 
34158 
34159 
34160 
34162 
34163 
34164 
34165 
34179 
34181 
34183 
34184 
34188 
34189 
34254 
34255 
34278 
34279 
34280 
34281 
34294 
34295 
34327 
34328 
34329 
34330 
34348 
34349 
34350 
34351 
34352 
34353 
34354 
34355 
34369 
34370 
34393 
34394 
34395 
34396 
34397 
34398 
34399 
34400 
34401 
34402 
34403 
34404 
34410 
34411 
34418 
34419 
34420 
34421 
34444 
34445 
34471 
34472 
34485 
34486 
34491 
34495 
34496 
34497 
34498 
34499 
34500 
34512 
34513 
34546 
34547 
34551 
34552 
34578 
34579 
34590 
34591 
34592 
34593 
34598 
34599 
34600 
34604 
34605 
34630 
34631 
34632 
34633 
34641 
34642 
34643 
34664 
34665 
34672 
34673 
34712 
34713 
34722 
34723 
34735 
34736 
34741 
34742 
34764 
34765 
34800 
34801 
34822 
34823 
34845 
34846 
34854 
34855 
34856 
34857 
34858 
34859 
34860 
34861 
34874 
34875 
34876 
34877 
34878 
34879 
34887 
34888 
34895 
34896 
34897 
34898 
34899 
34900 
34905 
34906 
34907 
34908 
34914 
34915 
34930 
34931 
34932 
34933 
34934 
34935 
34941 
34942 
34943 
34952 
34953 
34959 
34960 
34963 
34964 
34966 
34967 
34999 
35000 
35001 
35002 
35046 
35047 
35062 
35063 
35064 
35065 
35132 
35133 
35140 
35141 
35142 
35143 
35144 
35145 
35150 
35151 
35152 
35153 
35154 
35155 
35156 
35157 
35158 
35159 
35160 
35163 
35164 
35178 
35179 
35183 
35184 
35185 
35186 
35218 
35219 
35223 
35224 
35225 
35249 
35250 
35263 
35264 
35265 
35266 
35279 
35280 
35281 
35282 
35286 
35287 
35288 
35289 
35290 
35291 
35292 
35293 
35316 
35327 
35328 
35347 
35348 
35368 
35369 
35375 
35376 
35377 
35378 
35382 
35383 
35384 
35385 
35390 
35391 
35392 
35393 
35394 
35395 
35418 
35419 
35435 
35436 
35440 
35441 
35442 
35443 
35448 
35449 
35450 
35451 
35464 
35465 
35473 
35474 
35475 
35476 
35477 
35478 
35479 
35480 
35481 
35482 
35483 
35496 
35497 
35501 
35502 
35503 
35504 
35510 
35511 
35512 
35513 
35514 
35515 
35517 
35518 
35519 
35520 
35521 
35522 
35523 
35524 
35525 
35535 
35553 
35554 
35562 
35563 
35564 
35565 
35571 
35572 
35577 
35578 
35579 
35580 
35605 
35606 
35607 
35608 
35609 
35613 
35618 
35619 
35620 
35621 
35622 
35623 
35624 
35625 
35630 
35631 
35641 
35642 
35643 
35644 
35655 
35656 
35657 
35658 
35659 
35660 
35664 
35665 
35666 
35667 
35668 
35669 
35670 
35671 
35686 
35687 
35697 
35698 
35699 
35700 
35701 
35702 
35703 
35704 
35714 
35715 
35716 
35717 
35721 
35722 
35731 
35732 
35733 
35734 
35739 
35740 
35741 
35742 
35768 
35769 
35770 
35781 
35782 
35783 
35784 
35806 
35807 
35811 
35812 
35833 
35834 
35838 
35839 
35840 
35841 
35842 
35843 
35844 
35845 
35852 
35853 
35865 
35866 
35867 
35868 
35884 
35885 
35902 
35903 
35922 
35923 
35924 
35925 
35926 
35927 
35931 
35932 
35933 
35943 
35944 
35950 
35951 
35956 
35957 
35972 
35973 
35985 
35986 
35993 
35994 
35999 
36000 
36005 
36006 
36026 
36027 
36028 
36029 
36030 
36031 
36048 
36049 
36053 
36054 
36055 
36056 
36071 
36072 
36073 
36074 
36075 
36076 
36092 
36093 
36104 
36105 
36110 
36111 
36112 
36113 
36114 
36115 
36120 
36121 
36122 
36123 
36124 
36125 
36126 
36127 
36128 
36129 
36149 
36150 
36151 
36152 
36156 
36157 
36158 
36159 
36160 
36161 
36162 
36163 
36164 
36165 
36175 
36176 
36182 
36183 
36193 
36194 
36198 
36199 
36229 
36230 
36239 
36240 
36254 
36255 
36256 
36257 
36261 
36262 
36263 
36264 
36265 
36266 
36270 
36271 
36288 
36289 
36310 
36311 
36315 
36316 
36317 
36318 
36325 
36326 
36327 
36328 
36332 
36333 
36343 
36344 
36345 
36351 
36352 
36353 
36354 
36355 
36356 
36369 
36370 
36371 
36372 
36376 
36377 
36394 
36395 
36400 
36401 
36402 
36403 
36429 
36430 
36434 
36435 
36439 
36440 
36461 
36462 
36479 
36480 
36481 
36482 
36484 
36485 
36486 
36487 
36488 
36489 
36490 
36491 
36492 
36493 
36494 
36500 
36501 
36502 
36503 
36512 
36513 
36524 
36525 
36561 
36562 
36566 
36567 
36568 
36569 
36576 
36577 
36593 
36594 
36600 
36601 
36607 
36608 
36612 
36613 
36614 
36615 
36633 
36634 
36635 
36636 
36637 
36638 
36639 
36640 
36645 
36646 
36652 
36653 
36654 
36655 
36660 
36661 
36693 
36694 
36699 
36700 
36701 
36702 
36709 
36710 
36711 
36712 
36713 
36714 
36715 
36716 
36717 
36718 
36734 
36781 
36782 
36783 
36784 
36797 
36798 
36803 
36804 
36813 
36814 
36819 
36820 
36832 
36833 
36834 
36835 
36845 
36846 
36847 
36848 
36857 
36858 
36863 
36864 
36872 
36873 
36877 
36880 
36886 
36887 
36891 
36892 
36893 
36894 
36898 
36899 
36900 
36901 
36909 
36910 
36922 
36923 
36927 
36928 
36929 
36930 
36931 
36932 
36942 
36943 
36948 
36949 
36950 
36951 
36955 
36956 
36966 
36967 
36971 
36972 
36973 
36974 
36978 
36979 
36980 
36981 
36982 
36983 
36987 
36988 
36989 
36990 
36994 
36995 
37001 
37002 
37007 
37008 
37009 
37010 
37022 
37023 
37029 
37030 
37034 
37035 
37036 
37037 
37049 
37050 
37061 
37062 
37072 
37073 
37079 
37080 
37084 
37085 
37086 
37087 
37088 
37089 
37090 
37091 
37107 
37108 
37116 
37117 
37127 
37128 
37129 
37130 
37131 
37132 
37137 
37138