0	0.286110
1	0.296817
2	0.431196
3	0.323039
4	0.260717
5	0.295040
6	0.265259
7	0.272039
8	0.230796
9	0.218664
10	0.273396
11	0.347285
12	0.270240
13	0.213718
14	0.244381
15	0.272136
16	0.430419
17	0.249073
18	0.187758
19	0.202313
20	0.237046
21	0.304896
22	0.208696
23	0.195959
24	0.299472
25	0.314174
26	0.309016
27	0.194565
28	0.254094
29	0.220548
30	0.245921
31	0.400216
32	0.238704
33	0.273072
34	0.240210
35	0.394272
36	0.331335
37	0.271412
38	0.262639
39	0.322242
40	0.167584
41	0.291722
42	0.130865
43	0.249762
44	0.233090
45	0.300257
46	0.278856
47	0.313685
48	0.259316
49	0.422550
50	0.299675
51	0.458639
52	0.257132
53	0.356695
54	0.329389
55	0.154705
56	0.298340
57	0.284635
58	0.294260
59	0.230193
60	0.303622
61	0.223051
62	0.161593
63	0.303462
64	0.218299
65	0.305145
66	0.310372
67	0.245699
68	0.318994
69	0.315277
70	0.269564
71	0.232223
72	0.274820
73	0.227094
74	0.286636
75	0.260109
76	0.288913
77	0.308007
78	0.257353
79	0.320725
80	0.193714
81	0.342203
82	0.230458
83	0.195944
84	0.316171
85	0.346872
86	0.250263
87	0.154413
88	0.213727
89	0.168419
90	0.283078
91	0.227490
92	0.208961
93	0.222441
94	0.259522
95	0.259080
96	0.243249
97	0.231905
98	0.181832
99	0.304077
100	0.251111
101	0.316585
102	0.186019
103	0.391366
104	0.191637
105	0.296934
106	0.213807
107	0.375810
108	0.296316
109	0.320869
110	0.217458
111	0.253097
112	0.281115
113	0.305795
114	0.269507
115	0.330714
116	0.289915
117	0.399291
118	0.198165
119	0.208814
120	0.186138
121	0.251608
122	0.171757
123	0.275069
124	0.203474
125	0.289949
126	0.157873
127	0.250871
128	0.351771
129	0.221207
130	0.285913
131	0.301604
132	0.271977
133	0.162285
134	0.273292
135	0.257880
136	0.333021
137	0.270708
138	0.260733
139	0.199840
140	0.178441
141	0.228113
142	0.286720
143	0.313987
144	0.299484
145	0.245118
146	0.243958
147	0.236092
148	0.322821
149	0.354903
150	0.300291
151	0.300811
152	0.168419
153	0.262193
154	0.253660
155	0.269319
156	0.357250
157	0.176312
158	0.200267
159	0.277687
160	0.284078
161	0.203482
162	0.174495
163	0.268105
164	0.197271
165	0.469381
166	0.243408
167	0.253001
168	0.367230
169	0.178319
170	0.332981
171	0.232591
172	0.282928
173	0.211905
174	0.227457
175	0.257299
176	0.160524
177	0.168294
178	0.453234
179	0.299446
180	0.258484
181	0.317413
182	0.285358
183	0.224234
184	0.261537
185	0.179127
186	0.218039
187	0.292737
188	0.252663
189	0.213576
190	0.295646
191	0.267577
192	0.265859
193	0.303082
194	0.229066
195	0.284337
196	0.198087
197	0.315410
198	0.158648
199	0.241461
200	0.262324
201	0.274954
202	0.232265
203	0.288970
204	0.231069
205	0.209670
206	0.275414
207	0.152465
208	0.239279
209	0.266148
210	0.231181
211	0.318637
212	0.265189
213	0.296439
214	0.294059
215	0.223783
216	0.247111
217	0.195832
218	0.396699
219	0.243741
220	0.315240
221	0.225806
222	0.302659
223	0.306651
224	0.295019
225	0.244951
226	0.233178
227	0.308157
228	0.253846
229	0.175869
230	0.272162
231	0.336307
232	0.329230
233	0.257184
234	0.226899
235	0.211780
236	0.263023
237	0.191635
238	0.203769
239	0.296108
240	0.339516
241	0.262427
242	0.277296
243	0.326370
244	0.276699
245	0.335060
246	0.316709
247	0.391304
248	0.232416
249	0.378289
250	0.185737
251	0.344017
252	0.226319
253	0.274899
254	0.244083
255	0.258655
256	0.264772
257	0.211431
258	0.298232
259	0.229485
260	0.208761
261	0.266531
262	0.220736
263	0.271322
264	0.191556
265	0.238706
266	0.215804
267	0.277028
268	0.244924
269	0.203695
270	0.249273
271	0.301354
272	0.267597
273	0.257171
274	0.312719
275	0.250545
276	0.337506
277	0.245223
278	0.286189
279	0.239020
280	0.155667
281	0.266596
282	0.244751
283	0.348598
284	0.206148
285	0.205773
286	0.220874
287	0.243334
288	0.203163
289	0.248201
290	0.335516
291	0.260701
292	0.251099
293	0.308875
294	0.309645
295	0.296875
296	0.334912
297	0.211309
298	0.295937
299	0.291764
300	0.284464
301	0.255829
302	0.321706
303	0.183343
304	0.298386
305	0.197678
306	0.249110
307	0.283877
308	0.172357
309	0.306564
310	0.192034
311	0.273152
312	0.224541
313	0.208304
314	0.197964
315	0.197083
316	0.291367
317	0.270439
318	0.311358
319	0.319213
320	0.305806
321	0.391160
322	0.271970
323	0.198071
324	0.253997
325	0.207367
326	0.321073
327	0.324509
328	0.322601
329	0.223073
330	0.247843
331	0.225836
332	0.296534
333	0.233948
334	0.294419
335	0.308071
336	0.197256
337	0.342631
338	0.275401
339	0.206422
340	0.377327
341	0.232786
342	0.334657
343	0.272567
344	0.369598
345	0.321724
346	0.307833
347	0.309510
348	0.311597
349	0.301580
350	0.295892
351	0.251926
352	0.309959
353	0.469880
354	0.385074
355	0.370153
356	0.215577
357	0.282525
358	0.358628
359	0.387412
360	0.320997
361	0.221962
362	0.295341
363	0.209575
364	0.244623
365	0.159858
366	0.290640
367	0.346500
368	0.160554
369	0.203393
370	0.301835
371	0.430669
372	0.256888
373	0.275925
374	0.268520
375	0.269120
376	0.320374
377	0.320405
378	0.497574
379	0.291847
380	0.207789
381	0.415955
382	0.373918
383	0.323402
384	0.276608
385	0.221257
386	0.166136
387	0.359083
388	0.244033
389	0.261036
390	0.314713
391	0.328929
392	0.291155
393	0.253348
394	0.241644
395	0.267239
396	0.316534
397	0.392736
398	0.205017
399	0.277778
400	0.257245
401	0.258299
402	0.143422
403	0.232507
404	0.359613
405	0.210800
406	0.409204
407	0.292329
408	0.385591
409	0.246554
410	0.281480
411	0.355964
412	0.311182
413	0.316855
414	0.325056
415	0.263236
416	0.345377
417	0.157051
418	0.306719
419	0.218320
420	0.244543
421	0.234302
422	0.292409
423	0.305478
424	0.344141
425	0.289357
426	0.315163
427	0.264111
428	0.163043
429	0.303797
430	0.247611
431	0.275352
432	0.333333
433	0.218679
434	0.308704
435	0.368939
436	0.389399
437	0.375569
438	0.248751
439	0.281761
440	0.182467
441	0.315486
442	0.255343
443	0.202603
444	0.341166
445	0.328469
446	0.340783
447	0.368624
448	0.286081
449	0.398828
450	0.341669
451	0.277441
452	0.226913
453	0.217201
454	0.327165
455	0.354072
456	0.326293
457	0.271565
458	0.284483
459	0.295030
460	0.307018
461	0.223990
462	0.347372
463	0.173686
464	0.206763
465	0.290374
466	0.220785
467	0.248882
468	0.295344
469	0.305046
470	0.282868
471	0.288633
472	0.322631
473	0.322323
474	0.175025
475	0.265243
476	0.225825
477	0.266330
478	0.214027
479	0.259872
480	0.239416
481	0.173186
482	0.354822
483	0.162083
484	0.304408
485	0.286765
486	0.408163
487	0.336125
488	0.309211
489	0.303061
490	0.289404
491	0.248132
492	0.316274
493	0.358254
494	0.303224
495	0.377472
496	0.227901
497	0.384864
498	0.448172
499	0.318411
500	0.225478
501	0.271475
502	0.322902
503	0.233635
504	0.364458
505	0.402433
506	0.164501
507	0.195550
508	0.289746
509	0.295927
510	0.286743
511	0.265252
512	0.377214
513	0.288079
514	0.300341
515	0.327662
516	0.189010
517	0.242469
518	0.421277
519	0.245085
520	0.253084
521	0.406199
522	0.386686
523	0.237772
524	0.185308
525	0.271350
526	0.365224
527	0.297667
528	0.201573
529	0.326428
530	0.214782
531	0.250944
532	0.257887
533	0.457442
534	0.168716
535	0.256098
536	0.264654
537	0.357159
538	0.302326
539	0.204483
540	0.239276
541	0.179806
542	0.424138
543	0.249619
544	0.345979
545	0.257399
546	0.266497
547	0.289453
548	0.286790
549	0.314869
550	0.223535
551	0.238387
552	0.393273
553	0.206250
554	0.326721
555	0.371901
556	0.339023
557	0.284981
558	0.249802
559	0.434353
560	0.214135
561	0.431527
562	0.445783
563	0.345550
564	0.295455
565	0.334047
566	0.303150
567	0.202758
568	0.235319
569	0.384548
570	0.204405
571	0.213118
572	0.471204
573	0.298751
574	0.304588
575	0.279545
576	0.181708
577	0.249869
578	0.195331
579	0.300146
580	0.269677
581	0.191541
582	0.183493
583	0.360606
584	0.198939
585	0.313973
586	0.283516
587	0.395010
588	0.250887
589	0.291925
590	0.268371
591	0.345088
592	0.266497
593	0.275382
594	0.437808
595	0.290491
596	0.320554
597	0.353268
598	0.297882
599	0.278870
600	0.333845
601	0.302996
602	0.315966
603	0.333040
604	0.331633
605	0.320828
606	0.277334
607	0.240770
608	0.215938
609	0.368652
610	0.260446
611	0.386039
612	0.288509
613	0.419120
614	0.199830
615	0.280360
616	0.218791
617	0.397630
618	0.299694
619	0.245144
620	0.266311
621	0.299778
622	0.239426
623	0.238736
624	0.243602
625	0.343239
626	0.299738
627	0.314244
628	0.237165
629	0.318430
630	0.292716
631	0.255495
632	0.276147
633	0.239307
634	0.370370
635	0.320440
636	0.283406
637	0.368166
638	0.292453
639	0.230450
640	0.166368
641	0.473856
642	0.237323
643	0.281097
644	0.269545
645	0.366219
646	0.259461
647	0.336919
648	0.344295
649	0.333003
650	0.218092
651	0.316185
652	0.303279
653	0.227377
654	0.244543
655	0.264867
656	0.282051
657	0.218436
658	0.280415
659	0.325672
660	0.371688
661	0.339225
662	0.308131
663	0.275525
664	0.180730
665	0.255474
666	0.299857
667	0.204234
668	0.339989
669	0.213325
670	0.275766
671	0.201673
672	0.353362
673	0.312247
674	0.370530
675	0.271866
676	0.267837
677	0.405495
678	0.367538
679	0.265973
680	0.313923
681	0.291262
682	0.284689
683	0.298187
684	0.320841
685	0.307110
686	0.304618
687	0.285891
688	0.314648
689	0.279876
690	0.300098
691	0.258242
692	0.423131
693	0.364042
694	0.231142
695	0.293023
696	0.252427
697	0.308072
698	0.272468
699	0.349589
700	0.455717
701	0.194838
702	0.277121
703	0.311881
704	0.318283
705	0.360402
706	0.349858
707	0.216963
708	0.251152
709	0.317681
710	0.326627
711	0.287463
712	0.302589
713	0.238287
714	0.280405
715	0.325459
716	0.317233
717	0.227604
718	0.274431
719	0.293769
720	0.260741
721	0.195926
722	0.380925
723	0.278853
724	0.241522
725	0.325171
726	0.369058
727	0.164302
728	0.246868
729	0.224759
730	0.315966
731	0.349150
732	0.197686
733	0.243997
734	0.254164
735	0.252427
736	0.273735
737	0.280692
738	0.307852
739	0.338896
740	0.229413
741	0.321695
742	0.327154
743	0.300903
744	0.217129
745	0.292543
746	0.340511
747	0.341591
748	0.247774
749	0.210927
750	0.341633
751	0.330818
752	0.322714
753	0.268430
754	0.359537
755	0.376569
756	0.213483
757	0.217930
758	0.381713
759	0.289550
760	0.253687
761	0.225503
762	0.377299
763	0.335014
764	0.226305
765	0.317972
766	0.177615
767	0.248331
768	0.273305
769	0.374866
770	0.272004
771	0.294384
772	0.259078
773	0.367325
774	0.371950
775	0.353357
776	0.252951
777	0.184451
778	0.378713
779	0.229638
780	0.244583
781	0.243655
782	0.316015
783	0.227518
784	0.316973
785	0.196286
786	0.455635
787	0.298578
788	0.264077
789	0.255584
790	0.393663
791	0.153624
792	0.210034
793	0.329082
794	0.276768
795	0.302091
796	0.314729
797	0.237638
798	0.316480
799	0.210552
800	0.306510
801	0.390977
802	0.313576
803	0.279867
804	0.358456
805	0.292845
806	0.326316
807	0.178732
808	0.324178
809	0.289103
810	0.355091
811	0.246398
812	0.254098
813	0.208406
814	0.402098
815	0.370000
816	0.323545
817	0.200729
818	0.323217
819	0.389088
820	0.362069
821	0.380334
822	0.317583
823	0.407407
824	0.195773
825	0.274900
826	0.301904
827	0.334421
828	0.244431
829	0.362681
830	0.350965
831	0.333333
832	0.290807
833	0.262692
834	0.340472
835	0.314120
836	0.323032
837	0.280899
838	0.322800
839	0.368098
840	0.273585
841	0.365216
842	0.309419
843	0.290725
844	0.242350
845	0.235676
846	0.407367
847	0.336700
848	0.325165
849	0.266100
850	0.339314
851	0.209626
852	0.299189
853	0.247029
854	0.294883
855	0.274336
856	0.388571
857	0.229432
858	0.325708
859	0.319383
860	0.304768
861	0.410498
862	0.436210
863	0.271343
864	0.286871
865	0.175439
866	0.378840
867	0.265411
868	0.240624
869	0.306435
870	0.304103
871	0.310555
872	0.406504
873	0.264422
874	0.229306
875	0.233835
876	0.240807
877	0.340206
878	0.540430
879	0.290201
880	0.338105
881	0.264832
882	0.296994
883	0.286581
884	0.269966
885	0.303726
886	0.271839
887	0.258050
888	0.157753
889	0.339114
890	0.226027
891	0.274709
892	0.367042
893	0.266667
894	0.199943
895	0.248408
896	0.244284
897	0.228873
898	0.307903
899	0.250397
900	0.256311
901	0.373984
902	0.274324
903	0.302624
904	0.255319
905	0.361734
906	0.365535
907	0.377287
908	0.267362
909	0.252033
910	0.156083
911	0.384840
912	0.316292
913	0.266757
914	0.393258
915	0.260938
916	0.334364
917	0.401686
918	0.271973
919	0.375929
920	0.214528
921	0.336538
922	0.329013
923	0.341463
924	0.508333
925	0.334148
926	0.206582
927	0.317329
928	0.327005
929	0.399317
930	0.295119
931	0.306878
932	0.282128
933	0.239465
934	0.353951
935	0.231969
936	0.256204
937	0.320628
938	0.303907
939	0.327613
940	0.264794
941	0.479809
942	0.174299
943	0.243854
944	0.222468
945	0.291802
946	0.240148
947	0.279412
948	0.337793
949	0.388441
950	0.298695
951	0.390432
952	0.293776
953	0.359428
954	0.261730
955	0.203769
956	0.332291
957	0.319362
958	0.260090
959	0.334694
960	0.389376
961	0.328856
962	0.273882
963	0.237945
964	0.198447
965	0.286645
966	0.268765
967	0.338245
968	0.386878
969	0.344500
970	0.240257
971	0.292521
972	0.344777
973	0.263398
974	0.381900
975	0.349499
976	0.295186
977	0.263342
978	0.359657
979	0.271335
980	0.316764
981	0.272326
982	0.248796
983	0.322738
984	0.212985
985	0.348558
986	0.308325
987	0.335244
988	0.247788
989	0.309388
990	0.254837
991	0.354730
992	0.302642
993	0.342205
994	0.359179
995	0.239833
996	0.332278
997	0.266055
998	0.250269
999	0.375671
1000	0.322231
1001	0.351222
1002	0.226324
1003	0.260504
1004	0.180097
1005	0.380524
1006	0.241203
1007	0.316472
1008	0.220692
1009	0.377797
1010	0.403561
1011	0.357530
1012	0.284636
1013	0.274644
1014	0.360308
1015	0.252082
1016	0.285372
1017	0.230269
1018	0.286661
1019	0.176739
1020	0.290625
1021	0.228285
1022	0.267556
1023	0.251351
1024	0.312699
1025	0.261563
1026	0.447094
1027	0.277470
1028	0.291719
1029	0.301205
1030	0.428195
1031	0.357453
1032	0.281008
1033	0.227384
1034	0.272880
1035	0.219222
1036	0.367880
1037	0.297206
1038	0.256849
1039	0.313827
1040	0.305538
1041	0.333539
1042	0.374962
1043	0.230475
1044	0.232665
1045	0.188197
1046	0.339603
1047	0.267685
1048	0.253243
1049	0.266322
1050	0.374728
1051	0.263326
1052	0.343699
1053	0.361757
1054	0.360308
1055	0.259043
1056	0.326432
1057	0.366379
1058	0.349097
1059	0.283429
1060	0.331492
1061	0.424741
1062	0.445423
1063	0.304638
1064	0.325887
1065	0.316005
1066	0.372706
1067	0.346003
1068	0.349353
1069	0.362757
1070	0.322734
1071	0.320755
1072	0.239010
1073	0.298233
1074	0.221277
1075	0.285592
1076	0.311345
1077	0.355817
1078	0.350195
1079	0.337045
1080	0.399577
1081	0.194038
1082	0.259843
1083	0.268061
1084	0.408253
1085	0.350554
1086	0.383065
1087	0.291475
1088	0.330402
1089	0.341306
1090	0.198675
1091	0.273723
1092	0.383866
1093	0.398446
1094	0.447793
1095	0.343165
1096	0.310116
1097	0.334507
1098	0.341076
1099	0.219345
1100	0.228151
1101	0.354294
1102	0.262953
1103	0.365816
1104	0.330198
1105	0.276163
1106	0.304587
1107	0.478202
1108	0.295633
1109	0.337500
1110	0.250124
1111	0.398406
1112	0.284053
1113	0.252505
1114	0.295633
1115	0.169031
1116	0.420444
1117	0.292887
1118	0.282118
1119	0.269290
1120	0.314214
1121	0.252012
1122	0.294631
1123	0.194025
1124	0.310375
1125	0.348745
1126	0.472758
1127	0.376869
1128	0.301806
1129	0.292035
1130	0.246589
1131	0.248904
1132	0.343057
1133	0.172350
1134	0.191621
1135	0.324028
1136	0.291519
1137	0.323235
1138	0.327372
1139	0.346939
1140	0.286179
1141	0.305026
1142	0.265432
1143	0.196974
1144	0.344455
1145	0.273780
1146	0.232461
1147	0.219175
1148	0.231173
1149	0.281424
1150	0.294651
1151	0.293242
1152	0.224069
1153	0.255782
1154	0.238971
1155	0.217800
1156	0.342105
1157	0.346838
1158	0.354589
1159	0.279807
1160	0.272270
1161	0.352385
1162	0.299815
1163	0.341155
1164	0.344576
1165	0.267857
1166	0.289208
1167	0.255682
1168	0.319588
1169	0.317844
1170	0.295572
1171	0.221607
1172	0.338305
1173	0.443902
1174	0.290373
1175	0.359610
1176	0.419227
1177	0.426471
1178	0.324251
1179	0.355670
1180	0.382332
1181	0.232755
1182	0.334708
1183	0.332787
1184	0.264228
1185	0.283333
1186	0.375189
1187	0.267725
1188	0.287879
1189	0.314795
1190	0.381245
1191	0.261104
1192	0.278592
1193	0.418033
1194	0.309091
1195	0.205858
1196	0.237687
1197	0.255000
1198	0.199863
1199	0.315126
1200	0.338614
1201	0.379786
1202	0.312276
1203	0.251777
1204	0.350543
1205	0.322074
1206	0.310881
1207	0.313745
1208	0.166227
1209	0.251313
1210	0.448544
1211	0.274223
1212	0.246161
1213	0.273152
1214	0.220692
1215	0.259067
1216	0.353513
1217	0.286754
1218	0.281250
1219	0.264205
1220	0.340000
1221	0.448124
1222	0.359513
1223	0.349751
1224	0.318561
1225	0.462162
1226	0.360710
1227	0.282051
1228	0.261371
1229	0.335211
1230	0.401747
1231	0.268744
1232	0.220837
1233	0.307918
1234	0.315574
1235	0.324604
1236	0.240660
1237	0.182266
1238	0.372692
1239	0.259342
1240	0.235678
1241	0.257069
1242	0.418803
1243	0.299885
1244	0.377473
1245	0.288432
1246	0.406721
1247	0.209441
1248	0.276951
1249	0.313324
1250	0.280894
1251	0.298450
1252	0.259084
1253	0.417566
1254	0.332278
1255	0.275776
1256	0.428571
1257	0.223567
1258	0.361254
1259	0.280363
1260	0.247220
1261	0.352059
1262	0.370585
1263	0.246489
1264	0.224866
1265	0.326627
1266	0.210080
1267	0.384487
1268	0.380690
1269	0.213592
1270	0.279230
1271	0.393333
1272	0.299125
1273	0.380678
1274	0.254011
1275	0.224592
1276	0.332550
1277	0.299213
1278	0.284903
1279	0.278610
1280	0.330033
1281	0.424517
1282	0.299252
1283	0.398714
1284	0.245969
1285	0.419363
1286	0.177931
1287	0.315574
1288	0.268144
1289	0.299559
1290	0.319066
1291	0.298978
1292	0.341444
1293	0.259585
1294	0.243035
1295	0.352490
1296	0.274977
1297	0.300505
1298	0.266831
1299	0.305187
1300	0.358641
1301	0.389937
1302	0.375000
1303	0.265359
1304	0.409302
1305	0.403141
1306	0.245552
1307	0.360343
1308	0.342660
1309	0.354839
1310	0.331169
1311	0.434552
1312	0.330946
1313	0.425656
1314	0.247354
1315	0.283876
1316	0.347349
1317	0.419580
1318	0.263930
1319	0.328125
1320	0.368932
1321	0.290557
1322	0.342327
1323	0.386100
1324	0.363780
1325	0.217926
1326	0.352941
1327	0.255036
1328	0.288653
1329	0.192127
1330	0.306066
1331	0.402904
1332	0.291845
1333	0.285687
1334	0.249424
1335	0.299304
1336	0.311111
1337	0.258020
1338	0.378447
1339	0.334706
1340	0.346118
1341	0.278049
1342	0.294276
1343	0.260331
1344	0.267671
1345	0.355091
1346	0.348051
1347	0.279173
1348	0.303571
1349	0.297218
1350	0.326087
1351	0.259843
1352	0.239891
1353	0.233386
1354	0.342960
1355	0.225948
1356	0.349178
1357	0.303797
1358	0.313015
1359	0.384956
1360	0.284553
1361	0.281707
1362	0.305810
1363	0.218030
1364	0.282511
1365	0.373563
1366	0.296412
1367	0.350908
1368	0.456140
1369	0.247826
1370	0.274972
1371	0.380000
1372	0.255880
1373	0.394643
1374	0.247863
1375	0.412048
1376	0.277446
1377	0.359801
1378	0.238824
1379	0.234682
1380	0.356933
1381	0.300207
1382	0.386534
1383	0.238977
1384	0.376344
1385	0.292453
1386	0.469722
1387	0.329749
1388	0.354235
1389	0.404278
1390	0.402299
1391	0.323864
1392	0.245763
1393	0.331492
1394	0.258940
1395	0.331135
1396	0.219136
1397	0.437220
1398	0.322581
1399	0.324675
1400	0.291247
1401	0.324427
1402	0.437030
1403	0.293147
1404	0.406421
1405	0.251189
1406	0.240437
1407	0.248146
1408	0.287081
1409	0.392857
1410	0.232730
1411	0.239404
1412	0.282560
1413	0.266536
1414	0.312614
1415	0.246429
1416	0.264228
1417	0.327195
1418	0.376847
1419	0.346575
1420	0.393443
1421	0.434983
1422	0.474740
1423	0.372951
1424	0.419580
1425	0.318182
1426	0.340909
1427	0.332386
1428	0.313316
1429	0.358268
1430	0.201900
1431	0.399160
1432	0.322693
1433	0.316250
1434	0.200979
1435	0.340511
1436	0.257019
1437	0.283019
1438	0.268577
1439	0.273413
1440	0.467890
1441	0.275891
1442	0.243024
1443	0.376258
1444	0.326332
1445	0.334604
1446	0.333333
1447	0.346847
1448	0.351171
1449	0.241810
1450	0.377778
1451	0.318182
1452	0.355777
1453	0.345965
1454	0.262115
1455	0.297892
1456	0.381944
1457	0.229709
1458	0.432462
1459	0.367754
1460	0.305057
1461	0.248092
1462	0.306321
1463	0.183689
1464	0.258185
1465	0.375000
1466	0.318932
1467	0.387234
1468	0.372549
1469	0.362416
1470	0.367177
1471	0.203349
1472	0.248120
1473	0.285714
1474	0.290909
1475	0.240047
1476	0.282288
1477	0.194351
1478	0.216301
1479	0.213729
1480	0.311900
1481	0.289877
1482	0.401408
1483	0.318239
1484	0.370526
1485	0.468531
1486	0.314570
1487	0.219941
1488	0.383459
1489	0.301909
1490	0.219153
1491	0.227314
1492	0.291962
1493	0.294944
1494	0.295572
1495	0.261905
1496	0.391791
1497	0.339603
1498	0.362069
1499	0.328697
1500	0.232472
1501	0.268874
1502	0.344828
1503	0.375000
1504	0.263956
1505	0.348883
1506	0.421296
1507	0.336929
1508	0.311864
1509	0.376812
1510	0.229779
1511	0.338616
1512	0.332805
1513	0.273082
1514	0.440678
1515	0.227186
1516	0.262431
1517	0.346359
1518	0.369091
1519	0.347222
1520	0.325750
1521	0.280220
1522	0.257451
1523	0.236882
1524	0.408408
1525	0.247584
1526	0.286765
1527	0.371681
1528	0.298056
1529	0.411058
1530	0.471322
1531	0.275815
1532	0.250896
1533	0.330778
1534	0.284339
1535	0.286145
1536	0.284417
1537	0.322018
1538	0.315126
1539	0.323204
1540	0.294258
1541	0.333500
1542	0.362150
1543	0.244470
1544	0.260758
1545	0.196064
1546	0.305381
1547	0.384181
1548	0.319964
1549	0.247129
1550	0.337748
1551	0.417073
1552	0.354545
1553	0.297665
1554	0.423387
1555	0.353535
1556	0.300633
1557	0.181513
1558	0.293353
1559	0.304348
1560	0.353160
1561	0.273525
1562	0.319444
1563	0.443975
1564	0.392190
1565	0.352941
1566	0.389432
1567	0.409639
1568	0.395716
1569	0.259427
1570	0.393120
1571	0.375887
1572	0.371429
1573	0.279857
1574	0.316456
1575	0.128555
1576	0.425764
1577	0.334018
1578	0.281736
1579	0.292072
1580	0.305499
1581	0.340604
1582	0.198510
1583	0.286750
1584	0.362288
1585	0.447059
1586	0.307229
1587	0.322034
1588	0.410448
1589	0.283401
1590	0.289655
1591	0.345188
1592	0.442779
1593	0.351598
1594	0.360444
1595	0.248241
1596	0.275362
1597	0.397959
1598	0.369565
1599	0.295187
1600	0.337037
1601	0.343935
1602	0.211683
1603	0.394696
1604	0.192661
1605	0.346262
1606	0.216880
1607	0.334813
1608	0.297340
1609	0.402985
1610	0.402098
1611	0.316940
1612	0.317797
1613	0.371703
1614	0.253012
1615	0.466216
1616	0.234004
1617	0.292802
1618	0.459459
1619	0.304270
1620	0.234276
1621	0.468085
1622	0.251743
1623	0.310502
1624	0.298334
1625	0.390879
1626	0.334601
1627	0.252289
1628	0.213654
1629	0.482664
1630	0.418079
1631	0.291262
1632	0.186299
1633	0.411290
1634	0.269710
1635	0.379642
1636	0.280103
1637	0.373673
1638	0.353942
1639	0.357032
1640	0.349887
1641	0.323077
1642	0.299572
1643	0.222691
1644	0.342000
1645	0.376593
1646	0.378018
1647	0.374628
1648	0.367155
1649	0.369231
1650	0.323440
1651	0.395095
1652	0.268012
1653	0.258626
1654	0.383966
1655	0.402299
1656	0.300000
1657	0.489971
1658	0.431280
1659	0.270416
1660	0.405213
1661	0.298149
1662	0.319149
1663	0.404377
1664	0.339367
1665	0.253289
1666	0.250000
1667	0.206554
1668	0.170838
1669	0.294118
1670	0.288100
1671	0.284939
1672	0.207237
1673	0.160455
1674	0.330189
1675	0.207705
1676	0.306063
1677	0.347107
1678	0.278293
1679	0.414808
1680	0.417722
1681	0.265809
1682	0.397351
1683	0.288754
1684	0.501543
1685	0.371585
1686	0.367788
1687	0.321280
1688	0.251351
1689	0.387479
1690	0.307895
1691	0.396681
1692	0.242900
1693	0.346121
1694	0.302632
1695	0.357143
1696	0.268336
1697	0.377734
1698	0.287890
1699	0.359589
1700	0.316667
1701	0.301724
1702	0.370130
1703	0.214614
1704	0.347107
1705	0.258691
1706	0.384615
1707	0.248137
1708	0.315228
1709	0.226190
1710	0.416667
1711	0.273349
1712	0.302222
1713	0.321883
1714	0.362319
1715	0.344037
1716	0.346575
1717	0.377277
1718	0.449091
1719	0.445570
1720	0.306667
1721	0.309222
1722	0.260417
1723	0.367776
1724	0.375691
1725	0.408072
1726	0.315464
1727	0.280581
1728	0.247258
1729	0.200494
1730	0.388325
1731	0.272880
1732	0.247321
1733	0.344262
1734	0.306818
1735	0.382175
1736	0.257591
1737	0.455971
1738	0.495122
1739	0.361446
1740	0.376412
1741	0.386598
1742	0.332651
1743	0.329861
1744	0.336283
1745	0.309071
1746	0.452381
1747	0.381546
1748	0.387622
1749	0.503979
1750	0.419479
1751	0.398714
1752	0.363780
1753	0.355191
1754	0.380165
1755	0.382550
1756	0.322642
1757	0.295938
1758	0.480337
1759	0.348498
1760	0.393316
1761	0.323077
1762	0.276074
1763	0.302372
1764	0.330685
1765	0.258904
1766	0.297800
1767	0.468591
1768	0.269436
1769	0.379888
1770	0.293210
1771	0.337333
1772	0.344758
1773	0.279412
1774	0.271739
1775	0.462185
1776	0.301724
1777	0.315534
1778	0.305344
1779	0.274863
1780	0.324575
1781	0.365591
1782	0.301370
1783	0.385135
1784	0.200342
1785	0.305451
1786	0.349448
1787	0.281787
1788	0.277778
1789	0.243269
1790	0.332545
1791	0.359788
1792	0.423077
1793	0.282178
1794	0.388274
1795	0.419132
1796	0.399678
1797	0.311688
1798	0.508380
1799	0.352144
1800	0.447761
1801	0.355030
1802	0.339749
1803	0.440722
1804	0.310090
1805	0.209729
1806	0.223729
1807	0.275964
1808	0.459459
1809	0.467925
1810	0.285285
1811	0.297945
1812	0.421196
1813	0.284615
1814	0.344758
1815	0.420000
1816	0.218472
1817	0.328125
1818	0.400763
1819	0.266497
1820	0.267549
1821	0.344280
1822	0.269486
1823	0.326305
1824	0.427365
1825	0.454545
1826	0.357143
1827	0.385109
1828	0.363322
1829	0.280992
1830	0.466216
1831	0.210356
1832	0.416667
1833	0.391791
1834	0.426357
1835	0.502174
1836	0.270580
1837	0.340645
1838	0.350299
1839	0.258584
1840	0.375972
1841	0.266094
1842	0.304781
1843	0.280356
1844	0.325926
1845	0.428571
1846	0.322917
1847	0.312982
1848	0.280112
1849	0.455000
1850	0.325000
1851	0.322176
1852	0.239583
1853	0.414414
1854	0.367704
1855	0.371429
1856	0.288651
1857	0.342685
1858	0.272045
1859	0.414634
1860	0.405405
1861	0.333919
1862	0.255924
1863	0.346939
1864	0.409385
1865	0.375491
1866	0.312044
1867	0.503587
1868	0.229183
1869	0.550000
1870	0.314186
1871	0.313693
1872	0.379673
1873	0.455959
1874	0.438792
1875	0.264875
1876	0.432099
1877	0.350318
1878	0.284900
1879	0.358209
1880	0.408612
1881	0.345974
1882	0.452055
1883	0.342222
1884	0.436019
1885	0.379061
1886	0.293251
1887	0.328502
1888	0.382450
1889	0.253349
1890	0.303665
1891	0.373665
1892	0.303630
1893	0.267199
1894	0.309401
1895	0.332685
1896	0.346154
1897	0.247259
1898	0.258101
1899	0.327613
1900	0.404762
1901	0.368421
1902	0.277717
1903	0.372581
1904	0.317125
1905	0.402439
1906	0.429621
1907	0.353601
1908	0.493151
1909	0.347274
1910	0.485646
1911	0.355623
1912	0.237810
1913	0.249548
1914	0.390805
1915	0.353483
1916	0.387177
1917	0.430769
1918	0.357143
1919	0.258550
1920	0.288066
1921	0.437500
1922	0.324869
1923	0.359513
1924	0.309651
1925	0.473684
1926	0.448980
1927	0.417722
1928	0.303514
1929	0.550000
1930	0.280624
1931	0.354167
1932	0.380690
1933	0.363830
1934	0.425463
1935	0.329555
1936	0.463636
1937	0.408408
1938	0.362095
1939	0.290135
1940	0.352672
1941	0.336134
1942	0.267220
1943	0.217975
1944	0.474820
1945	0.333333
1946	0.405405
1947	0.321716
1948	0.360398
1949	0.210034
1950	0.486111
1951	0.377483
1952	0.293814
1953	0.362559
1954	0.307443
1955	0.440191
1956	0.353659
1957	0.375000
1958	0.252613
1959	0.395349
1960	0.412500
1961	0.317164
1962	0.287440
1963	0.174000
1964	0.384000
1965	0.332895
1966	0.226703
1967	0.429688
1968	0.368098
1969	0.295082
1970	0.390900
1971	0.248005
1972	0.371681
1973	0.431280
1974	0.227928
1975	0.221389
1976	0.451613
1977	0.274336
1978	0.270330
1979	0.414812
1980	0.437318
1981	0.366935
1982	0.333863
1983	0.455446
1984	0.410188
1985	0.332278
1986	0.303797
1987	0.401747
1988	0.359447
1989	0.331302
1990	0.247300
1991	0.298507
1992	0.297732
1993	0.352056
1994	0.277677
1995	0.455000
1996	0.260536
1997	0.372607
1998	0.433213
1999	0.353982
2000	0.353306
2001	0.216758
2002	0.364486
2003	0.314685
2004	0.467354
2005	0.384937
2006	0.410156
2007	0.320755
2008	0.262500
2009	0.236047
2010	0.342857
2011	0.434944
2012	0.271127
2013	0.274920
2014	0.216708
2015	0.310049
2016	0.398155
2017	0.406752
2018	0.369973
2019	0.279412
2020	0.271277
2021	0.324232
2022	0.325203
2023	0.383408
2024	0.346359
2025	0.318621
2026	0.277045
2027	0.390947
2028	0.402632
2029	0.309795
2030	0.320000
2031	0.387234
2032	0.355337
2033	0.310580
2034	0.378601
2035	0.263077
2036	0.256940
2037	0.412698
2038	0.401662
2039	0.345532
2040	0.251938
2041	0.160103
2042	0.353982
2043	0.339706
2044	0.230539
2045	0.405970
2046	0.367347
2047	0.467354
2048	0.343580
2049	0.376823
2050	0.355932
2051	0.278022
2052	0.432836
2053	0.303100
2054	0.379061
2055	0.348966
2056	0.423853
2057	0.235614
2058	0.422222
2059	0.452055
2060	0.394417
2061	0.433761
2062	0.369668
2063	0.322581
2064	0.350302
2065	0.427778
2066	0.342000
2067	0.229064
2068	0.360577
2069	0.294118
2070	0.478947
2071	0.430730
2072	0.344758
2073	0.288555
2074	0.338496
2075	0.286765
2076	0.234834
2077	0.313102
2078	0.320592
2079	0.400246
2080	0.352672
2081	0.369141
2082	0.666667
2083	0.390000
2084	0.372581
2085	0.304933
2086	0.300000
2087	0.400963
2088	0.216901
2089	0.329382
2090	0.379888
2091	0.277008
2092	0.509091
2093	0.315364
2094	0.349569
2095	0.377778
2096	0.391960
2097	0.349470
2098	0.369231
2099	0.348980
2100	0.376328
2101	0.351906
2102	0.410448
2103	0.221053
2104	0.494565
2105	0.349650
2106	0.386740
2107	0.318182
2108	0.299413
2109	0.337037
2110	0.309735
2111	0.383966
2112	0.343511
2113	0.427699
2114	0.315315
2115	0.360825
2116	0.315789
2117	0.351852
2118	0.265212
2119	0.376973
2120	0.452055
2121	0.385892
2122	0.313030
2123	0.289111
2124	0.299700
2125	0.232877
2126	0.346856
2127	0.364000
2128	0.242131
2129	0.283489
2130	0.293296
2131	0.440678
2132	0.483871
2133	0.358964
2134	0.475610
2135	0.393375
2136	0.454545
2137	0.290083
2138	0.480549
2139	0.280749
2140	0.393939
2141	0.469388
2142	0.491228
2143	0.433761
2144	0.351129
2145	0.326087
2146	0.354545
2147	0.397351
2148	0.306452
2149	0.396040
2150	0.317308
2151	0.277551
2152	0.483871
2153	0.236910
2154	0.329670
2155	0.313993
2156	0.349854
2157	0.409910
2158	0.377358
2159	0.398551
2160	0.242802
2161	0.338710
2162	0.385396
2163	0.252017
2164	0.352941
2165	0.245115
2166	0.336614
2167	0.335544
2168	0.302970
2169	0.413943
2170	0.366667
2171	0.345432
2172	0.427673
2173	0.253012
2174	0.348837
2175	0.323529
2176	0.383255
2177	0.182975
2178	0.280851
2179	0.232558
2180	0.410714
2181	0.301846
2182	0.436537
2183	0.395778
2184	0.247078
2185	0.391931
2186	0.429688
2187	0.311987
2188	0.387097
2189	0.316250
2190	0.423077
2191	0.377698
2192	0.380762
2193	0.444444
2194	0.345133
2195	0.288155
2196	0.303721
2197	0.332278
2198	0.309859
2199	0.404412
2200	0.395210
2201	0.383099
2202	0.223421
2203	0.421053
2204	0.423077
2205	0.280363
2206	0.305233
2207	0.366167
2208	0.378830
2209	0.288390
2210	0.412371
2211	0.240000
2212	0.486486
2213	0.405405
2214	0.420382
2215	0.312000
2216	0.361905
2217	0.290221
2218	0.450000
2219	0.444767
2220	0.535714
2221	0.354585
2222	0.426584
2223	0.320253
2224	0.424036
2225	0.314371
2226	0.393939
2227	0.445104
2228	0.415902
2229	0.200267
2230	0.359155
2231	0.250308
2232	0.384615
2233	0.348558
2234	0.450000
2235	0.342105
2236	0.413636
2237	0.413386
2238	0.353043
2239	0.506494
2240	0.502941
2241	0.344262
2242	0.359253
2243	0.466102
2244	0.379167
2245	0.409091
2246	0.365591
2247	0.260870
2248	0.244300
2249	0.326960
2250	0.562500
2251	0.412698
2252	0.311900
2253	0.306087
2254	0.268025
2255	0.331887
2256	0.407838
2257	0.306122
2258	0.291809
2259	0.420561
2260	0.429864
2261	0.533333
2262	0.440529
2263	0.323077
2264	0.351724
2265	0.308390
2266	0.301291
2267	0.202890
2268	0.279141
2269	0.390156
2270	0.388292
2271	0.400963
2272	0.307091
2273	0.371585
2274	0.321716
2275	0.336538
2276	0.315000
2277	0.307773
2278	0.260204
2279	0.446429
2280	0.330472
2281	0.503817
2282	0.259901
2283	0.280000
2284	0.381503
2285	0.270142
2286	0.355054
2287	0.466667
2288	0.358362
2289	0.425056
2290	0.370426
2291	0.410188
2292	0.277372
2293	0.291475
2294	0.341297
2295	0.455531
2296	0.275510
2297	0.439239
2298	0.310580
2299	0.267819
2300	0.379167
2301	0.456376
2302	0.272597
2303	0.288679
2304	0.316092
2305	0.486486
2306	0.420000
2307	0.335689
2308	0.239499
2309	0.473684
2310	0.275862
2311	0.267483
2312	0.256073
2313	0.429293
2314	0.379137
2315	0.424615
2316	0.338164
2317	0.253507
2318	0.408408
2319	0.437500
2320	0.359886
2321	0.462274
2322	0.410688
2323	0.350410
2324	0.318153
2325	0.381818
2326	0.296943
2327	0.212418
2328	0.481752
2329	0.309859
2330	0.369565
2331	0.500000
2332	0.478088
2333	0.346715
2334	0.452055
2335	0.395210
2336	0.514286
2337	0.400000
2338	0.312500
2339	0.420561
2340	0.397959
2341	0.555556
2342	0.458084
2343	0.429864
2344	0.328152
2345	0.229236
2346	0.441176
2347	0.302326
2348	0.322700
2349	0.339246
2350	0.372263
2351	0.358796
2352	0.505556
2353	0.438710
2354	0.336283
2355	0.340757
2356	0.402655
2357	0.415225
2358	0.259781
2359	0.452055
2360	0.304147
2361	0.472973
2362	0.459184
2363	0.307918
2364	0.373832
2365	0.303468
2366	0.361111
2367	0.365245
2368	0.366667
2369	0.392562
2370	0.322581
2371	0.365279
2372	0.444000
2373	0.241237
2374	0.423256
2375	0.365155
2376	0.280650
2377	0.318560
2378	0.518519
2379	0.510613
2380	0.258621
2381	0.396226
2382	0.344595
2383	0.406915
2384	0.293930
2385	0.310976
2386	0.533333
2387	0.344304
2388	0.324074
2389	0.392045
2390	0.431818
2391	0.437956
2392	0.323864
2393	0.361702
2394	0.442478
2395	0.266862
2396	0.364532
2397	0.369718
2398	0.359168
2399	0.255720
2400	0.217728
2401	0.255814
2402	0.394218
2403	0.197034
2404	0.404898
2405	0.450820
2406	0.333333
2407	0.305344
2408	0.378319
2409	0.313761
2410	0.450000
2411	0.402062
2412	0.267983
2413	0.398276
2414	0.312044
2415	0.384615
2416	0.343137
2417	0.346667
2418	0.344037
2419	0.430380
2420	0.410156
2421	0.258333
2422	0.406752
2423	0.305677
2424	0.208623
2425	0.206194
2426	0.298246
2427	0.270796
2428	0.307018
2429	0.388504
2430	0.323077
2431	0.250331
2432	0.367925
2433	0.458182
2434	0.450644
2435	0.401460
2436	0.465074
2437	0.313554
2438	0.390533
2439	0.514286
2440	0.297998
2441	0.407407
2442	0.436893
2443	0.460000
2444	0.324359
2445	0.378486
2446	0.280000
2447	0.308824
2448	0.302964
2449	0.431015
2450	0.451613
2451	0.466667
2452	0.385269
2453	0.376344
2454	0.377143
2455	0.297391
2456	0.367568
2457	0.362069
2458	0.265199
2459	0.361446
2460	0.404412
2461	0.459677
2462	0.457286
2463	0.244726
2464	0.395548
2465	0.418605
2466	0.354772
2467	0.329670
2468	0.275229
2469	0.404145
2470	0.410049
2471	0.301109
2472	0.370370
2473	0.418119
2474	0.284053
2475	0.296774
2476	0.392206
2477	0.399240
2478	0.450000
2479	0.439024
2480	0.384615
2481	0.326367
2482	0.276805
2483	0.269504
2484	0.418605
2485	0.447154
2486	0.600000
2487	0.259067
2488	0.538462
2489	0.474138
2490	0.281713
2491	0.339286
2492	0.351577
2493	0.471795
2494	0.303172
2495	0.400000
2496	0.400881
2497	0.323529
2498	0.456522
2499	0.301724
2500	0.336245
2501	0.258912
2502	0.402439
2503	0.381546
2504	0.312500
2505	0.469512
2506	0.347727
2507	0.320000
2508	0.625000
2509	0.230839
2510	0.448980
2511	0.436893
2512	0.421622
2513	0.366906
2514	0.339806
2515	0.301329
2516	0.299263
2517	0.324675
2518	0.394737
2519	0.322695
2520	0.366906
2521	0.380753
2522	0.287234
2523	0.277717
2524	0.321489
2525	0.555556
2526	0.315789
2527	0.346667
2528	0.377451
2529	0.406977
2530	0.386139
2531	0.440767
2532	0.292824
2533	0.450000
2534	0.350000
2535	0.254702
2536	0.293296
2537	0.389231
2538	0.324074
2539	0.441176
2540	0.402655
2541	0.231685
2542	0.341211
2543	0.466060
2544	0.366667
2545	0.365169
2546	0.407193
2547	0.416667
2548	0.571429
2549	0.306452
2550	0.371025
2551	0.404908
2552	0.347328
2553	0.446809
2554	0.255814
2555	0.232965
2556	0.371622
2557	0.326960
2558	0.323680
2559	0.338614
2560	0.288747
2561	0.340757
2562	0.357895
2563	0.296296
2564	0.404908
2565	0.467213
2566	0.625000
2567	0.382353
2568	0.278986
2569	0.500000
2570	0.387324
2571	0.340909
2572	0.401143
2573	0.333333
2574	0.478261
2575	0.404624
2576	0.311723
2577	0.400881
2578	0.525000
2579	0.430939
2580	0.350058
2581	0.443787
2582	0.251471
2583	0.244755
2584	0.342105
2585	0.378830
2586	0.341709
2587	0.338290
2588	0.511364
2589	0.354331
2590	0.278689
2591	0.398821
2592	0.401786
2593	0.268966
2594	0.452830
2595	0.409091
2596	0.394203
2597	0.476440
2598	0.355047
2599	0.314516
2600	0.459770
2601	0.321101
2602	0.430769
2603	0.535714
2604	0.320122
2605	0.466102
2606	0.535714
2607	0.357143
2608	0.293814
2609	0.316667
2610	0.345308
2611	0.311573
2612	0.338290
2613	0.312245
2614	0.538462
2615	0.352713
2616	0.434783
2617	0.503289
2618	0.310345
2619	0.372549
2620	0.302970
2621	0.394572
2622	0.367133
2623	0.362764
2624	0.341686
2625	0.385965
2626	0.369718
2627	0.406977
2628	0.511364
2629	0.482759
2630	0.264624
2631	0.391304
2632	0.502762
2633	0.517241
2634	0.421171
2635	0.245981
2636	0.375921
2637	0.377778
2638	0.267857
2639	0.312044
2640	0.555556
2641	0.306452
2642	0.444444
2643	0.301003
2644	0.358268
2645	0.300000
2646	0.369128
2647	0.429688
2648	0.489130
2649	0.491228
2650	0.316318
2651	0.340502
2652	0.328520
2653	0.351531
2654	0.416667
2655	0.441176
2656	0.320000
2657	0.464602
2658	0.600000
2659	0.399478
2660	0.421286
2661	0.381546
2662	0.337037
2663	0.500000
2664	0.453858
2665	0.469072
2666	0.317221
2667	0.395683
2668	0.535714
2669	0.571429
2670	0.427230
2671	0.419075
2672	0.387464
2673	0.489209
2674	0.411058
2675	0.375000
2676	0.271431
2677	0.302895
2678	0.298246
2679	0.394737
2680	0.267261
2681	0.444965
2682	0.349470
2683	0.274096
2684	0.431746
2685	0.323469
2686	0.301587
2687	0.364000
2688	0.313531
2689	0.394737
2690	0.368421
2691	0.260204
2692	0.410526
2693	0.361111
2694	0.272727
2695	0.449416
2696	0.309524
2697	0.367788
2698	0.397727
2699	0.327103
2700	0.384236
2701	0.261538
2702	0.452055
2703	0.224092
2704	0.521739
2705	0.372549
2706	0.416667
2707	0.474138
2708	0.571429
2709	0.352672
2710	0.405405
2711	0.448544
2712	0.402062
2713	0.343750
2714	0.346667
2715	0.395939
2716	0.289256
2717	0.257937
2718	0.386005
2719	0.429688
2720	0.571429
2721	0.279249
2722	0.359684
2723	0.305556
2724	0.352349
2725	0.272138
2726	0.600000
2727	0.386139
2728	0.372881
2729	0.263380
2730	0.416667
2731	0.295652
2732	0.309237
2733	0.360759
2734	0.471429
2735	0.374628
2736	0.401460
2737	0.342569
2738	0.442804
2739	0.395415
2740	0.323843
2741	0.306647
2742	0.276968
2743	0.344697
2744	0.326139
2745	0.294944
2746	0.438710
2747	0.505556
2748	0.477273
2749	0.283489
2750	0.455000
2751	0.275806
2752	0.394660
2753	0.394366
2754	0.521739
2755	0.326975
2756	0.488372
2757	0.523256
2758	0.358209
2759	0.329670
2760	0.414634
2761	0.360759
2762	0.401786
2763	0.456461
2764	0.408072
2765	0.288155
2766	0.330579
2767	0.352941
2768	0.367505
2769	0.344432
2770	0.335196
2771	0.425373
2772	0.430108
2773	0.235130
2774	0.246109
2775	0.298246
2776	0.545455
2777	0.366667
2778	0.227723
2779	0.453488
2780	0.429245
2781	0.318182
2782	0.406977
2783	0.286494
2784	0.359244
2785	0.245796
2786	0.490566
2787	0.333333
2788	0.337037
2789	0.292543
2790	0.789474
2791	0.426332
2792	0.450000
2793	0.408127
2794	0.307467
2795	0.456376
2796	0.330709
2797	0.301552
2798	0.533333
2799	0.489247
2800	0.409910
2801	0.405405
2802	0.450820
2803	0.351351
2804	0.432692
2805	0.450644
2806	0.363420
2807	0.340206
2808	0.348837
2809	0.576923
2810	0.318182
2811	0.305556
2812	0.365854
2813	0.312500
2814	0.287770
2815	0.339506
2816	0.388889
2817	0.314815
2818	0.356955
2819	0.336207
2820	0.420000
2821	0.283489
2822	0.368675
2823	0.356250
2824	0.398551
2825	0.409910
2826	0.403846
2827	0.361111
2828	0.223844
2829	0.321678
2830	0.415761
2831	0.413793
2832	0.351351
2833	0.238679
2834	0.417178
2835	0.362538
2836	0.436508
2837	0.404040
2838	0.400763
2839	0.307847
2840	0.351351
2841	0.456522
2842	0.289380
2843	0.293720
2844	0.453488
2845	0.344697
2846	0.297297
2847	0.302326
2848	0.230863
2849	0.354167
2850	0.271462
2851	0.329861
2852	0.445902
2853	0.387234
2854	0.301724
2855	0.511364
2856	0.352941
2857	0.353774
2858	0.503226
2859	0.320122
2860	0.352349
2861	0.276163
2862	0.279255
2863	0.500000
2864	0.444915
2865	0.391960
2866	0.406752
2867	0.255474
2868	0.441558
2869	0.249344
2870	0.428571
2871	0.371359
2872	0.413636
2873	0.365924
2874	0.371622
2875	0.473684
2876	0.398551
2877	0.453488
2878	0.491228
2879	0.377143
2880	0.289157
2881	0.387097
2882	0.386965
2883	0.366667
2884	0.343137
2885	0.491228
2886	0.430769
2887	0.245155
2888	0.311644
2889	0.343750
2890	0.319672
2891	0.442177
2892	0.465074
2893	0.370460
2894	0.325123
2895	0.437500
2896	0.392857
2897	0.404412
2898	0.521739
2899	0.314815
2900	0.323077
2901	0.390533
2902	0.371622
2903	0.531250
2904	0.320084
2905	0.362464
2906	0.314685
2907	0.393996
2908	0.395313
2909	0.416667
2910	0.460916
2911	0.354331
2912	0.454545
2913	0.400000
2914	0.423913
2915	0.256098
2916	0.263158
2917	0.433790
2918	0.305921
2919	0.437500
2920	0.391304
2921	0.430524
2922	0.545455
2923	0.390558
2924	0.352134
2925	0.418605
2926	0.417431
2927	0.354331
2928	0.408560
2929	0.355932
2930	0.471294
2931	0.305233
2932	0.486486
2933	0.431280
2934	0.255864
2935	0.293296
2936	0.478528
2937	0.271459
2938	0.394366
2939	0.270270
2940	0.328125
2941	0.387931
2942	0.257790
2943	0.311927
2944	0.468085
2945	0.461538
2946	0.371622
2947	0.312796
2948	0.367925
2949	0.400000
2950	0.349404
2951	0.345133
2952	0.354167
2953	0.326208
2954	0.309670
2955	0.484988
2956	0.308411
2957	0.366667
2958	0.425806
2959	0.425000
2960	0.480000
2961	0.376712
2962	0.374470
2963	0.246795
2964	0.347985
2965	0.414075
2966	0.381944
2967	0.423913
2968	0.417722
2969	0.305369
2970	0.451613
2971	0.351351
2972	0.300326
2973	0.253960
2974	0.322275
2975	0.457286
2976	0.344262
2977	0.477273
2978	0.298361
2979	0.418605
2980	0.405405
2981	0.439024
2982	0.445946
2983	0.448544
2984	0.354188
2985	0.313793
2986	0.385965
2987	0.443548
2988	0.356516
2989	0.500000
2990	0.392857
2991	0.400881
2992	0.349206
2993	0.333333
2994	0.406250
2995	0.440000
2996	0.514286
2997	0.329032
2998	0.332130
2999	0.250923
3000	0.359589
3001	0.309237
3002	0.313793
3003	0.259041
3004	0.473684
3005	0.337209
3006	0.367347
3007	0.500000
3008	0.330189
3009	0.391791
3010	0.425806
3011	0.398551
3012	0.397380
3013	0.376336
3014	0.507692
3015	0.344140
3016	0.441683
3017	0.281250
3018	0.486486
3019	0.417910
3020	0.305556
3021	0.518519
3022	0.417722
3023	0.404412
3024	0.397351
3025	0.431280
3026	0.332117
3027	0.323450
3028	0.436508
3029	0.284588
3030	0.287066
3031	0.462185
3032	0.371429
3033	0.468750
3034	0.265107
3035	0.352577
3036	0.369919
3037	0.266480
3038	0.421296
3039	0.502174
3040	0.346154
3041	0.310976
3042	0.222883
3043	0.428571
3044	0.407407
3045	0.308468
3046	0.442890
3047	0.354772
3048	0.461538
3049	0.413386
3050	0.334262
3051	0.357798
3052	0.313364
3053	0.333333
3054	0.359788
3055	0.428571
3056	0.437500
3057	0.439024
3058	0.237762
3059	0.395939
3060	0.425926
3061	0.270175
3062	0.272975
3063	0.418605
3064	0.474576
3065	0.261312
3066	0.456522
3067	0.555556
3068	0.348837
3069	0.367733
3070	0.315972
3071	0.263380
3072	0.404412
3073	0.334262
3074	0.346856
3075	0.338462
3076	0.328638
3077	0.367742
3078	0.714286
3079	0.300860
3080	0.274924
3081	0.481752
3082	0.340824
3083	0.341686
3084	0.397959
3085	0.342020
3086	0.518519
3087	0.600000
3088	0.455446
3089	0.450000
3090	0.363289
3091	0.335294
3092	0.517241
3093	0.483871
3094	0.345133
3095	0.333333
3096	0.502392
3097	0.368421
3098	0.404908
3099	0.371517
3100	0.450000
3101	0.576923
3102	0.382979
3103	0.456522
3104	0.525000
3105	0.468750
3106	0.276673
3107	0.446064
3108	0.337079
3109	0.509259
3110	0.357895
3111	0.481928
3112	0.306122
3113	0.383188
3114	0.583333
3115	0.518519
3116	0.310458
3117	0.401786
3118	0.378549
3119	0.456522
3120	0.385593
3121	0.480565
3122	0.445545
3123	0.333333
3124	0.441176
3125	0.332117
3126	0.535714
3127	0.592105
3128	0.435897
3129	0.340848
3130	0.370130
3131	0.489247
3132	0.348718
3133	0.344595
3134	0.366667
3135	0.467532
3136	0.460916
3137	0.533333
3138	0.310651
3139	0.383838
3140	0.340909
3141	0.352713
3142	0.450000
3143	0.329710
3144	0.452055
3145	0.309859
3146	0.378641
3147	0.320122
3148	0.316532
3149	0.322314
3150	0.527778
3151	0.470852
3152	0.441176
3153	0.346056
3154	0.525000
3155	0.290055
3156	0.275762
3157	0.409091
3158	0.286885
3159	0.325203
3160	0.397490
3161	0.297593
3162	0.319253
3163	1.000000
3164	0.347682
3165	0.483871
3166	0.482456
3167	0.555556
3168	0.496241
3169	0.317073
3170	0.482270
3171	0.424028
3172	0.311111
3173	0.426332
3174	0.371622
3175	0.422652
3176	0.359263
3177	0.389344
3178	0.372470
3179	0.381818
3180	0.336412
3181	0.370787
3182	0.443548
3183	0.354545
3184	0.352564
3185	0.349854
3186	0.423913
3187	0.241379
3188	0.450495
3189	0.564103
3190	0.305556
3191	0.325203
3192	0.455345
3193	0.518868
3194	0.409091
3195	0.414443
3196	0.409091
3197	0.358209
3198	0.285714
3199	0.306905
3200	0.500000
3201	0.400881
3202	0.518519
3203	0.600000
3204	0.287066
3205	0.448276
3206	0.340708
3207	0.444444
3208	0.290816
3209	0.405405
3210	0.417910
3211	0.474138
3212	0.403397
3213	0.506329
3214	0.393375
3215	0.375000
3216	0.514286
3217	0.450495
3218	0.330579
3219	0.386139
3220	0.320122
3221	0.330097
3222	0.346939
3223	0.369919
3224	0.260579
3225	0.312000
3226	0.265107
3227	0.396373
3228	0.404040
3229	0.281059
3230	0.419580
3231	0.420561
3232	0.354839
3233	0.317972
3234	0.325203
3235	0.464286
3236	0.371901
3237	0.443548
3238	0.366667
3239	0.310502
3240	0.425532
3241	0.379888
3242	0.511364
3243	0.361446
3244	0.354839
3245	0.478261
3246	0.429648
3247	0.374486
3248	0.527638
3249	0.481928
3250	0.397959
3251	0.295455
3252	0.428571
3253	0.509259
3254	0.375000
3255	0.407186
3256	0.377778
3257	0.227332
3258	0.353160
3259	0.296610
3260	0.351852
3261	0.361842
3262	0.491228
3263	0.478261
3264	0.500000
3265	0.326975
3266	0.335814
3267	0.275362
3268	0.297340
3269	0.458824
3270	0.333333
3271	0.404412
3272	0.357513
3273	0.511364
3274	0.425806
3275	0.483871
3276	0.375000
3277	0.380488
3278	0.468750
3279	0.450000
3280	0.486486
3281	0.386029
3282	0.423077
3283	0.417431
3284	0.435407
3285	0.500000
3286	0.331169
3287	0.452055
3288	0.423913
3289	0.344304
3290	0.518519
3291	0.416667
3292	0.367133
3293	0.555556
3294	0.400844
3295	0.301325
3296	0.352941
3297	0.356164
3298	0.555556
3299	0.371429
3300	0.279255
3301	0.382353
3302	0.405405
3303	0.332609
3304	0.402655
3305	0.454545
3306	0.555556
3307	0.352941
3308	0.340206
3309	0.411765
3310	0.323651
3311	0.247283
3312	0.350584
3313	0.321555
3314	0.293333
3315	0.482759
3316	0.339960
3317	0.386005
3318	0.290055
3319	0.376221
3320	0.382353
3321	0.535714
3322	0.415601
3323	0.477273
3324	0.525000
3325	0.332278
3326	0.292683
3327	0.291667
3328	0.439024
3329	0.307554
3330	0.373171
3331	0.478088
3332	0.362637
3333	0.439024
3334	0.357143
3335	0.380488
3336	0.366667
3337	0.448276
3338	0.518868
3339	0.459596
3340	0.418462
3341	0.388170
3342	0.468750
3343	0.397959
3344	0.456522
3345	0.338290
3346	0.367925
3347	0.304348
3348	0.442997
3349	0.468085
3350	0.500000
3351	0.410876
3352	0.511364
3353	0.453998
3354	0.316279
3355	0.522321
3356	0.356083
3357	0.514286
3358	0.319249
3359	0.431373
3360	0.453488
3361	0.413386
3362	0.463918
3363	0.341162
3364	0.301552
3365	0.458084
3366	0.369668
3367	0.420000
3368	0.397727
3369	0.377698
3370	0.480000
3371	0.181938
3372	0.340611
3373	0.488270
3374	0.537313
3375	0.300648
3376	0.428571
3377	0.357143
3378	0.437500
3379	0.339506
3380	0.416667
3381	0.283489
3382	0.410448
3383	0.328358
3384	0.550000
3385	0.506579
3386	0.412371
3387	0.417910
3388	0.228956
3389	0.454545
3390	0.456522
3391	0.481481
3392	0.359447
3393	0.476440
3394	0.452055
3395	0.293310
3396	0.416667
3397	0.429864
3398	0.456522
3399	0.352564
3400	0.304348
3401	0.390533
3402	0.423077
3403	0.367788
3404	0.535714
3405	0.431746
3406	0.381356
3407	0.326474
3408	0.417495
3409	0.336207
3410	0.319030
3411	0.514286
3412	0.326960
3413	0.555556
3414	0.345133
3415	0.423077
3416	0.378549
3417	0.446097
3418	0.411765
3419	0.517241
3420	0.428571
3421	0.474820
3422	0.363636
3423	0.518519
3424	0.284672
3425	0.456140
3426	0.491228
3427	0.538462
3428	0.437788
3429	0.480000
3430	0.500000
3431	0.500000
3432	0.514286
3433	0.373333
3434	0.302326
3435	0.525000
3436	0.625000
3437	0.367347
3438	0.268456
3439	0.273859
3440	0.299559
3441	0.425806
3442	0.401408
3443	0.334792
3444	0.465753
3445	0.359589
3446	0.378641
3447	0.450000
3448	0.436364
3449	0.192308
3450	0.511364
3451	0.299475
3452	0.394737
3453	0.418605
3454	0.451613
3455	0.429688
3456	0.514286
3457	0.462250
3458	0.378151
3459	0.192478
3460	0.352941
3461	0.473684
3462	0.375921
3463	0.315789
3464	0.274648
3465	0.351724
3466	0.330719
3467	0.571429
3468	0.330909
3469	0.409091
3470	0.437500
3471	0.387324
3472	0.257985
3473	0.528302
3474	0.429688
3475	0.402439
3476	0.354086
3477	0.453488
3478	0.515625
3479	0.440678
3480	0.482759
3481	0.300752
3482	0.438395
3483	0.583333
3484	0.456522
3485	0.555556
3486	0.371622
3487	1.000000
3488	0.369231
3489	0.481752
3490	0.437956
3491	0.431280
3492	0.345912
3493	0.241379
3494	0.451613
3495	0.275758
3496	0.367925
3497	0.500000
3498	0.336634
3499	0.411765
3500	0.376033
3501	0.555556
3502	0.251381
3503	0.508475
3504	0.553846
3505	0.468750
3506	0.456522
3507	0.388889
3508	0.392857
3509	0.347826
3510	0.509259
3511	0.525000
3512	0.345550
3513	0.343750
3514	0.354545
3515	0.436893
3516	0.472441
3517	0.459184
3518	0.354086
3519	0.450000
3520	0.348659
3521	0.362637
3522	0.433884
3523	0.195568
3524	0.474138
3525	0.362550
3526	0.325000
3527	0.455000
3528	0.530612
3529	0.258308
3530	0.375000
3531	0.402062
3532	0.500000
3533	0.452586
3534	0.420765
3535	0.474576
3536	0.292479
3537	0.431034
3538	0.353535
3539	0.411765
3540	0.418605
3541	0.445946
3542	0.625000
3543	0.461538
3544	0.298951
3545	0.346821
3546	0.353513
3547	0.500000
3548	0.317073
3549	0.477273
3550	0.378151
3551	0.269122
3552	0.399240
3553	0.334975
3554	0.399478
3555	0.351852
3556	0.267016
3557	0.335463
3558	0.425806
3559	0.415020
3560	0.469653
3561	0.421053
3562	0.394737
3563	0.395349
3564	0.473684
3565	0.483871
3566	0.345133
3567	0.433333
3568	0.357143
3569	0.330508
3570	0.375000
3571	0.480565
3572	0.333333
3573	0.514286
3574	0.450000
3575	0.281899
3576	0.368000
3577	0.451613
3578	0.375000
3579	0.390071
3580	0.434211
3581	0.466667
3582	0.445946
3583	0.430769
3584	0.335366
3585	0.480000
3586	0.468750
3587	0.417722
3588	0.666667
3589	0.279412
3590	0.357143
3591	0.394737
3592	0.357143
3593	0.625000
3594	0.320122
3595	0.343750
3596	0.270880
3597	0.428571
3598	0.525000
3599	0.406250
3600	0.313761
3601	0.348837
3602	0.468750
3603	0.427230
3604	0.255531
3605	0.395349
3606	0.286957
3607	0.600000
3608	0.518519
3609	0.468750
3610	0.480000
3611	0.391304
3612	0.464789
3613	0.229236
3614	0.400881
3615	0.419580
3616	0.294872
3617	0.345550
3618	0.333333
3619	0.486486
3620	0.473684
3621	0.681818
3622	0.452695
3623	0.486486
3624	0.441176
3625	0.354331
3626	0.291429
3627	0.423077
3628	0.493151
3629	0.468750
3630	0.569620
3631	0.451613
3632	0.307087
3633	0.478947
3634	0.293296
3635	0.439024
3636	0.389313
3637	0.491228
3638	0.364641
3639	0.468750
3640	0.365854
3641	0.313316
3642	0.397590
3643	0.387755
3644	0.486911
3645	0.314371
3646	0.474576
3647	0.434211
3648	0.483871
3649	0.426829
3650	0.478723
3651	0.389685
3652	0.376712
3653	0.608696
3654	0.397380
3655	0.625000
3656	0.390335
3657	0.525000
3658	0.525000
3659	0.345550
3660	0.525000
3661	0.480000
3662	0.249480
3663	0.555556
3664	0.491228
3665	0.523810
3666	0.400881
3667	0.553846
3668	0.600000
3669	0.550000
3670	0.351878
3671	0.450000
3672	0.320423
3673	0.266497
3674	0.414894
3675	0.418605
3676	0.477273
3677	0.431280
3678	0.369718
3679	0.298913
3680	0.336207
3681	0.242021
3682	0.343750
3683	0.294372
3684	0.287452
3685	0.320388
3686	0.394366
3687	0.357143
3688	0.397959
3689	0.289809
3690	0.318841
3691	0.317221
3692	0.513514
3693	0.437500
3694	0.381356
3695	0.357143
3696	0.423387
3697	0.335793
3698	0.343137
3699	0.583333
3700	0.493151
3701	0.367133
3702	0.328502
3703	0.339130
3704	0.384615
3705	0.340206
3706	0.352349
3707	0.538117
3708	0.600000
3709	0.562500
3710	0.507042
3711	0.419753
3712	0.525000
3713	0.391304
3714	0.464602
3715	0.491228
3716	0.456522
3717	0.456522
3718	0.473684
3719	0.456522
3720	0.294944
3721	0.437500
3722	0.432692
3723	0.403846
3724	0.538462
3725	0.452055
3726	0.750000
3727	0.357798
3728	0.307942
3729	0.390533
3730	0.451613
3731	0.486486
3732	0.474138
3733	0.425234
3734	0.500000
3735	0.509259
3736	0.625000
3737	0.292479
3738	0.355407
3739	0.505556
3740	0.353291
3741	0.363420
3742	0.424528
3743	0.439331
3744	0.535714
3745	0.351351
3746	0.474576
3747	0.511364
3748	0.625000
3749	0.538462
3750	0.307087
3751	0.339806
3752	0.362791
3753	0.354730
3754	0.330909
3755	0.441748
3756	0.500000
3757	0.424632
3758	0.400862
3759	0.482759
3760	0.351351
3761	0.468750
3762	0.518519
3763	0.448276
3764	0.525000
3765	0.507692
3766	0.625000
3767	0.444444
3768	0.386029
3769	0.473684
3770	0.450000
3771	0.336879
3772	0.319672
3773	0.420000
3774	0.560000
3775	0.502174
3776	0.375000
3777	0.402439
3778	0.440129
3779	0.666667
3780	0.450178
3781	0.425806
3782	0.535714
3783	0.583333
3784	0.457286
3785	0.441176
3786	0.750000
3787	0.488372
3788	0.382166
3789	0.369718
3790	0.514286
3791	0.514286
3792	0.450000
3793	0.391304
3794	0.528302
3795	0.474576
3796	0.428571
3797	0.364486
3798	0.398671
3799	0.535714
3800	0.362791
3801	0.420561
3802	0.595745
3803	0.252959
3804	0.388889
3805	0.562500
3806	0.377593
3807	0.600000
3808	0.335821
3809	0.481752
3810	0.351064
3811	0.541327
3812	0.456522
3813	0.323129
3814	0.389610
3815	0.590164
3816	0.397380
3817	0.404762
3818	0.367788
3819	0.377030
3820	0.549020
3821	0.474138
3822	0.345133
3823	0.417910
3824	0.390533
3825	0.361842
3826	0.555556
3827	0.397959
3828	0.503597
3829	0.322086
3830	0.290055
3831	0.555556
3832	0.374150
3833	0.517241
3834	0.300537
3835	0.379653
3836	0.423529
3837	0.349470
3838	0.379061
3839	0.348214
3840	0.334764
3841	0.481651
3842	0.514286
3843	0.473958
3844	0.416667
3845	0.404412
3846	0.348214
3847	0.371383
3848	0.494505
3849	0.342105
3850	0.473684
3851	0.443548
3852	0.450000
3853	0.477273
3854	0.334395
3855	0.409091
3856	0.423256
3857	0.600000
3858	0.484472
3859	0.600000
3860	0.483871
3861	0.500000
3862	0.483871
3863	0.406780
3864	0.625000
3865	0.481928
3866	0.392857
3867	0.316894
3868	0.395604
3869	0.514286
3870	0.514286
3871	0.304749
3872	0.525000
3873	0.294498
3874	0.500000
3875	0.439614
3876	0.348101
3877	0.335366
3878	0.434783
3879	0.666667
3880	0.500000
3881	0.294372
3882	0.381503
3883	0.358908
3884	0.478088
3885	0.555556
3886	0.535714
3887	0.473684
3888	0.412500
3889	0.475610
3890	0.395210
3891	0.412698
3892	0.555556
3893	0.468750
3894	0.750000
3895	0.538462
3896	0.466667
3897	0.286010
3898	0.518519
3899	0.334764
3900	0.600000
3901	0.478261
3902	0.500000
3903	0.345133
3904	0.480000
3905	0.375000
3906	0.468750
3907	0.379310
3908	0.358268
3909	0.436508
3910	0.336134
3911	0.517241
3912	0.383212
3913	0.301181
3914	0.483871
3915	0.398230
3916	0.270833
3917	0.600000
3918	0.398230
3919	0.319149
3920	0.463320
3921	0.375000
3922	0.600000
3923	0.425806
3924	0.436893
3925	0.511364
3926	0.576923
3927	0.350410
3928	0.571429
3929	0.403846
3930	0.451613
3931	0.455172
3932	0.583333
3933	0.272109
3934	0.352564
3935	0.454545
3936	0.410448
3937	0.535714
3938	0.666667
3939	0.550000
3940	0.625000
3941	0.327381
3942	0.451128
3943	0.478723
3944	0.528846
3945	0.410526
3946	0.296417
3947	0.424242
3948	0.441176
3949	0.750000
3950	0.352505
3951	0.529412
3952	0.505256
3953	0.448276
3954	0.286765
3955	0.397380
3956	0.290598
3957	0.262009
3958	0.625000
3959	0.430769
3960	0.454545
3961	0.535714
3962	0.571429
3963	0.500000
3964	0.474576
3965	0.445714
3966	0.314168
3967	0.392857
3968	0.304781
3969	0.367925
3970	0.375000
3971	0.444444
3972	0.486111
3973	0.514286
3974	0.463918
3975	0.562500
3976	0.357798
3977	0.484043
3978	0.369668
3979	0.418605
3980	0.369919
3981	0.476440
3982	0.610169
3983	0.600000
3984	0.323251
3985	0.479624
3986	0.417910
3987	0.360656
3988	0.567010
3989	0.514019
3990	0.452055
3991	0.366667
3992	0.714286
3993	0.344828
3994	0.500000
3995	0.487500
3996	0.528302
3997	0.450000
3998	0.483871
3999	0.514286
4000	0.316279
4001	0.353444
4002	0.517241
4003	0.555556
4004	0.332410
4005	0.356863
4006	0.562500
4007	0.518519
4008	0.456522
4009	0.909091
4010	0.388889
4011	0.750000
4012	0.681818
4013	0.456522
4014	0.417910
4015	0.413534
4016	0.418605
4017	0.600000
4018	0.441176
4019	0.456790
4020	0.481481
4021	0.385269
4022	0.625000
4023	0.266862
4024	0.323529
4025	0.480164
4026	0.343750
4027	0.486486
4028	0.327338
4029	0.296936
4030	0.541667
4031	0.518519
4032	0.408377
4033	0.600000
4034	0.343511
4035	0.409091
4036	0.617647
4037	0.320405
4038	0.292758
4039	0.394366
4040	0.440000
4041	0.340824
4042	0.368715
4043	0.425234
4044	0.336735
4045	0.424242
4046	0.383966
4047	0.500000
4048	0.405882
4049	0.337037
4050	0.625000
4051	0.520000
4052	0.509259
4053	0.338462
4054	0.378151
4055	0.555556
4056	0.418605
4057	0.450000
4058	0.464789
4059	0.456522
4060	0.289809
4061	0.474138
4062	0.251471
4063	0.511364
4064	0.409091
4065	0.506494
4066	0.750000
4067	0.511364
4068	0.481013
4069	0.390000
4070	0.436508
4071	0.428571
4072	0.474576
4073	0.392857
4074	0.352564
4075	0.418605
4076	0.511364
4077	0.402439
4078	0.406250
4079	0.401786
4080	0.388889
4081	0.451613
4082	0.276596
4083	1.000000
4084	0.363985
4085	0.555556
4086	0.474820
4087	0.331325
4088	0.333333
4089	0.458333
4090	0.464789
4091	0.750000
4092	0.336634
4093	0.625000
4094	0.394366
4095	0.429775
4096	0.750000
4097	0.336735
4098	0.571429
4099	0.518519
4100	0.478528
4101	0.451613
4102	0.400000
4103	0.428571
4104	0.272000
4105	0.329154
4106	0.441176
4107	0.444444
4108	0.535714
4109	0.406977
4110	0.307412
4111	0.555556
4112	0.666667
4113	0.450000
4114	0.468750
4115	0.450000
4116	0.334507
4117	0.456522
4118	0.474138
4119	0.402439
4120	0.666667
4121	0.468750
4122	0.555556
4123	0.445946
4124	0.525000
4125	0.450820
4126	0.391304
4127	0.381356
4128	0.437500
4129	0.443548
4130	0.530726
4131	0.600000
4132	0.507692
4133	0.376712
4134	0.445946
4135	0.282609
4136	0.410448
4137	0.444444
4138	0.450000
4139	0.750000
4140	0.468085
4141	0.482759
4142	1.000000
4143	0.468750
4144	0.436508
4145	0.241563
4146	0.486726
4147	0.555556
4148	0.451613
4149	0.450000
4150	0.459016
4151	0.331707
4152	0.404908
4153	0.317460
4154	0.482759
4155	0.440840
4156	0.363281
4157	0.395971
4158	0.437500
4159	0.571429
4160	0.468750
4161	0.409091
4162	0.391304
4163	0.413386
4164	0.333333
4165	0.450000
4166	0.404908
4167	0.700000
4168	0.511364
4169	0.360743
4170	0.525000
4171	0.443548
4172	0.511364
4173	0.343820
4174	0.453488
4175	0.333333
4176	0.483871
4177	0.555556
4178	0.477273
4179	0.457286
4180	0.522772
4181	0.330000
4182	0.500000
4183	0.428571
4184	0.346056
4185	0.538462
4186	0.348214
4187	0.450820
4188	0.450820
4189	0.456522
4190	0.394366
4191	0.301181
4192	0.500000
4193	0.378947
4194	0.468750
4195	0.652174
4196	0.583333
4197	0.737705
4198	0.518519
4199	0.473684
4200	0.409091
4201	0.625000
4202	0.600000
4203	0.571429
4204	0.381503
4205	0.322581
4206	0.560000
4207	0.456522
4208	0.538462
4209	0.750000
4210	0.326733
4211	0.666667
4212	0.473684
4213	0.347368
4214	0.514019
4215	0.280650
4216	0.456679
4217	0.440000
4218	0.374486
4219	0.535714
4220	0.571429
4221	0.555556
4222	0.433735
4223	0.391304
4224	0.750000
4225	0.406250
4226	0.555556
4227	0.750000
4228	0.430939
4229	0.246377
4230	0.483871
4231	0.456522
4232	0.372951
4233	0.398551
4234	0.375000
4235	0.452736
4236	0.555556
4237	0.514286
4238	0.456522
4239	0.666667
4240	0.512195
4241	0.378947
4242	0.500000
4243	0.473684
4244	0.537313
4245	0.424242
4246	0.412844
4247	0.541237
4248	0.348214
4249	0.483871
4250	0.714286
4251	0.353982
4252	0.424528
4253	0.468750
4254	0.450000
4255	0.625000
4256	0.247323
4257	0.451613
4258	0.410448
4259	0.625000
4260	0.552632
4261	0.431373
4262	0.262270
4263	0.625000
4264	0.364238
4265	0.374150
4266	0.541667
4267	0.625000
4268	0.343750
4269	0.473684
4270	0.600000
4271	0.405970
4272	0.420000
4273	0.562500
4274	0.666667
4275	0.330000
4276	0.430769
4277	0.368098
4278	0.583333
4279	0.468750
4280	0.514286
4281	0.517241
4282	0.397959
4283	0.474138
4284	0.382353
4285	0.275000
4286	0.489362
4287	0.402439
4288	0.317073
4289	0.437500
4290	0.327731
4291	0.555556
4292	0.439024
4293	0.441176
4294	0.380435
4295	0.367347
4296	0.625000
4297	0.467822
4298	0.420000
4299	0.428571
4300	0.514286
4301	0.500000
4302	0.666667
4303	0.410526
4304	0.500000
4305	0.486486
4306	0.507042
4307	0.473684
4308	0.402439
4309	0.341716
4310	0.451613
4311	0.372951
4312	0.550000
4313	0.418605
4314	0.477273
4315	0.430769
4316	0.451128
4317	0.319298
4318	0.331915
4319	0.364706
4320	0.477273
4321	0.403846
4322	0.409091
4323	0.409091
4324	0.600000
4325	0.500000
4326	0.666667
4327	0.423077
4328	0.343750
4329	0.335821
4330	0.331325
4331	0.430380
4332	0.354167
4333	0.450000
4334	0.532258
4335	0.388235
4336	0.345395
4337	0.335821
4338	0.366667
4339	0.391304
4340	0.600000
4341	0.666667
4342	0.288462
4343	0.441176
4344	0.305369
4345	0.424242
4346	0.474138
4347	0.529412
4348	0.600000
4349	0.461538
4350	0.437500
4351	0.429688
4352	0.375000
4353	0.390558
4354	0.545455
4355	0.486486
4356	0.506494
4357	0.467532
4358	0.245161
4359	0.397674
4360	0.254854
4361	0.375000
4362	0.625000
4363	0.625000
4364	0.348101
4365	0.392857
4366	0.483871
4367	0.391304
4368	0.387931
4369	0.412844
4370	0.555556
4371	0.335366
4372	0.328358
4373	0.448845
4374	0.484472
4375	0.476440
4376	0.456522
4377	0.444444
4378	0.523256
4379	0.600000
4380	0.285266
4381	0.525000
4382	0.481752
4383	0.272021
4384	0.583333
4385	0.500000
4386	0.417910
4387	0.482456
4388	0.512195
4389	0.433333
4390	0.583333
4391	0.409910
4392	0.477273
4393	0.417910
4394	0.517241
4395	0.509804
4396	0.433884
4397	0.298295
4398	0.378151
4399	0.282288
4400	1.000000
4401	0.583333
4402	0.424242
4403	0.384615
4404	0.432692
4405	0.325000
4406	0.482456
4407	0.518519
4408	0.355469
4409	0.419355
4410	0.450000
4411	0.600000
4412	0.555556
4413	0.529412
4414	0.280680
4415	0.426357
4416	0.430769
4417	0.377593
4418	0.485294
4419	0.477273
4420	0.512195
4421	0.750000
4422	0.471910
4423	0.406250
4424	0.545455
4425	0.357143
4426	0.474576
4427	0.481481
4428	0.625000
4429	0.375000
4430	0.437500
4431	0.339130
4432	0.373333
4433	0.343750
4434	0.340502
4435	0.439024
4436	0.389610
4437	0.283159
4438	0.418605
4439	0.450000
4440	0.500000
4441	0.583333
4442	0.295455
4443	0.428571
4444	0.500000
4445	0.391304
4446	0.303400
4447	0.375000
4448	0.456522
4449	0.412844
4450	0.392857
4451	0.369565
4452	0.441176
4453	0.535714
4454	0.450000
4455	0.408163
4456	0.468750
4457	0.550000
4458	0.460768
4459	0.400000
4460	0.473684
4461	0.491228
4462	0.518519
4463	0.461538
4464	0.477273
4465	0.509259
4466	0.541667
4467	0.417910
4468	0.397380
4469	0.422535
4470	0.525000
4471	0.346154
4472	0.600000
4473	0.451613
4474	0.525000
4475	0.400000
4476	0.377143
4477	0.750000
4478	0.391304
4479	0.432692
4480	0.392157
4481	0.525000
4482	0.334395
4483	0.495495
4484	0.409091
4485	0.362903
4486	0.250733
4487	0.483871
4488	0.334764
4489	0.425806
4490	0.293548
4491	0.354730
4492	0.583333
4493	0.390000
4494	0.360656
4495	0.491228
4496	0.450000
4497	0.518519
4498	0.518519
4499	0.428571
4500	0.352941
4501	0.288750
4502	0.405405
4503	0.468750
4504	0.477273
4505	0.555556
4506	0.538462
4507	0.517241
4508	0.474138
4509	0.467066
4510	0.450000
4511	0.500000
4512	0.381356
4513	0.376712
4514	0.451613
4515	0.400000
4516	0.373832
4517	0.410188
4518	0.466667
4519	0.405405
4520	0.450000
4521	0.625000
4522	0.437500
4523	0.451613
4524	0.454545
4525	0.500000
4526	0.387931
4527	0.483871
4528	0.600000
4529	0.600000
4530	0.525000
4531	0.521739
4532	0.456522
4533	0.538462
4534	0.402439
4535	0.535714
4536	0.316265
4537	0.466667
4538	0.450000
4539	0.562500
4540	0.402062
4541	0.450346
4542	0.450346
4543	0.458540
4544	0.442953
4545	0.354086
4546	0.405797
4547	0.555556
4548	0.478261
4549	0.518519
4550	0.424242
4551	0.666667
4552	0.403846
4553	0.394366
4554	0.428571
4555	0.525000
4556	0.394366
4557	0.569620
4558	0.382979
4559	0.750000
4560	0.339130
4561	0.418605
4562	0.450000
4563	0.576923
4564	0.535714
4565	0.420000
4566	0.423529
4567	0.583333
4568	0.451613
4569	0.409091
4570	0.571429
4571	0.331658
4572	0.600000
4573	0.486486
4574	0.514286
4575	0.362559
4576	0.600000
4577	0.432692
4578	0.625000
4579	0.451613
4580	0.525000
4581	0.525000
4582	0.359244
4583	0.424528
4584	0.666667
4585	0.451613
4586	0.400000
4587	0.600000
4588	0.417910
4589	0.562500
4590	0.340611
4591	0.666667
4592	0.343511
4593	0.378151
4594	0.600000
4595	0.625000
4596	0.521739
4597	0.555556
4598	0.555556
4599	0.387324
4600	0.571429
4601	0.318841
4602	0.474576
4603	0.428571
4604	0.354430
4605	0.482759
4606	0.248120
4607	0.411765
4608	0.750000
4609	0.451613
4610	0.346154
4611	0.555556
4612	0.555556
4613	0.509259
4614	0.555556
4615	0.750000
4616	0.513514
4617	0.269388
4618	0.486486
4619	0.571429
4620	0.409091
4621	0.521739
4622	0.435407
4623	0.445946
4624	0.555556
4625	0.319767
4626	0.445946
4627	0.428571
4628	0.394366
4629	0.552632
4630	0.450346
4631	0.483871
4632	0.418605
4633	0.407407
4634	0.625000
4635	0.418605
4636	0.625000
4637	0.600000
4638	0.477273
4639	0.417910
4640	0.714286
4641	0.535714
4642	0.477273
4643	0.525000
4644	0.345821
4645	0.750000
4646	0.477273
4647	0.345133
4648	0.338462
4649	0.483871
4650	0.514286
4651	0.555556
4652	0.525000
4653	0.461538
4654	0.527778
4655	0.473684
4656	0.300390
4657	0.420000
4658	0.379167
4659	0.571429
4660	0.347826
4661	0.378378
4662	0.356757
4663	0.477273
4664	0.571429
4665	0.666667
4666	0.450000
4667	0.402367
4668	0.442953
4669	0.456522
4670	0.477273
4671	0.375000
4672	0.265152
4673	0.371429
4674	1.000000
4675	0.357143
4676	0.456522
4677	0.362538
4678	0.420000
4679	0.411765
4680	0.412500
4681	0.486486
4682	0.666667
4683	0.625000
4684	0.535714
4685	0.481481
4686	0.271197
4687	0.310757
4688	0.487455
4689	0.562500
4690	0.509259
4691	0.535714
4692	0.518519
4693	0.391304
4694	0.583333
4695	0.518868
4696	0.337037
4697	0.415049
4698	0.518519
4699	0.436893
4700	0.482759
4701	0.500000
4702	0.451613
4703	0.450000
4704	0.272727
4705	0.500000
4706	0.344697
4707	0.468750
4708	1.000000
4709	0.285036
4710	0.378947
4711	0.600000
4712	0.354545
4713	1.000000
4714	0.457690
4715	0.514286
4716	0.666667
4717	0.406250
4718	0.352564
4719	0.428571
4720	0.750000
4721	0.543529
4722	0.455000
4723	0.509259
4724	0.518868
4725	0.403846
4726	0.403846
4727	0.666667
4728	0.385269
4729	0.600000
4730	0.535714
4731	0.666667
4732	0.518519
4733	0.439024
4734	0.511364
4735	0.468750
4736	0.450000
4737	0.338462
4738	0.555556
4739	0.625000
4740	0.600000
4741	0.600000
4742	0.343750
4743	0.397959
4744	0.525000
4745	0.550000
4746	0.535714
4747	0.535714
4748	0.439024
4749	0.379310
4750	0.600000
4751	0.458333
4752	0.411765
4753	0.473684
4754	0.429185
4755	0.319149
4756	0.525000
4757	0.347561
4758	0.351064
4759	0.493827
4760	0.450000
4761	0.500000
4762	0.483871
4763	0.354545
4764	0.496815
4765	0.535714
4766	0.424242
4767	0.458824
4768	0.500000
4769	0.750000
4770	0.433071
4771	0.412500
4772	0.424242
4773	0.394366
4774	0.409910
4775	0.283784
4776	0.424242
4777	0.424242
4778	0.600000
4779	0.297710
4780	0.525000
4781	0.750000
4782	0.459459
4783	0.477273
4784	0.391304
4785	0.315789
4786	0.535714
4787	0.750000
4788	0.555556
4789	0.750000
4790	0.525000
4791	0.399160
4792	0.391304
4793	0.331887
4794	0.468750
4795	0.600000
4796	0.342105
4797	0.416667
4798	0.423529
4799	0.483871
4800	0.327731
4801	0.600000
4802	0.409091
4803	0.600000
4804	0.511364
4805	0.518519
4806	0.552632
4807	0.562500
4808	0.387931
4809	0.400000
4810	0.750000
4811	0.583333
4812	0.509091
4813	0.600000
4814	0.555556
4815	0.555556
4816	0.418605
4817	0.312500
4818	0.450820
4819	0.518519
4820	0.321429
4821	0.410448
4822	0.750000
4823	0.330000
4824	0.468750
4825	0.474576
4826	0.489130
4827	0.525000
4828	0.625000
4829	0.461538
4830	0.600000
4831	0.600000
4832	0.452055
4833	0.436893
4834	0.423529
4835	0.388889
4836	0.428994
4837	0.418605
4838	0.500000
4839	0.666667
4840	0.474576
4841	1.000000
4842	0.409091
4843	0.583333
4844	0.352713
4845	0.400881
4846	0.511364
4847	0.321429
4848	0.361111
4849	0.750000
4850	0.368421
4851	0.750000
4852	1.000000
4853	0.576923
4854	0.666667
4855	0.477273
4856	0.600000
4857	0.375000
4858	0.350318
4859	0.325123
4860	0.508475
4861	0.394366
4862	0.458333
4863	0.625000
4864	0.473684
4865	0.456522
4866	0.518868
4867	0.571429
4868	0.450000
4869	0.625000
4870	0.509259
4871	0.550000
4872	0.436893
4873	0.417910
4874	0.400000
4875	0.550000
4876	0.600000
4877	0.395210
4878	0.625000
4879	0.555556
4880	0.495495
4881	0.450820
4882	0.374486
4883	0.300330
4884	0.376812
4885	0.511364
4886	0.583333
4887	0.394737
4888	0.507692
4889	0.456522
4890	0.240550
4891	0.666667
4892	0.535714
4893	0.321951
4894	0.466102
4895	0.450000
4896	0.555556
4897	0.666667
4898	0.750000
4899	0.391304
4900	0.441176
4901	0.402062
4902	0.548193
4903	0.368852
4904	0.348214
4905	0.437500
4906	0.500000
4907	0.490654
4908	0.583333
4909	0.450000
4910	0.666667
4911	0.417910
4912	0.286885
4913	0.342105
4914	0.398230
4915	0.750000
4916	0.514286
4917	0.666667
4918	0.418605
4919	0.666667
4920	0.454545
4921	0.600000
4922	0.583333
4923	0.385593
4924	1.000000
4925	0.514286
4926	0.511364
4927	0.583333
4928	0.483871
4929	0.341124
4930	0.468750
4931	0.474576
4932	0.397727
4933	0.471141
4934	0.477273
4935	0.525000
4936	0.500000
4937	0.461240
4938	0.555556
4939	0.531250
4940	0.502941
4941	0.376344
4942	0.396226
4943	0.451613
4944	0.666667
4945	0.406250
4946	0.555556
4947	0.456522
4948	0.456522
4949	0.535714
4950	0.750000
4951	0.750000
4952	0.423077
4953	1.000000
4954	0.583333
4955	0.555556
4956	0.313364
4957	0.750000
4958	0.348214
4959	0.404494
4960	0.360000
4961	0.321716
4962	0.600000
4963	0.336634
4964	0.436508
4965	0.441176
4966	0.555288
4967	0.572327
4968	0.750000
4969	0.535714
4970	0.483871
4971	0.595745
4972	0.529412
4973	0.254011
4974	0.456522
4975	0.535714
4976	0.409091
4977	0.380774
4978	0.540984
4979	0.750000
4980	0.625000
4981	0.461538
4982	0.468750
4983	0.493151
4984	0.750000
4985	0.528634
4986	0.376712
4987	0.400881
4988	0.571429
4989	0.518519
4990	0.473684
4991	0.533981
4992	0.583333
4993	0.555556
4994	0.600000
4995	0.491228
4996	0.511236
4997	0.750000
4998	0.228070
4999	0.357143
5000	0.394737
5001	0.518519
5002	0.477273
5003	0.418605
5004	0.390000
5005	0.456522
5006	0.444444
5007	0.234295
5008	0.423913
5009	0.468085
5010	0.473684
5011	0.549020
5012	0.625000
5013	0.600000
5014	0.571429
5015	0.444444
5016	0.600000
5017	0.625000
5018	0.500000
5019	0.388235
5020	0.477273
5021	0.750000
5022	0.750000
5023	0.750000
5024	0.440000
5025	0.477273
5026	0.550000
5027	1.000000
5028	1.000000
5029	0.418605
5030	0.356083
5031	0.375000
5032	0.450000
5033	0.544554
5034	0.459016
5035	0.431373
5036	0.600000
5037	0.456522
5038	0.491803
5039	0.666667
5040	0.583333
5041	0.500000
5042	0.509259
5043	0.394366
5044	0.666667
5045	0.368421
5046	0.517241
5047	0.451613
5048	0.418605
5049	0.625000
5050	0.525000
5051	0.509091
5052	0.512195
5053	0.600000
5054	0.531250
5055	0.491228
5056	0.402439
5057	0.600000
5058	0.666667
5059	0.477273
5060	0.625000
5061	0.428571
5062	0.416667
5063	0.319149
5064	0.426905
5065	0.473684
5066	0.500000
5067	0.302876
5068	0.401786
5069	0.525000
5070	0.458333
5071	0.477273
5072	0.535714
5073	0.600000
5074	0.583333
5075	0.576923
5076	0.517241
5077	0.424242
5078	0.366667
5079	0.625000
5080	0.666667
5081	0.303797
5082	0.433071
5083	0.402439
5084	0.512195
5085	0.576923
5086	0.350318
5087	0.456522
5088	0.600000
5089	0.750000
5090	0.417910
5091	0.500000
5092	1.000000
5093	0.517241
5094	0.483871
5095	0.666667
5096	0.367925
5097	0.483871
5098	0.303468
5099	0.666667
5100	0.298643
5101	0.535714
5102	0.474576
5103	0.486631
5104	0.366667
5105	0.750000
5106	0.416667
5107	0.403846
5108	0.666667
5109	0.292553
5110	0.500000
5111	0.535714
5112	0.750000
5113	0.583333
5114	0.357143
5115	0.555556
5116	0.404412
5117	0.362637
5118	0.419847
5119	0.489130
5120	0.473684
5121	0.477273
5122	0.237578
5123	0.409938
5124	0.583333
5125	0.309524
5126	0.600000
5127	0.555556
5128	0.525000
5129	0.347368
5130	0.419701
5131	0.555556
5132	0.478723
5133	0.302267
5134	1.000000
5135	0.491228
5136	0.625000
5137	0.666667
5138	0.666667
5139	0.500000
5140	0.489130
5141	0.436893
5142	0.528302
5143	0.562500
5144	0.666667
5145	0.625000
5146	0.428571
5147	0.750000
5148	0.552632
5149	0.625000
5150	0.413534
5151	0.390071
5152	0.469880
5153	0.518519
5154	0.750000
5155	0.529412
5156	0.833333
5157	0.600000
5158	0.482759
5159	0.411765
5160	0.535714
5161	0.506024
5162	0.535714
5163	0.383721
5164	0.418605
5165	0.750000
5166	0.480000
5167	0.555556
5168	0.750000
5169	0.417910
5170	0.555556
5171	1.000000
5172	0.562500
5173	0.600000
5174	0.750000
5175	0.428571
5176	0.439024
5177	0.391304
5178	0.750000
5179	0.412052
5180	0.247273
5181	0.468750
5182	0.486486
5183	0.509259
5184	0.750000
5185	1.000000
5186	0.600000
5187	0.387324
5188	0.750000
5189	0.452055
5190	0.625000
5191	0.552632
5192	1.000000
5193	0.600000
5194	0.500000
5195	0.666667
5196	0.525000
5197	0.316092
5198	0.381356
5199	0.600000
5200	0.555556
5201	0.455696
5202	0.500000
5203	0.410448
5204	0.388235
5205	0.583333
5206	0.517241
5207	0.345550
5208	0.666667
5209	0.555556
5210	0.391304
5211	0.600000
5212	1.000000
5213	0.600000
5214	0.473684
5215	0.482759
5216	0.600000
5217	0.451613
5218	0.517241
5219	0.555556
5220	0.348214
5221	0.583333
5222	0.500000
5223	0.750000
5224	0.456522
5225	0.454545
5226	0.456522
5227	0.456522
5228	0.348837
5229	0.456522
5230	0.517241
5231	0.473684
5232	0.571429
5233	0.468750
5234	0.666667
5235	0.392857
5236	0.518868
5237	0.525000
5238	0.491071
5239	0.535714
5240	0.500000
5241	0.652174
5242	1.000000
5243	0.456522
5244	0.750000
5245	0.317073
5246	0.666667
5247	1.000000
5248	0.562500
5249	0.666667
5250	0.750000
5251	0.514286
5252	0.493827
5253	0.517241
5254	0.750000
5255	0.416667
5256	0.375000
5257	0.483871
5258	0.347368
5259	0.666667
5260	0.555556
5261	0.296610
5262	0.525000
5263	0.600000
5264	0.456522
5265	0.625000
5266	0.300330
5267	0.600000
5268	0.371622
5269	0.387097
5270	0.418605
5271	0.439024
5272	0.555556
5273	0.437500
5274	0.468750
5275	0.409091
5276	0.507042
5277	0.456522
5278	0.500000
5279	0.500000
5280	0.428571
5281	1.000000
5282	0.392857
5283	0.517241
5284	0.495495
5285	0.330000
5286	0.533333
5287	0.451613
5288	0.428571
5289	0.514286
5290	0.387931
5291	0.500000
5292	0.625000
5293	0.367347
5294	0.562500
5295	0.483871
5296	0.500000
5297	0.525000
5298	0.381944
5299	0.625000
5300	1.000000
5301	0.459184
5302	0.666667
5303	0.401786
5304	1.000000
5305	0.307018
5306	0.477273
5307	0.444444
5308	0.420000
5309	0.311321
5310	0.437500
5311	0.555556
5312	0.428571
5313	0.450000
5314	0.625000
5315	0.429245
5316	0.517241
5317	0.432692
5318	0.666667
5319	0.750000
5320	0.666667
5321	0.294118
5322	0.433071
5323	0.474576
5324	0.435754
5325	0.535714
5326	0.403846
5327	0.666667
5328	0.474576
5329	0.444444
5330	0.576923
5331	0.451613
5332	0.534965
5333	0.517241
5334	0.555556
5335	0.471074
5336	0.600000
5337	0.295714
5338	0.391304
5339	0.552632
5340	0.362903
5341	0.395683
5342	0.555556
5343	0.600000
5344	0.666667
5345	0.525000
5346	0.420000
5347	0.750000
5348	0.409091
5349	0.666667
5350	0.535714
5351	0.550000
5352	0.565217
5353	0.456522
5354	0.491228
5355	1.000000
5356	0.666667
5357	0.394737
5358	0.625000
5359	0.343511
5360	0.666667
5361	0.456522
5362	0.335366
5363	0.518519
5364	0.500000
5365	0.240106
5366	0.333333
5367	0.477273
5368	0.378549
5369	0.241135
5370	0.600000
5371	0.600000
5372	0.500000
5373	0.456522
5374	0.452736
5375	0.750000
5376	0.450000
5377	0.394366
5378	0.541667
5379	0.525000
5380	0.403846
5381	0.517241
5382	0.555556
5383	0.666667
5384	0.750000
5385	0.420561
5386	0.600000
5387	0.483871
5388	0.625000
5389	0.750000
5390	0.555556
5391	0.417910
5392	0.625000
5393	0.750000
5394	0.750000
5395	0.483871
5396	0.428571
5397	0.436893
5398	0.750000
5399	0.413386
5400	0.600000
5401	0.361842
5402	0.600000
5403	0.444444
5404	0.583333
5405	0.750000
5406	0.625000
5407	0.517241
5408	0.408163
5409	0.625000
5410	0.451327
5411	0.750000
5412	0.750000
5413	1.000000
5414	1.000000
5415	0.326923
5416	0.750000
5417	0.625000
5418	0.555556
5419	0.750000
5420	0.456522
5421	0.483871
5422	0.571429
5423	0.600000
5424	0.571429
5425	0.439024
5426	0.666667
5427	0.555556
5428	0.436893
5429	0.403846
5430	0.424242
5431	0.528302
5432	0.488372
5433	0.666667
5434	0.456522
5435	0.483871
5436	0.600000
5437	0.439024
5438	0.750000
5439	0.454545
5440	0.511364
5441	0.535714
5442	0.600000
5443	0.473684
5444	0.750000
5445	0.451613
5446	0.303333
5447	0.750000
5448	0.405405
5449	1.000000
5450	0.549020
5451	0.514286
5452	0.666667
5453	0.375000
5454	0.562500
5455	0.750000
5456	0.525000
5457	0.677419
5458	0.425806
5459	0.444444
5460	0.750000
5461	0.473684
5462	0.430939
5463	0.400000
5464	0.494505
5465	0.517241
5466	0.600000
5467	0.625000
5468	0.666667
5469	0.555556
5470	0.400000
5471	0.451613
5472	1.000000
5473	0.535714
5474	0.451613
5475	0.535714
5476	0.750000
5477	0.625000
5478	0.391304
5479	0.483871
5480	0.473684
5481	0.483871
5482	0.477273
5483	0.474576
5484	0.625000
5485	0.343750
5486	0.450000
5487	0.625000
5488	0.463918
5489	0.437500
5490	0.750000
5491	0.535714
5492	0.456522
5493	0.600000
5494	0.555556
5495	0.412844
5496	0.473684
5497	0.576923
5498	0.456522
5499	1.000000
5500	0.535714
5501	0.468750
5502	0.750000
5503	0.588235
5504	0.571429
5505	0.518519
5506	0.525000
5507	0.583333
5508	0.555556
5509	0.555556
5510	0.316901
5511	0.600000
5512	0.555556
5513	0.525000
5514	0.323843
5515	0.600000
5516	0.666667
5517	0.436508
5518	0.600000
5519	0.398827
5520	0.666667
5521	0.517241
5522	0.451613
5523	0.468750
5524	0.486726
5525	0.352941
5526	0.320856
5527	0.445545
5528	0.344828
5529	0.600000
5530	1.000000
5531	0.535714
5532	0.456522
5533	0.404412
5534	0.477273
5535	0.474576
5536	0.750000
5537	0.535714
5538	0.407407
5539	0.600000
5540	0.473684
5541	0.436893
5542	0.523256
5543	0.555556
5544	0.625000
5545	0.477273
5546	0.600000
5547	0.391304
5548	0.666667
5549	0.545455
5550	1.000000
5551	0.403846
5552	0.666667
5553	0.494505
5554	0.625000
5555	0.483871
5556	0.535714
5557	0.500000
5558	0.366935
5559	0.750000
5560	0.437500
5561	0.444444
5562	0.255224
5563	0.538462
5564	0.468750
5565	0.375000
5566	0.420000
5567	0.451613
5568	0.417910
5569	0.468750
5570	1.000000
5571	0.500000
5572	0.750000
5573	1.000000
5574	0.409091
5575	0.506623
5576	0.555556
5577	0.538462
5578	0.387931
5579	0.468750
5580	0.400000
5581	0.666667
5582	0.535714
5583	1.000000
5584	1.000000
5585	0.461538
5586	0.388889
5587	0.555556
5588	0.666667
5589	0.403846
5590	0.555556
5591	1.000000
5592	0.525000
5593	0.535714
5594	0.424242
5595	0.451613
5596	0.750000
5597	0.525000
5598	0.555556
5599	0.535714
5600	0.555556
5601	0.625000
5602	0.469880
5603	0.500000
5604	0.410448
5605	0.666667
5606	0.571429
5607	0.750000
5608	0.600000
5609	1.000000
5610	0.555556
5611	0.500000
5612	0.418605
5613	0.600000
5614	0.750000
5615	0.456522
5616	0.375000
5617	0.750000
5618	0.323843
5619	0.387931
5620	0.750000
5621	0.298805
5622	0.750000
5623	0.600000
5624	0.666667
5625	0.517241
5626	0.514286
5627	0.491228
5628	0.555556
5629	0.312500
5630	0.316216
5631	0.535714
5632	0.600000
5633	0.378378
5634	0.535714
5635	0.437299
5636	0.478261
5637	0.525000
5638	0.441176
5639	0.517241
5640	0.545455
5641	0.410526
5642	0.625000
5643	0.750000
5644	0.483871
5645	0.428571
5646	0.555556
5647	0.535714
5648	0.243158
5649	0.313793
5650	0.395210
5651	0.750000
5652	0.523256
5653	0.367347
5654	0.750000
5655	0.370787
5656	0.391304
5657	0.555556
5658	0.483871
5659	0.625000
5660	0.444444
5661	0.625000
5662	0.750000
5663	0.562500
5664	1.000000
5665	0.625000
5666	0.625000
5667	0.555556
5668	1.000000
5669	0.545455
5670	0.571429
5671	0.451613
5672	0.535714
5673	0.450000
5674	0.409091
5675	0.428571
5676	0.473684
5677	0.535714
5678	0.666667
5679	0.555556
5680	0.509091
5681	0.555556
5682	0.347727
5683	0.600000
5684	0.600000
5685	0.387931
5686	0.600000
5687	0.750000
5688	0.600000
5689	0.535714
5690	0.383099
5691	0.625000
5692	0.456522
5693	0.535714
5694	0.535714
5695	0.450000
5696	0.331325
5697	0.403846
5698	0.750000
5699	0.433071
5700	0.666667
5701	0.600000
5702	1.000000
5703	0.750000
5704	0.398551
5705	0.600000
5706	0.750000
5707	0.331492
5708	0.625000
5709	0.555556
5710	0.348101
5711	1.000000
5712	0.418605
5713	0.625000
5714	0.583333
5715	0.471464
5716	0.478088
5717	0.394366
5718	1.000000
5719	1.000000
5720	0.446809
5721	0.477273
5722	0.535714
5723	0.750000
5724	1.000000
5725	0.583333
5726	0.714286
5727	0.451613
5728	0.404908
5729	0.456522
5730	0.466667
5731	0.455696
5732	0.666667
5733	0.666667
5734	0.600000
5735	0.525000
5736	0.500000
5737	0.456522
5738	0.474576
5739	0.428571
5740	0.514286
5741	0.750000
5742	0.391304
5743	0.666667
5744	0.474576
5745	0.750000
5746	0.750000
5747	0.438330
5748	0.625000
5749	0.600000
5750	0.666667
5751	0.468750
5752	1.000000
5753	0.451613
5754	0.666667
5755	0.600000
5756	0.666667
5757	0.375000
5758	0.555556
5759	0.518519
5760	0.555556
5761	0.600000
5762	0.555556
5763	0.555556
5764	0.750000
5765	0.546875
5766	0.418182
5767	0.750000
5768	0.507042
5769	0.576923
5770	0.625000
5771	0.369718
5772	0.600000
5773	0.535714
5774	0.535714
5775	0.750000
5776	0.402439
5777	0.750000
5778	0.483871
5779	0.494505
5780	0.600000
5781	0.483871
5782	0.500000
5783	0.583333
5784	0.468750
5785	0.352564
5786	0.514286
5787	0.600000
5788	0.625000
5789	0.656250
5790	0.375000
5791	1.000000
5792	0.431280
5793	0.571429
5794	0.517241
5795	0.600000
5796	0.666667
5797	0.518519
5798	0.420000
5799	0.750000
5800	0.750000
5801	0.483871
5802	1.000000
5803	1.000000
5804	0.439024
5805	0.535714
5806	0.666667
5807	0.500000
5808	0.417910
5809	0.750000
5810	0.450000
5811	0.750000
5812	0.562500
5813	0.451613
5814	0.625000
5815	0.666667
5816	0.535714
5817	0.525000
5818	0.467354
5819	0.666667
5820	0.420000
5821	0.600000
5822	0.450000
5823	0.535714
5824	0.538462
5825	0.525000
5826	0.528302
5827	0.439024
5828	0.750000
5829	0.437500
5830	0.750000
5831	0.461538
5832	0.500000
5833	0.555556
5834	0.444444
5835	0.600000
5836	0.555556
5837	0.424242
5838	0.625000
5839	0.555556
5840	0.477273
5841	0.457286
5842	0.533333
5843	0.415966
5844	0.420561
5845	0.468750
5846	0.488889
5847	0.371901
5848	0.450000
5849	0.500000
5850	0.666667
5851	0.500000
5852	0.666667
5853	0.562500
5854	0.382450
5855	1.000000
5856	0.343750
5857	0.583333
5858	0.500000
5859	0.562500
5860	0.456522
5861	0.750000
5862	0.333333
5863	0.373333
5864	0.625000
5865	0.417910
5866	0.666667
5867	0.545455
5868	0.750000
5869	0.600000
5870	0.571429
5871	1.000000
5872	0.555556
5873	0.397380
5874	0.600000
5875	0.666667
5876	0.600000
5877	1.000000
5878	0.538462
5879	0.535714
5880	0.477273
5881	0.500000
5882	0.483871
5883	0.666667
5884	0.420000
5885	0.600000
5886	0.421622
5887	0.750000
5888	0.466102
5889	0.600000
5890	1.000000
5891	0.444444
5892	0.555556
5893	0.535714
5894	0.555556
5895	0.443548
5896	0.666667
5897	0.514286
5898	0.750000
5899	0.445545
5900	0.666667
5901	0.343511
5902	0.555556
5903	0.495146
5904	0.477273
5905	0.509259
5906	0.508475
5907	0.420000
5908	0.571429
5909	0.625000
5910	0.666667
5911	0.554622
5912	0.535714
5913	0.567568
5914	0.750000
5915	1.000000
5916	0.468750
5917	0.362069
5918	0.535714
5919	0.555556
5920	1.000000
5921	0.404412
5922	0.600000
5923	0.750000
5924	0.507692
5925	0.500000
5926	0.517241
5927	0.506494
5928	0.437500
5929	0.388889
5930	1.000000
5931	0.482759
5932	1.000000
5933	0.461538
5934	0.600000
5935	0.555556
5936	0.555556
5937	0.521739
5938	0.477273
5939	0.600000
5940	0.666667
5941	0.750000
5942	0.750000
5943	0.314371
5944	0.750000
5945	0.404412
5946	0.413636
5947	0.454545
5948	0.750000
5949	0.625000
5950	0.555556
5951	0.468750
5952	0.456522
5953	1.000000
5954	0.666667
5955	0.430769
5956	0.555556
5957	0.666667
5958	0.600000
5959	0.517241
5960	0.600000
5961	0.750000
5962	1.000000
5963	0.600000
5964	0.444444
5965	0.550000
5966	0.555556
5967	0.555556
5968	0.600000
5969	0.600000
5970	0.428571
5971	0.535714
5972	0.600000
5973	0.400000
5974	0.445946
5975	0.500000
5976	0.386139
5977	0.750000
5978	0.439024
5979	0.518519
5980	0.541667
5981	0.600000
5982	0.360000
5983	0.451613
5984	0.555556
5985	1.000000
5986	0.750000
5987	0.558282
5988	0.750000
5989	0.600000
5990	1.000000
5991	0.600000
5992	0.562500
5993	0.467532
5994	0.555556
5995	0.535714
5996	0.600000
5997	0.418605
5998	0.666667
5999	0.555556
6000	0.417910
6001	0.625000
6002	0.666667
6003	0.535714
6004	0.555556
6005	0.583333
6006	0.600000
6007	0.666667
6008	0.541667
6009	0.403846
6010	0.562500
6011	0.538462
6012	0.514286
6013	0.600000
6014	0.555556
6015	0.750000
6016	0.511364
6017	0.542169
6018	0.600000
6019	0.491228
6020	0.322314
6021	0.600000
6022	0.750000
6023	0.750000
6024	0.583333
6025	0.456522
6026	0.400000
6027	0.750000
6028	0.500000
6029	0.534247
6030	0.625000
6031	0.276596
6032	0.417910
6033	0.666667
6034	0.468750
6035	0.666667
6036	0.528302
6037	0.750000
6038	0.666667
6039	0.555556
6040	0.357143
6041	1.000000
6042	0.555556
6043	0.750000
6044	0.420000
6045	0.456522
6046	0.666667
6047	0.750000
6048	0.535714
6049	1.000000
6050	0.555556
6051	0.401786
6052	0.517241
6053	0.555556
6054	0.392857
6055	0.491228
6056	0.500000
6057	0.474576
6058	0.313015
6059	0.525000
6060	0.468750
6061	0.666667
6062	0.666667
6063	0.535714
6064	0.514286
6065	0.473684
6066	0.403846
6067	0.400000
6068	0.338346
6069	0.535714
6070	1.000000
6071	0.310078
6072	0.625000
6073	0.444444
6074	0.750000
6075	0.473684
6076	0.301109
6077	0.750000
6078	0.444444
6079	0.477273
6080	0.666667
6081	0.429688
6082	1.000000
6083	0.518519
6084	0.625000
6085	0.390533
6086	0.750000
6087	0.518519
6088	1.000000
6089	0.500000
6090	0.420000
6091	0.391304
6092	0.500000
6093	1.000000
6094	0.555556
6095	1.000000
6096	0.666667
6097	0.404800
6098	0.750000
6099	0.666667
6100	0.555556
6101	0.401786
6102	0.750000
6103	0.535714
6104	0.518519
6105	0.666667
6106	1.000000
6107	0.451613
6108	1.000000
6109	0.583333
6110	0.321883
6111	0.600000
6112	0.750000
6113	0.371901
6114	0.418605
6115	0.666667
6116	0.456522
6117	0.468750
6118	0.750000
6119	0.468750
6120	1.000000
6121	0.600000
6122	0.428571
6123	0.750000
6124	0.401460
6125	0.576923
6126	0.477273
6127	0.600000
6128	0.555556
6129	0.384615
6130	0.420000
6131	1.000000
6132	0.450000
6133	0.571429
6134	0.600000
6135	0.571429
6136	0.666667
6137	0.750000
6138	0.555556
6139	0.625000
6140	0.420561
6141	0.357143
6142	0.437500
6143	0.333333
6144	0.588235
6145	0.666667
6146	0.583333
6147	0.750000
6148	0.555556
6149	0.750000
6150	0.443548
6151	0.418605
6152	0.454545
6153	0.555556
6154	0.857143
6155	0.750000
6156	0.477273
6157	0.625000
6158	0.456522
6159	0.439024
6160	0.750000
6161	0.750000
6162	0.514286
6163	0.367925
6164	0.571429
6165	0.600000
6166	0.666667
6167	1.000000
6168	0.538462
6169	0.600000
6170	0.509259
6171	1.000000
6172	0.500000
6173	0.666667
6174	0.525000
6175	0.600000
6176	1.000000
6177	0.571429
6178	0.600000
6179	0.666667
6180	0.473684
6181	0.456522
6182	0.666667
6183	0.550000
6184	0.600000
6185	0.419847
6186	0.477273
6187	0.403846
6188	0.468750
6189	0.459016
6190	0.354545
6191	0.433735
6192	0.583333
6193	0.424528
6194	0.468750
6195	1.000000
6196	0.750000
6197	0.600000
6198	0.535714
6199	0.562500
6200	0.571429
6201	0.666667
6202	1.000000
6203	0.517241
6204	0.555556
6205	0.477273
6206	0.474576
6207	1.000000
6208	1.000000
6209	0.468750
6210	0.750000
6211	0.568750
6212	0.600000
6213	0.625000
6214	0.625000
6215	1.000000
6216	0.666667
6217	0.219638
6218	0.750000
6219	0.600000
6220	0.500000
6221	0.555556
6222	0.226301
6223	0.750000
6224	0.555556
6225	0.625000
6226	0.433735
6227	0.409910
6228	0.333333
6229	0.483871
6230	0.550000
6231	0.444444
6232	0.583333
6233	0.666667
6234	0.666667
6235	0.483871
6236	0.308989
6237	1.000000
6238	0.535714
6239	0.439024
6240	0.555556
6241	0.474576
6242	0.600000
6243	0.750000
6244	1.000000
6245	0.600000
6246	0.382979
6247	0.600000
6248	0.750000
6249	0.625000
6250	0.750000
6251	0.750000
6252	0.456522
6253	0.750000
6254	0.555556
6255	0.750000
6256	0.390071
6257	0.666667
6258	0.555556
6259	0.483871
6260	0.486486
6261	1.000000
6262	0.418605
6263	0.750000
6264	0.600000
6265	0.277218
6266	0.555556
6267	1.000000
6268	0.750000
6269	0.555556
6270	0.666667
6271	0.625000
6272	0.571429
6273	0.625000
6274	0.555556
6275	0.500000
6276	0.666667
6277	0.439024
6278	1.000000
6279	0.625000
6280	0.517241
6281	0.439024
6282	0.750000
6283	0.420000
6284	0.750000
6285	0.555556
6286	0.514286
6287	0.468750
6288	0.600000
6289	0.368421
6290	0.394366
6291	0.346154
6292	0.636364
6293	1.000000
6294	0.483871
6295	0.483871
6296	0.529412
6297	1.000000
6298	0.583333
6299	1.000000
6300	0.750000
6301	0.525000
6302	0.677419
6303	0.600000
6304	0.456522
6305	0.750000
6306	0.625000
6307	0.456522
6308	0.666667
6309	0.750000
6310	0.511364
6311	0.451613
6312	0.361842
6313	0.625000
6314	0.750000
6315	0.571429
6316	1.000000
6317	0.833333
6318	0.535714
6319	0.500000
6320	0.428571
6321	0.483871
6322	0.450000
6323	0.394366
6324	0.500000
6325	0.318367
6326	1.000000
6327	0.666667
6328	0.437500
6329	0.750000
6330	0.555556
6331	0.535714
6332	0.511364
6333	0.666667
6334	0.400000
6335	1.000000
6336	0.625000
6337	0.416667
6338	0.750000
6339	1.000000
6340	0.750000
6341	0.555556
6342	0.417910
6343	1.000000
6344	0.750000
6345	0.456522
6346	0.483871
6347	0.552632
6348	0.562500
6349	0.555556
6350	0.666667
6351	0.455696
6352	0.666667
6353	0.420000
6354	0.600000
6355	0.392857
6356	0.666667
6357	0.507463
6358	0.552632
6359	0.571429
6360	0.450000
6361	0.555556
6362	0.666667
6363	0.600000
6364	0.511278
6365	0.750000
6366	0.600000
6367	0.666667
6368	0.666667
6369	0.666667
6370	0.525000
6371	0.666667
6372	1.000000
6373	0.446809
6374	0.456522
6375	0.750000
6376	0.600000
6377	0.418605
6378	0.666667
6379	0.750000
6380	1.000000
6381	0.666667
6382	0.435407
6383	0.625000
6384	0.429688
6385	0.600000
6386	0.580645
6387	0.666667
6388	0.525000
6389	0.583333
6390	0.750000
6391	0.583333
6392	0.535714
6393	0.535714
6394	0.666667
6395	0.583333
6396	0.424242
6397	0.750000
6398	0.500000
6399	0.535714
6400	0.666667
6401	0.666667
6402	0.750000
6403	1.000000
6404	0.750000
6405	0.535714
6406	0.300070
6407	0.373333
6408	0.535714
6409	0.512195
6410	0.750000
6411	0.412121
6412	0.466667
6413	0.535714
6414	1.000000
6415	0.750000
6416	0.391304
6417	0.750000
6418	0.750000
6419	0.666667
6420	0.666667
6421	0.450000
6422	0.456522
6423	0.600000
6424	1.000000
6425	0.517241
6426	0.583333
6427	0.750000
6428	1.000000
6429	1.000000
6430	0.750000
6431	0.750000
6432	0.535714
6433	0.576923
6434	0.426357
6435	0.456522
6436	0.316092
6437	0.483871
6438	0.600000
6439	0.517241
6440	0.345550
6441	0.505618
6442	0.625000
6443	0.583333
6444	0.300000
6445	0.750000
6446	0.588235
6447	0.600000
6448	0.500000
6449	1.000000
6450	0.555556
6451	0.750000
6452	0.456522
6453	0.666667
6454	0.750000
6455	0.411765
6456	0.666667
6457	0.600000
6458	0.424242
6459	0.529412
6460	1.000000
6461	0.366667
6462	0.666667
6463	0.600000
6464	0.750000
6465	0.571429
6466	0.750000
6467	0.666667
6468	0.500000
6469	0.357143
6470	0.600000
6471	0.750000
6472	0.555556
6473	0.420561
6474	0.750000
6475	0.456522
6476	1.000000
6477	0.625000
6478	0.555556
6479	0.750000
6480	0.450495
6481	0.625000
6482	0.666667
6483	0.555556
6484	0.666667
6485	0.666667
6486	0.500000
6487	0.750000
6488	0.477273
6489	0.375000
6490	1.000000
6491	0.500000
6492	0.600000
6493	0.750000
6494	0.483871
6495	1.000000
6496	1.000000
6497	0.378151
6498	0.550000
6499	0.750000
6500	1.000000
6501	0.354430
6502	0.750000
6503	0.666667
6504	1.000000
6505	0.437500
6506	0.555556
6507	0.583333
6508	0.538462
6509	0.518868
6510	0.583333
6511	0.600000
6512	0.428571
6513	0.397380
6514	0.326923
6515	0.600000
6516	0.325012
6517	0.666667
6518	0.555556
6519	1.000000
6520	0.666667
6521	0.750000
6522	0.468750
6523	0.666667
6524	0.750000
6525	1.000000
6526	0.451613
6527	0.483871
6528	0.750000
6529	0.456522
6530	0.389685
6531	0.600000
6532	0.600000
6533	0.625000
6534	0.608696
6535	1.000000
6536	0.382979
6537	0.583333
6538	0.555556
6539	0.330097
6540	0.750000
6541	0.433735
6542	0.299051
6543	0.517241
6544	0.555556
6545	0.750000
6546	0.571429
6547	0.750000
6548	0.377020
6549	0.290859
6550	0.535714
6551	0.424528
6552	0.407407
6553	0.494545
6554	0.535714
6555	0.509259
6556	0.301917
6557	0.750000
6558	0.625000
6559	0.468750
6560	0.395210
6561	0.600000
6562	0.666667
6563	0.571429
6564	0.305369
6565	0.600000
6566	0.666667
6567	0.538462
6568	0.750000
6569	0.535714
6570	0.562500
6571	0.555556
6572	0.439024
6573	0.477273
6574	0.467354
6575	0.555556
6576	1.000000
6577	1.000000
6578	0.571429
6579	1.000000
6580	0.403846
6581	0.555556
6582	0.395210
6583	0.535714
6584	0.437500
6585	0.428571
6586	0.555556
6587	0.504808
6588	1.000000
6589	1.000000
6590	0.625000
6591	1.000000
6592	0.625000
6593	0.750000
6594	0.319767
6595	0.750000
6596	0.750000
6597	0.456522
6598	0.517241
6599	1.000000
6600	0.468750
6601	0.535714
6602	1.000000
6603	0.198925
6604	0.283505
6605	0.750000
6606	0.600000
6607	0.562500
6608	0.666667
6609	0.571429
6610	0.666667
6611	0.525000
6612	0.535714
6613	0.750000
6614	0.428571
6615	0.600000
6616	0.450000
6617	1.000000
6618	0.750000
6619	0.750000
6620	0.625000
6621	0.583333
6622	0.344645
6623	0.477273
6624	0.750000
6625	0.750000
6626	0.666667
6627	0.451613
6628	1.000000
6629	0.456522
6630	0.400000
6631	0.375000
6632	0.666667
6633	0.666667
6634	0.477273
6635	0.473684
6636	0.437500
6637	0.444444
6638	1.000000
6639	1.000000
6640	0.500000
6641	0.625000
6642	0.500000
6643	0.462185
6644	0.477273
6645	0.750000
6646	0.750000
6647	0.750000
6648	0.440678
6649	0.588235
6650	0.550000
6651	0.750000
6652	0.418605
6653	0.525000
6654	0.750000
6655	0.600000
6656	0.456522
6657	0.389545
6658	0.525000
6659	0.600000
6660	0.246773
6661	0.491071
6662	0.600000
6663	0.451613
6664	0.750000
6665	0.625000
6666	0.555556
6667	0.666667
6668	0.666667
6669	0.486486
6670	0.518519
6671	0.483871
6672	0.388889
6673	0.666667
6674	0.354430
6675	0.427245
6676	0.600000
6677	0.500000
6678	0.456522
6679	0.666667
6680	0.517241
6681	0.448718
6682	0.625000
6683	0.600000
6684	0.439024
6685	0.525000
6686	0.386139
6687	1.000000
6688	0.750000
6689	0.625000
6690	0.418605
6691	0.550000
6692	1.000000
6693	0.500000
6694	0.750000
6695	0.517241
6696	0.262681
6697	0.666667
6698	0.600000
6699	0.486486
6700	0.352877
6701	0.600000
6702	0.529412
6703	0.666667
6704	0.474576
6705	0.409091
6706	0.555556
6707	0.450000
6708	0.521739
6709	0.525000
6710	0.400000
6711	0.511364
6712	0.535714
6713	0.525000
6714	0.750000
6715	0.468750
6716	0.583333
6717	1.000000
6718	0.282353
6719	0.666667
6720	0.666667
6721	0.555556
6722	0.666667
6723	0.750000
6724	0.666667
6725	0.500000
6726	1.000000
6727	0.439024
6728	0.456522
6729	0.666667
6730	0.387931
6731	0.440922
6732	0.600000
6733	0.666667
6734	0.456522
6735	0.555556
6736	0.528302
6737	0.483871
6738	0.423256
6739	0.451613
6740	0.535714
6741	0.437500
6742	0.468750
6743	0.349030
6744	1.000000
6745	0.555556
6746	0.666667
6747	0.666667
6748	0.555556
6749	0.305903
6750	0.521739
6751	0.600000
6752	0.666667
6753	0.652174
6754	0.483871
6755	0.602649
6756	0.502392
6757	0.451613
6758	0.750000
6759	0.467532
6760	0.535714
6761	0.504808
6762	0.750000
6763	0.625000
6764	0.666667
6765	0.315789
6766	0.625000
6767	0.372340
6768	0.483871
6769	0.750000
6770	0.535714
6771	0.500000
6772	0.750000
6773	0.555556
6774	0.477273
6775	0.456522
6776	0.517241
6777	0.750000
6778	0.500000
6779	0.442308
6780	1.000000
6781	0.750000
6782	0.750000
6783	0.339506
6784	0.600000
6785	1.000000
6786	0.277977
6787	0.445545
6788	0.666667
6789	0.555556
6790	1.000000
6791	1.000000
6792	0.483871
6793	0.625000
6794	0.750000
6795	0.458239
6796	1.000000
6797	0.535714
6798	0.750000
6799	0.625000
6800	0.436364
6801	0.403846
6802	0.625000
6803	0.600000
6804	0.535714
6805	0.750000
6806	0.666667
6807	0.483871
6808	0.332278
6809	0.416667
6810	0.600000
6811	1.000000
6812	1.000000
6813	1.000000
6814	0.555556
6815	0.583333
6816	0.595745
6817	0.666667
6818	0.423239
6819	0.666667
6820	1.000000
6821	0.625000
6822	0.625000
6823	0.517241
6824	0.750000
6825	0.857143
6826	0.535714
6827	0.625000
6828	0.666667
6829	0.625000
6830	0.430769
6831	0.328502
6832	0.535714
6833	0.338290
6834	1.000000
6835	0.555556
6836	0.451613
6837	0.625000
6838	0.555556
6839	0.750000
6840	0.625000
6841	0.500000
6842	0.451613
6843	0.555556
6844	0.528302
6845	0.750000
6846	0.419355
6847	0.472222
6848	0.555556
6849	0.666667
6850	0.500000
6851	0.440922
6852	1.000000
6853	0.666667
6854	0.451613
6855	0.500000
6856	0.750000
6857	0.600000
6858	0.666667
6859	0.600000
6860	0.468750
6861	0.600000
6862	0.750000
6863	0.437500
6864	0.600000
6865	0.750000
6866	0.555556
6867	0.525000
6868	0.750000
6869	0.625000
6870	0.284375
6871	0.560000
6872	0.750000
6873	0.535714
6874	0.666667
6875	0.750000
6876	0.468750
6877	1.000000
6878	0.517241
6879	0.750000
6880	0.625000
6881	1.000000
6882	0.555556
6883	0.474576
6884	0.451613
6885	0.555556
6886	0.600000
6887	0.525000
6888	0.555556
6889	0.555556
6890	0.600000
6891	0.301291
6892	1.000000
6893	1.000000
6894	0.750000
6895	0.750000
6896	0.700000
6897	0.555556
6898	0.600000
6899	0.750000
6900	0.666667
6901	0.535714
6902	0.483871
6903	0.625000
6904	1.000000
6905	0.625000
6906	0.666667
6907	0.437500
6908	0.399533
6909	0.625000
6910	0.625000
6911	0.525000
6912	0.666667
6913	0.750000
6914	0.666667
6915	0.750000
6916	0.562500
6917	0.529412
6918	0.600000
6919	0.625000
6920	0.625000
6921	0.666667
6922	0.555556
6923	0.750000
6924	0.468750
6925	0.571429
6926	0.750000
6927	0.617647
6928	0.666667
6929	0.529412
6930	1.000000
6931	0.666667
6932	0.412844
6933	0.571429
6934	0.555556
6935	0.600000
6936	0.350410
6937	0.444444
6938	0.583333
6939	0.588235
6940	0.750000
6941	0.468750
6942	1.000000
6943	0.666667
6944	0.666667
6945	0.555556
6946	0.488571
6947	0.555556
6948	1.000000
6949	0.600000
6950	1.000000
6951	0.750000
6952	0.750000
6953	0.571429
6954	1.000000
6955	0.625000
6956	0.450000
6957	0.525000
6958	0.583333
6959	0.445946
6960	0.625000
6961	0.373171
6962	0.666667
6963	0.468750
6964	0.625000
6965	0.750000
6966	0.571429
6967	0.622222
6968	0.535714
6969	0.555556
6970	0.666667
6971	0.600000
6972	0.600000
6973	1.000000
6974	0.750000
6975	0.750000
6976	0.600000
6977	0.467890
6978	0.750000
6979	0.750000
6980	0.625000
6981	0.474576
6982	0.750000
6983	0.583333
6984	0.444331
6985	0.555556
6986	0.555556
6987	0.437500
6988	0.553846
6989	0.666667
6990	0.666667
6991	0.517241
6992	0.666667
6993	0.600000
6994	0.555556
6995	0.555556
6996	0.514286
6997	0.610169
6998	1.000000
6999	0.666667
7000	0.625000
7001	0.666667
7002	0.343750
7003	0.555556
7004	0.625000
7005	0.600000
7006	0.666667
7007	0.625000
7008	0.750000
7009	0.666667
7010	0.750000
7011	0.518519
7012	0.408072
7013	0.571429
7014	0.500000
7015	0.525000
7016	0.750000
7017	0.451613
7018	0.562500
7019	0.483871
7020	0.636364
7021	1.000000
7022	0.750000
7023	0.352567
7024	0.625000
7025	1.000000
7026	0.535714
7027	0.409091
7028	0.600000
7029	0.750000
7030	1.000000
7031	0.507042
7032	0.517241
7033	0.681818
7034	0.456522
7035	1.000000
7036	1.000000
7037	0.583333
7038	0.750000
7039	0.625000
7040	0.525000
7041	0.750000
7042	0.531250
7043	0.750000
7044	1.000000
7045	0.625000
7046	1.000000
7047	0.750000
7048	0.571429
7049	1.000000
7050	0.571429
7051	1.000000
7052	1.000000
7053	0.517241
7054	0.666667
7055	1.000000
7056	0.416807
7057	1.000000
7058	0.456522
7059	0.483871
7060	1.000000
7061	0.666667
7062	0.750000
7063	0.617647
7064	0.600000
7065	0.666667
7066	0.583333
7067	0.750000
7068	0.625000
7069	0.750000
7070	1.000000
7071	0.555556
7072	1.000000
7073	1.000000
7074	0.625000
7075	0.600000
7076	0.625000
7077	0.583333
7078	1.000000
7079	0.600000
7080	0.482759
7081	0.750000
7082	0.600000
7083	1.000000
7084	0.625000
7085	0.583333
7086	0.750000
7087	0.700000
7088	1.000000
7089	0.456522
7090	0.666667
7091	0.600000
7092	0.600000
7093	0.388235
7094	0.357070
7095	1.000000
7096	0.666667
7097	0.571429
7098	0.468750
7099	0.666667
7100	0.567568
7101	0.600000
7102	0.666667
7103	1.000000
7104	1.000000
7105	0.625000
7106	0.583333
7107	0.500000
7108	0.555556
7109	0.600000
7110	0.535714
7111	0.714286
7112	0.750000
7113	0.625000
7114	1.000000
7115	0.600000
7116	0.600000
7117	0.483871
7118	1.000000
7119	0.459016
7120	0.583333
7121	0.750000
7122	0.525000
7123	0.600000
7124	0.552632
7125	1.000000
7126	0.583333
7127	0.600000
7128	0.600000
7129	0.750000
7130	0.625000
7131	0.750000
7132	0.666667
7133	0.555556
7134	0.625000
7135	0.363766
7136	0.681818
7137	0.386029
7138	0.525000
7139	0.507692
7140	0.750000
7141	0.666667
7142	0.555556
7143	0.518519
7144	1.000000
7145	0.552632
7146	1.000000
7147	0.535714
7148	0.525000
7149	0.600000
7150	0.750000
7151	0.700000
7152	0.666667
7153	0.625000
7154	0.625000
7155	0.666667
7156	0.625000
7157	0.600000
7158	0.666667
7159	0.666667
7160	0.714286
7161	0.625000
7162	0.625000
7163	0.625000
7164	0.576923
7165	0.750000
7166	0.625000
7167	0.625000
7168	0.625000
7169	0.625000
7170	0.600000
7171	0.714286
7172	0.555556
7173	0.666667
7174	0.750000
7175	1.000000
7176	0.750000
7177	0.555556
7178	0.576923
7179	0.750000
7180	0.666667
7181	0.666667
7182	0.750000
7183	0.666667
7184	0.600000
7185	0.750000
7186	0.555556
7187	0.750000
7188	0.466667
7189	0.750000
7190	1.000000
7191	0.750000
7192	1.000000
7193	0.500000
7194	0.750000
7195	0.750000
7196	0.750000
7197	0.001000
7198	1.000000
