0	0.329356
1	0.291594
2	0.361702
3	0.316514
4	0.401662
5	0.279831
6	0.283703
7	0.419753
8	0.348624
9	0.346830
10	0.308292
11	0.228606
12	0.337490
13	0.233976
14	0.311526
15	0.240258
16	0.367742
17	0.298065
18	0.476190
19	0.444502
20	0.402556
21	0.363506
22	0.383333
23	0.274301
24	0.394081
25	0.337478
26	0.452736
27	0.363636
28	0.324074
29	0.441748
30	0.360759
31	0.399240
32	0.240646
33	0.398844
34	0.301724
35	0.612613
36	0.415674
37	0.440341
38	0.500000
39	0.355805
40	0.417073
41	0.313175
42	0.335885
43	0.448680
44	0.307692
45	0.441486
46	0.370159
47	0.414847
48	0.379731
49	0.364486
50	0.327195
51	0.380524
52	0.334750
53	0.403397
54	0.280660
55	0.342857
56	0.463415
57	0.445087
58	0.423913
59	0.383099
60	0.426616
61	0.381219
62	0.371025
63	0.459459
64	0.331492
65	0.377778
66	0.402439
67	0.572917
68	0.435685
69	0.412574
70	0.320826
71	0.525000
72	0.700000
73	0.700000
74	0.294944
75	0.446602
76	0.567568
77	0.394850
78	0.389222
79	1.000000
80	0.331586
81	0.493151
82	0.428571
83	0.267528
84	0.466667
85	0.399606
86	0.349254
87	0.342020
88	0.344203
89	0.591398
90	0.364611
91	0.462451
92	0.652174
93	0.378176
94	0.411869
95	0.500000
96	0.410448
97	0.437401
98	0.486631
99	0.270192
100	0.417178
101	0.409938
102	0.421053
103	0.440000
104	0.540984
105	0.390071
106	0.424028
107	0.373488
108	0.395349
109	0.267951
110	0.481481
111	0.419580
112	0.489130
113	0.377698
114	0.445765
115	0.417722
116	0.382421
117	0.373171
118	0.322642
119	0.475113
120	0.345178
121	0.387097
122	0.431373
123	0.523256
124	0.324624
125	0.470085
126	0.441176
127	0.484043
128	0.429621
129	0.364286
130	0.447071
131	0.625000
132	0.336634
133	0.358696
134	0.528302
135	0.481651
136	0.468750
137	0.329011
138	0.523256
139	0.469072
140	0.490385
141	0.483871
142	0.515625
143	0.605505
144	0.522388
145	0.314714
146	0.382353
147	0.402655
148	0.321146
149	0.346154
150	0.423853
151	0.324153
152	0.502762
153	0.518868
154	0.308409
155	0.430108
156	0.509709
157	1.000000
158	0.458333
159	0.402062
160	0.636364
161	0.333333
162	0.292994
163	0.402985
164	0.334018
165	0.468750
166	0.311111
167	0.380435
168	0.514286
169	0.479624
170	0.523256
171	0.666667
172	0.507692
173	0.210070
174	0.470085
175	0.277387
176	0.518519
177	0.369565
178	0.514124
179	0.394286
180	0.529412
181	0.471074
182	0.384161
183	0.439024
184	0.591398
185	0.545455
186	0.357143
187	0.337490
188	0.464789
189	0.372208
190	0.532258
191	0.610169
192	0.539062
193	0.624000
194	0.555556
195	0.569620
196	0.458333
197	0.349931
198	0.433333
199	0.276366
200	0.271985
201	0.450495
202	0.331010
203	0.362288
204	0.509091
205	0.382550
206	0.515625
207	0.473186
208	0.595745
209	0.465116
210	0.514286
211	0.500000
212	0.486726
213	0.321513
214	0.419355
215	0.535294
216	0.489130
217	0.508021
218	0.314336
219	0.474138
220	0.471503
221	0.430939
222	0.421053
223	0.591398
224	0.427230
225	0.337748
226	0.445714
227	0.417112
228	0.521739
229	0.523810
230	0.440129
231	0.600000
232	0.478873
233	1.000000
234	0.540984
235	0.488372
236	0.535294
237	0.286750
238	0.600000
239	0.413793
240	0.422535
241	0.561224
242	0.451389
243	0.390879
244	0.381546
245	0.799308
246	0.432692
247	0.652174
248	0.374260
249	0.622222
250	0.537931
251	0.317460
252	0.528846
253	0.592105
254	0.429688
255	0.485714
256	0.315615
257	0.506494
258	0.400844
259	0.446809
260	0.500000
261	0.425532
262	0.491228
263	0.458333
264	0.458515
265	0.583333
266	0.461538
267	0.419753
268	0.388889
269	0.390947
270	0.573529
271	0.555556
272	0.414634
273	0.451613
274	0.569620
275	0.424528
276	0.327731
277	0.426332
278	0.421348
279	0.321280
280	0.442953
281	0.322581
282	0.482270
283	0.535714
284	0.489209
285	0.435115
286	0.535433
287	0.561224
288	0.590164
289	0.507692
290	0.363057
291	0.521739
292	0.410876
293	0.464164
294	0.337748
295	0.567568
296	0.636364
297	0.486486
298	0.495495
299	0.500000
300	0.625000
301	0.378641
302	0.363636
303	0.388889
304	0.539216
305	0.403525
306	0.549296
307	0.322581
308	0.560000
309	0.535714
310	0.534247
311	0.500000
312	0.714286
313	0.484043
314	0.513158
315	0.226166
316	0.344203
317	0.432692
318	0.443548
319	0.458824
320	0.553846
321	0.467005
322	0.405405
323	0.366972
324	0.499339
325	0.399240
326	0.537549
327	0.833333
328	0.428571
329	0.415020
330	0.295186
331	0.462555
332	0.533981
333	0.549020
334	0.435407
335	0.462185
336	0.408560
337	0.400881
338	0.681818
339	0.491071
340	0.652174
341	0.567568
342	0.423387
343	0.714286
344	0.518868
345	0.523810
346	0.413978
347	0.553846
348	0.517241
349	0.631579
350	0.537313
351	0.608696
352	0.473684
353	0.445714
354	0.451128
355	0.468750
356	0.524017
357	0.572917
358	0.460526
359	0.497268
360	0.552632
361	0.477273
362	0.451613
363	0.482650
364	0.560000
365	0.393103
366	0.409938
367	0.521739
368	0.380488
369	0.515625
370	0.481481
371	1.000000
372	0.489130
373	0.450867
374	0.406250
375	0.426357
376	0.398482
377	0.585106
378	0.383915
379	0.542986
380	0.576923
381	0.679012
382	0.620690
383	0.320000
384	0.666667
385	0.445423
386	0.525000
387	0.462185
388	0.384615
389	0.487500
390	0.262721
391	0.497268
392	0.404145
393	0.521739
394	0.425806
395	0.700000
396	0.666667
397	0.576923
398	0.436893
399	0.433735
400	0.373171
401	0.493671
402	0.622222
403	0.555556
404	0.457286
405	0.625000
406	0.344262
407	0.357143
408	0.588235
409	0.455696
410	0.608696
411	0.495495
412	0.588235
413	0.491228
414	0.516556
415	0.505618
416	0.311644
417	0.666667
418	0.459459
419	0.367788
420	0.468750
421	0.561224
422	0.677419
423	0.429688
424	0.652174
425	0.567568
426	0.336092
427	0.535714
428	0.451613
429	0.616438
430	0.600000
431	0.464286
432	0.523256
433	0.471074
434	0.750000
435	0.473684
436	0.580645
437	0.652174
438	0.410526
439	0.583333
440	0.518519
441	0.482759
442	0.431373
443	0.493151
444	0.555556
445	0.444444
446	0.395622
447	0.595745
448	0.714286
449	0.274021
450	0.424528
451	0.380952
452	0.468966
453	0.594595
454	0.567010
455	0.372340
456	0.417722
457	0.517241
458	0.625000
459	0.507042
460	0.483871
461	0.439331
462	0.469880
463	0.617647
464	0.454545
465	0.636364
466	0.692308
467	0.443182
468	0.625000
469	0.631579
470	0.600000
471	0.560000
472	0.769231
473	0.567568
474	0.390533
475	0.461538
476	0.359155
477	0.542169
478	0.521739
479	0.528302
480	0.750000
481	0.628743
482	0.509091
483	0.469072
484	0.625000
485	0.424528
486	0.458515
487	0.420467
488	0.521739
489	0.467532
490	0.700000
491	0.666667
492	0.750000
493	0.505556
494	0.750000
495	0.518519
496	0.625000
497	0.473684
498	0.523810
499	0.633803
500	0.518519
501	0.600000
502	0.486486
503	0.517241
504	0.459184
505	0.413636
506	0.554622
507	0.450000
508	0.422222
509	0.528302
510	0.500000
511	0.584416
512	0.491228
513	0.518519
514	0.470085
515	0.354772
516	0.406250
517	0.509091
518	0.610169
519	0.457912
520	0.545455
521	0.490566
522	0.617978
523	0.553846
524	0.517241
525	1.000000
526	0.549020
527	0.495495
528	0.514286
529	0.583333
530	0.380690
531	0.523256
532	0.537313
533	0.446809
534	0.616438
535	0.541667
536	0.528302
537	0.625000
538	0.395210
539	0.424242
540	0.458333
541	0.617647
542	0.631579
543	0.608696
544	0.592105
545	0.600000
546	0.769231
547	0.857143
548	0.681818
549	0.309859
550	0.700000
551	0.428571
552	0.429688
553	0.681818
554	0.437086
555	0.480000
556	0.463918
557	0.467532
558	0.466667
559	0.482759
560	0.616438
561	0.450000
562	0.595745
563	0.595745
564	0.578947
565	0.482759
566	0.681818
567	0.769231
568	0.545455
569	0.600000
570	0.591398
571	0.666667
572	1.000000
573	0.571429
574	0.548780
575	0.500000
576	0.392157
577	0.600000
578	0.652174
579	0.833333
580	0.600000
581	0.457912
582	0.473761
583	0.652174
584	0.600000
585	0.420561
586	0.459459
587	0.349206
588	0.468750
589	0.444444
590	0.580645
591	0.600000
592	0.525000
593	0.625000
594	0.390335
595	0.560000
596	0.424242
597	0.600000
598	0.363636
599	0.552632
600	0.558394
601	0.437500
602	0.466667
603	0.687500
604	0.468750
605	0.428571
606	0.511364
607	0.552632
608	0.512195
609	0.417431
610	0.807692
611	0.481752
612	0.666667
613	0.329670
614	0.538462
615	0.750000
616	0.800000
617	0.714286
618	0.625000
619	0.750000
620	0.652174
621	0.750000
622	0.473958
623	0.517241
624	0.585106
625	0.605505
626	0.600000
627	0.652174
628	0.535714
629	0.433735
630	0.525000
631	0.450820
632	0.517241
633	0.750000
634	0.666667
635	0.576923
636	0.488372
637	0.551515
638	0.714286
639	0.559322
640	0.568966
641	0.410156
642	0.555556
643	0.600000
644	0.555556
645	0.567568
646	0.617647
647	0.576923
648	0.585106
649	0.848485
650	0.714286
651	0.833333
652	0.592105
653	0.616438
654	0.537313
655	0.652174
656	0.652174
657	0.507692
658	0.461538
659	0.617647
660	0.600000
661	0.617647
662	0.454545
663	0.459184
664	0.610169
665	0.455696
666	0.428571
667	0.446809
668	0.470085
669	0.600000
670	0.620690
671	0.367347
672	0.434783
673	0.490566
674	0.652174
675	0.555556
676	0.473684
677	0.313808
678	0.750000
679	0.583333
680	1.000000
681	0.724138
682	0.560000
683	1.000000
684	0.617647
685	0.625000
686	0.617647
687	0.833333
688	0.444444
689	0.500000
690	0.426357
691	0.383721
692	0.500000
693	0.590164
694	0.625000
695	0.357798
696	0.714286
697	0.567010
698	0.542169
699	0.750000
700	0.750000
701	1.000000
702	0.652174
703	0.631579
704	0.576923
705	0.500000
706	0.562500
707	0.625000
708	1.000000
709	0.446475
710	0.576923
711	0.656250
712	0.466102
713	0.714286
714	0.580645
715	0.311161
716	0.434211
717	0.555556
718	0.488372
719	0.525000
720	0.394737
721	0.468085
722	0.625000
723	0.507042
724	0.750000
725	0.584071
726	0.467532
727	0.651163
728	0.576923
729	0.500000
730	0.636364
731	0.413043
732	0.538462
733	0.486486
734	0.666667
735	0.576923
736	0.552632
737	0.625000
738	0.666667
739	0.378378
740	0.555556
741	0.590164
742	0.555556
743	0.681818
744	0.666667
745	0.666667
746	0.488372
747	0.714286
748	0.494505
749	0.714286
750	0.700000
751	0.666667
752	0.473684
753	0.750000
754	0.585106
755	0.491228
756	0.552632
757	0.769231
758	0.714286
759	0.714286
760	0.517241
761	0.450000
762	0.452055
763	1.000000
764	0.692308
765	0.666667
766	0.625000
767	0.491228
768	0.610169
769	0.622222
770	0.714286
771	0.488372
772	0.466667
773	0.507246
774	0.602649
775	0.580645
776	0.666667
777	0.608696
778	0.750000
779	0.610169
780	0.652174
781	0.535714
782	0.600000
783	0.479452
784	0.559322
785	0.476440
786	0.528302
787	0.765957
788	0.682927
789	1.000000
790	0.521739
791	1.000000
792	0.692308
793	0.517241
794	0.595745
795	0.769231
796	0.583333
797	0.833333
798	0.625000
799	0.681818
800	0.666667
801	0.625000
802	0.625000
803	1.000000
804	0.548780
805	0.466102
806	0.371901
807	0.509091
808	0.512195
809	0.538462
810	1.000000
811	1.000000
812	0.666667
813	0.617647
814	0.807692
815	0.714286
816	0.402439
817	0.538462
818	0.535714
819	0.750000
820	0.617647
821	0.769231
822	0.480000
823	0.588235
824	0.571429
825	0.789474
826	0.769231
827	0.505618
828	0.700000
829	0.535714
830	0.528302
831	0.789474
832	0.466102
833	0.750000
834	0.774648
835	0.474576
836	0.562500
837	0.714286
838	0.750000
839	0.750000
840	0.666667
841	1.000000
842	0.833333
843	0.562500
844	0.512195
845	1.000000
846	0.625000
847	0.500000
848	0.700000
849	0.837209
850	1.000000
851	0.769231
852	0.622222
853	0.625000
854	1.000000
855	0.507042
856	0.474576
857	0.424242
858	0.432692
859	0.625000
860	0.552632
861	0.833333
862	0.666667
863	0.789474
864	0.529412
865	0.452055
866	1.000000
867	0.482759
868	1.000000
869	0.470085
870	0.545455
871	0.677419
872	0.529412
873	0.552632
874	0.622222
875	0.589286
876	1.000000
877	0.666667
878	0.642857
879	0.537313
880	0.750000
881	0.584416
882	0.478528
883	0.714286
884	0.571429
885	0.857143
886	0.666667
887	0.620690
888	1.000000
889	0.517241
890	0.571429
891	0.717949
892	0.514019
893	0.511236
894	0.580645
895	0.595745
896	0.485294
897	0.833333
898	0.576923
899	1.000000
900	0.580645
901	0.700000
902	0.583333
903	0.714286
904	1.000000
905	0.625000
906	0.714286
907	0.600000
908	0.573529
909	0.622222
910	0.823529
911	0.833333
912	0.483871
913	0.562500
914	0.515021
915	0.462185
916	0.652174
917	0.538462
918	0.491228
919	0.517241
920	0.571429
921	0.456522
922	0.600000
923	0.631579
924	0.523256
925	0.600000
926	0.420561
927	1.000000
928	0.441176
929	0.411765
930	0.714286
931	0.777778
932	0.443548
933	0.750000
934	0.555556
935	0.666667
936	0.600000
937	0.714286
938	1.000000
939	1.000000
940	0.481752
941	0.631579
942	0.823529
943	0.625000
944	0.517241
945	0.769231
946	1.000000
947	0.402439
948	0.714286
949	0.378689
950	0.455696
951	1.000000
952	0.583333
953	0.714286
954	0.473868
955	0.750000
956	0.750000
957	0.480000
958	0.677419
959	1.000000
960	1.000000
961	0.376712
962	0.480000
963	0.807692
964	0.600000
965	0.677419
966	1.000000
967	0.600000
968	0.451613
969	0.656250
970	0.666667
971	0.555556
972	0.625000
973	0.514019
974	0.714286
975	0.430939
976	0.666667
977	0.528302
978	0.777778
979	0.666667
980	0.595745
981	0.857143
982	0.539216
983	0.666667
984	1.000000
985	0.666667
986	1.000000
987	0.535714
988	0.625000
989	0.777778
990	0.714286
991	0.535714
992	0.682927
993	0.505618
994	0.714286
995	1.000000
996	1.000000
997	0.666667
998	0.600000
999	0.367925
1000	0.833333
1001	0.714286
1002	1.000000
1003	1.000000
1004	0.769231
1005	0.750000
1006	0.807692
1007	1.000000
1008	0.538462
1009	0.518519
1010	0.666667
1011	0.714286
1012	0.600000
1013	0.617647
1014	0.777778
1015	0.431280
1016	0.617647
1017	0.529412
1018	0.840000
1019	0.750000
1020	0.789474
1021	0.562500
1022	0.652174
1023	0.600000
1024	0.750000
1025	0.833333
1026	0.528302
1027	0.617647
1028	1.000000
1029	0.545455
1030	0.560000
1031	0.625000
1032	0.636364
1033	0.750000
1034	0.549020
1035	0.777778
1036	0.666667
1037	1.000000
1038	0.367647
1039	0.666667
1040	1.000000
1041	0.470085
1042	1.000000
1043	0.496241
1044	0.419355
1045	0.769231
1046	0.789474
1047	0.517241
1048	1.000000
1049	0.700000
1050	0.769231
1051	0.750000
1052	0.500000
1053	0.552632
1054	0.481752
1055	0.769231
1056	0.395604
1057	0.750000
1058	0.666667
1059	1.000000
1060	0.588235
1061	0.407407
1062	1.000000
1063	0.538462
1064	0.750000
1065	0.600000
1066	0.617647
1067	0.625000
1068	0.700000
1069	1.000000
1070	0.700000
1071	1.000000
1072	0.714286
1073	0.555556
1074	0.470085
1075	0.571429
1076	0.486486
1077	0.518519
1078	0.681818
1079	0.682927
1080	0.525000
1081	1.000000
1082	0.750000
1083	1.000000
1084	0.567568
1085	0.468750
1086	1.000000
1087	1.000000
1088	0.567568
1089	0.567568
1090	1.000000
1091	0.833333
1092	0.736842
1093	1.000000
1094	0.555556
1095	0.475113
1096	0.413793
1097	0.505618
1098	0.517241
1099	0.882353
1100	0.736842
1101	1.000000
1102	0.652174
1103	0.652174
1104	0.552632
1105	0.625000
1106	0.555556
1107	0.555556
1108	0.750000
1109	0.692308
1110	0.750000
1111	1.000000
1112	0.508380
1113	0.600000
1114	0.750000
1115	0.450000
1116	0.600000
1117	0.677419
1118	1.000000
1119	1.000000
1120	0.681818
1121	0.750000
1122	0.560000
1123	0.553846
1124	1.000000
1125	0.552632
1126	1.000000
1127	1.000000
1128	1.000000
1129	0.387454
1130	1.000000
1131	0.600000
1132	0.600000
1133	0.789474
1134	0.736842
1135	0.789474
1136	1.000000
1137	0.714286
1138	0.750000
1139	0.505618
1140	0.807692
1141	0.714286
1142	0.636364
1143	0.724138
1144	1.000000
1145	0.833333
1146	0.569620
1147	1.000000
1148	0.482759
1149	0.677419
1150	0.456140
1151	0.750000
1152	0.714286
1153	0.750000
1154	0.580645
1155	0.569620
1156	1.000000
1157	1.000000
1158	1.000000
1159	0.600000
1160	0.625000
1161	0.789474
1162	0.750000
1163	0.833333
1164	0.714286
1165	0.679245
1166	0.714286
1167	0.489130
1168	0.483871
1169	0.789474
1170	0.857143
1171	0.595745
1172	0.769231
1173	0.666667
1174	0.714286
1175	1.000000
1176	0.528000
1177	0.379888
1178	1.000000
1179	0.714286
1180	0.493151
1181	0.509091
1182	0.588235
1183	0.636364
1184	0.552632
1185	0.681818
1186	0.652174
1187	0.714286
1188	0.567568
1189	0.583333
1190	1.000000
1191	0.666667
1192	1.000000
1193	0.392857
1194	0.461538
1195	0.750000
1196	0.538462
1197	0.769231
1198	0.714286
1199	1.000000
1200	0.681818
1201	0.714286
1202	0.528846
1203	0.600000
1204	1.000000
1205	0.750000
1206	0.750000
1207	0.769231
1208	0.517241
1209	1.000000
1210	1.000000
1211	1.000000
1212	0.681818
1213	0.552632
1214	0.611111
1215	1.000000
1216	0.488372
1217	0.500000
1218	0.535714
1219	0.625000
1220	0.608108
1221	0.714286
1222	0.461538
1223	0.576923
1224	0.417910
1225	0.636364
1226	0.419847
1227	0.789474
1228	0.625000
1229	1.000000
1230	0.750000
1231	0.529412
1232	0.750000
1233	0.652174
1234	0.750000
1235	0.455172
1236	0.476440
1237	1.000000
1238	0.666667
1239	1.000000
1240	0.750000
1241	0.714286
1242	1.000000
1243	1.000000
1244	0.750000
1245	0.576923
1246	0.473684
1247	0.769231
1248	1.000000
1249	0.714286
1250	0.666667
1251	0.466102
1252	0.600000
1253	0.769231
1254	0.666667
1255	1.000000
1256	1.000000
1257	1.000000
1258	0.468750
1259	1.000000
1260	0.882353
1261	0.555556
1262	0.617647
1263	0.452055
1264	0.750000
1265	0.617647
1266	0.857143
1267	0.625000
1268	0.625000
1269	0.600000
1270	0.666667
1271	1.000000
1272	1.000000
1273	1.000000
1274	1.000000
1275	0.666667
1276	1.000000
1277	0.724138
1278	0.750000
1279	0.714286
1280	1.000000
1281	0.456522
1282	0.555556
1283	0.714286
1284	0.576923
1285	1.000000
1286	0.555556
1287	0.750000
1288	0.769231
1289	0.769231
1290	0.769231
1291	1.000000
1292	0.833333
1293	1.000000
1294	0.714286
1295	0.600000
1296	0.666667
1297	0.769231
1298	0.714286
1299	0.625000
1300	0.600000
1301	0.525000
1302	0.769231
1303	0.631579
1304	1.000000
1305	0.600000
1306	1.000000
1307	0.769231
1308	0.724138
1309	0.518519
1310	0.700000
1311	0.500000
1312	0.600000
1313	0.750000
1314	1.000000
1315	0.666667
1316	0.769231
1317	0.555556
1318	0.439024
1319	0.769231
1320	0.714286
1321	0.666667
1322	0.714286
1323	0.833333
1324	0.529412
1325	0.666667
1326	0.666667
1327	0.714286
1328	1.000000
1329	0.666667
1330	0.769231
1331	0.681818
1332	0.769231
1333	1.000000
1334	0.750000
1335	0.769231
1336	0.769231
1337	0.724138
1338	1.000000
1339	0.478947
1340	0.666667
1341	0.769231
1342	0.769231
1343	1.000000
1344	1.000000
1345	0.666667
1346	0.652174
1347	1.000000
1348	0.567568
1349	0.750000
1350	0.769231
1351	0.489130
1352	0.750000
1353	1.000000
1354	0.600000
1355	0.750000
1356	1.000000
1357	0.525000
1358	0.750000
1359	0.555556
1360	0.600000
1361	1.000000
1362	0.600000
1363	0.769231
1364	1.000000
1365	1.000000
1366	0.769231
1367	0.750000
1368	1.000000
1369	0.714286
1370	0.666667
1371	0.769231
1372	0.750000
1373	0.833333
1374	0.666667
1375	0.714286
1376	0.474576
1377	0.714286
1378	0.750000
1379	0.714286
1380	0.714286
1381	0.666667
1382	0.714286
1383	1.000000
1384	0.769231
1385	0.714286
1386	0.750000
1387	0.666667
1388	0.750000
1389	0.600000
1390	1.000000
1391	1.000000
1392	0.666667
1393	0.535714
1394	0.636364
1395	0.714286
1396	1.000000
1397	0.750000
1398	0.555556
1399	0.666667
1400	0.625000
1401	0.666667
1402	0.714286
1403	0.750000
1404	0.666667
1405	0.750000
1406	0.600000
1407	0.750000
1408	0.750000
1409	0.666667
1410	0.666667
1411	0.428571
1412	0.600000
1413	0.600000
1414	1.000000
1415	0.769231
1416	0.750000
1417	1.000000
1418	0.750000
1419	0.724138
1420	0.511364
1421	0.576923
1422	0.467532
1423	0.909091
1424	0.769231
1425	1.000000
1426	0.750000
1427	1.000000
1428	0.571429
1429	1.000000
1430	1.000000
1431	0.617647
1432	0.769231
1433	0.750000
1434	0.666667
1435	0.789474
1436	0.515625
1437	1.000000
1438	0.714286
1439	0.769231
1440	0.750000
1441	0.833333
1442	1.000000
1443	0.833333
1444	0.769231
1445	0.555556
1446	1.000000
1447	0.750000
1448	0.750000
1449	0.588235
1450	0.555556
1451	0.439331
1452	0.666667
1453	0.750000
1454	1.000000
1455	1.000000
1456	1.000000
1457	1.000000
1458	0.714286
1459	0.750000
1460	1.000000
1461	0.656250
1462	0.454545
1463	0.750000
1464	1.000000
1465	1.000000
1466	0.833333
1467	1.000000
1468	0.666667
1469	0.600000
1470	0.857143
1471	1.000000
1472	0.666667
1473	1.000000
1474	1.000000
1475	0.666667
1476	0.750000
1477	0.769231
1478	0.750000
1479	0.857143
1480	1.000000
1481	1.000000
1482	0.750000
1483	0.488372
1484	0.857143
1485	1.000000
1486	0.857143
1487	0.750000
1488	1.000000
1489	1.000000
1490	1.000000
1491	1.000000
1492	0.666667
1493	1.000000
1494	1.000000
1495	1.000000
1496	0.750000
1497	0.405213
1498	1.000000
1499	0.750000
1500	1.000000
1501	1.000000
1502	0.750000
1503	0.750000
1504	0.769231
1505	0.666667
1506	0.750000
1507	0.750000
1508	0.750000
1509	0.857143
1510	1.000000
1511	1.000000
1512	0.636364
1513	1.000000
1514	0.666667
1515	0.677419
1516	1.000000
1517	0.750000
1518	1.000000
1519	1.000000
1520	1.000000
1521	1.000000
1522	0.750000
1523	1.000000
1524	0.500000
1525	1.000000
1526	0.750000
1527	0.625000
1528	1.000000
1529	0.750000
1530	1.000000
1531	0.750000
1532	0.750000
1533	0.750000
1534	1.000000
1535	1.000000
1536	0.681818
1537	0.750000
1538	0.750000
1539	0.714286
1540	0.666667
1541	1.000000
1542	0.411765
1543	1.000000
1544	0.555556
1545	0.750000
1546	0.473958
1547	1.000000
1548	1.000000
1549	0.750000
1550	1.000000
1551	1.000000
1552	1.000000
1553	1.000000
1554	0.714286
1555	1.000000
1556	0.714286
1557	0.666667
1558	1.000000
1559	1.000000
1560	1.000000
1561	0.666667
1562	0.769231
1563	1.000000
1564	0.666667
1565	0.750000
1566	0.750000
1567	0.750000
1568	1.000000
1569	0.750000
1570	1.000000
1571	1.000000
1572	1.000000
1573	0.750000
1574	1.000000
1575	1.000000
1576	1.000000
1577	1.000000
1578	0.588235
1579	0.666667
1580	1.000000
1581	1.000000
1582	1.000000
1583	0.714286
1584	0.750000
1585	0.750000
1586	1.000000
1587	0.750000
1588	0.588235
1589	1.000000
1590	0.857143
1591	1.000000
1592	1.000000
1593	0.857143
1594	0.750000
1595	0.750000
1596	0.518519
1597	0.467532
1598	1.000000
1599	0.666667
1600	0.434211
1601	0.625000
1602	1.000000
1603	1.000000
1604	0.636364
1605	0.681818
1606	0.525000
1607	0.450867
1608	0.666667
1609	0.750000
1610	0.666667
1611	0.750000
1612	0.857143
1613	0.560000
1614	1.000000
1615	0.750000
1616	1.000000
1617	1.000000
1618	0.750000
1619	0.750000
1620	0.750000
1621	1.000000
1622	0.750000
1623	1.000000
1624	1.000000
1625	1.000000
1626	1.000000
1627	0.666667
1628	0.617647
1629	0.714286
1630	1.000000
1631	0.517241
1632	1.000000
1633	0.681818
1634	0.750000
1635	0.857143
1636	0.750000
1637	0.750000
1638	0.750000
1639	1.000000
1640	1.000000
1641	0.750000
1642	0.560000
1643	1.000000
1644	1.000000
1645	1.000000
1646	1.000000
1647	1.000000
1648	0.750000
1649	0.750000
1650	0.750000
1651	1.000000
1652	1.000000
1653	1.000000
1654	1.000000
1655	1.000000
1656	1.000000
1657	1.000000
1658	1.000000
1659	1.000000
1660	1.000000
1661	0.666667
1662	0.588235
1663	1.000000
1664	1.000000
1665	0.857143
1666	0.608696
1667	1.000000
1668	1.000000
1669	0.750000
1670	0.769231
1671	1.000000
1672	0.666667
1673	0.750000
1674	0.555556
1675	0.750000
1676	1.000000
1677	1.000000
1678	0.750000
1679	0.714286
1680	0.750000
1681	1.000000
1682	0.857143
1683	0.666667
1684	0.750000
1685	0.750000
1686	0.714286
1687	0.714286
1688	1.000000
1689	0.857143
1690	0.750000
1691	1.000000
1692	1.000000
1693	1.000000
1694	0.750000
1695	1.000000
1696	0.750000
1697	0.750000
1698	0.750000
1699	1.000000
1700	0.750000
1701	1.000000
1702	1.000000
1703	1.000000
1704	0.750000
1705	0.750000
1706	0.625000
1707	0.625000
1708	0.750000
1709	1.000000
1710	1.000000
1711	1.000000
1712	1.000000
1713	1.000000
1714	0.750000
1715	1.000000
1716	1.000000
1717	0.769231
1718	0.750000
1719	0.750000
1720	0.505618
1721	0.440000
1722	1.000000
1723	1.000000
1724	0.750000
1725	0.750000
1726	0.750000
1727	0.750000
1728	0.750000
1729	0.750000
1730	1.000000
1731	0.625000
1732	0.750000
1733	0.750000
1734	1.000000
1735	1.000000
1736	1.000000
1737	1.000000
1738	1.000000
1739	1.000000
1740	1.000000
1741	1.000000
1742	1.000000
1743	1.000000
1744	1.000000
1745	0.750000
1746	1.000000
1747	1.000000
1748	1.000000
1749	0.413534
1750	0.750000
1751	0.750000
1752	1.000000
1753	0.714286
1754	1.000000
1755	0.857143
1756	0.750000
1757	1.000000
1758	0.555556
1759	1.000000
1760	0.666667
1761	1.000000
1762	1.000000
1763	0.750000
1764	0.750000
1765	0.750000
1766	0.750000
1767	0.750000
1768	0.555556
1769	1.000000
1770	0.714286
1771	0.636364
1772	1.000000
1773	0.857143
1774	0.750000
1775	0.555556
1776	0.857143
1777	1.000000
1778	1.000000
1779	1.000000
1780	1.000000
1781	0.857143
1782	0.750000
1783	0.444444
1784	1.000000
1785	0.750000
1786	1.000000
1787	1.000000
1788	1.000000
1789	0.750000
1790	0.750000
1791	1.000000
1792	1.000000
1793	0.750000
1794	1.000000
1795	1.000000
1796	1.000000
1797	1.000000
1798	1.000000
1799	0.750000
1800	1.000000
1801	1.000000
1802	1.000000
1803	1.000000
1804	1.000000
1805	0.750000
1806	0.750000
1807	1.000000
1808	1.000000
1809	1.000000
1810	1.000000
1811	0.750000
1812	1.000000
1813	1.000000
1814	1.000000
1815	1.000000
1816	0.750000
1817	1.000000
1818	1.000000
1819	1.000000
1820	1.000000
1821	1.000000
1822	1.000000
1823	0.750000
1824	1.000000
1825	1.000000
1826	1.000000
1827	1.000000
1828	1.000000
1829	0.750000
1830	1.000000
1831	0.750000
1832	1.000000
1833	0.750000
1834	0.600000
1835	1.000000
1836	0.750000
1837	0.750000
1838	0.750000
1839	1.000000
1840	1.000000
1841	0.750000
1842	1.000000
1843	1.000000
1844	1.000000
1845	0.750000
1846	0.750000
1847	0.750000
1848	1.000000
1849	1.000000
1850	1.000000
1851	1.000000
1852	0.600000
1853	1.000000
1854	1.000000
1855	1.000000
1856	1.000000
1857	1.000000
1858	1.000000
1859	1.000000
1860	1.000000
1861	1.000000
1862	0.750000
1863	1.000000
1864	1.000000
1865	0.750000
1866	1.000000
1867	1.000000
1868	0.750000
1869	1.000000
1870	1.000000
1871	1.000000
1872	0.750000
1873	1.000000
1874	1.000000
1875	1.000000
1876	1.000000
1877	1.000000
1878	0.750000
1879	1.000000
1880	1.000000
1881	1.000000
1882	0.750000
1883	1.000000
1884	0.750000
1885	1.000000
1886	1.000000
1887	1.000000
1888	1.000000
1889	1.000000
1890	1.000000
1891	1.000000
1892	1.000000
1893	1.000000
1894	0.600000
1895	1.000000
1896	1.000000
1897	1.000000
1898	1.000000
1899	1.000000
1900	1.000000
1901	1.000000
1902	1.000000
1903	0.750000
1904	0.600000
1905	1.000000
1906	0.750000
1907	1.000000
1908	1.000000
1909	1.000000
1910	1.000000
1911	1.000000
1912	0.750000
1913	1.000000
1914	1.000000
1915	1.000000
1916	0.750000
1917	1.000000
1918	1.000000
1919	1.000000
1920	0.750000
1921	0.750000
1922	1.000000
1923	1.000000
1924	1.000000
1925	0.750000
1926	1.000000
1927	1.000000
1928	1.000000
1929	1.000000
1930	1.000000
1931	0.750000
1932	0.750000
1933	1.000000
1934	1.000000
1935	0.750000
1936	0.750000
1937	0.750000
1938	1.000000
1939	1.000000
1940	1.000000
1941	1.000000
1942	1.000000
1943	1.000000
1944	0.750000
1945	0.750000
1946	0.750000
1947	0.750000
1948	1.000000
1949	1.000000
1950	0.750000
1951	1.000000
1952	1.000000
1953	1.000000
1954	1.000000
1955	1.000000
1956	1.000000
1957	1.000000
1958	1.000000
1959	0.750000
1960	1.000000
1961	1.000000
1962	1.000000
1963	1.000000
1964	1.000000
1965	0.750000
1966	1.000000
1967	0.600000
1968	0.750000
1969	1.000000
1970	1.000000
1971	1.000000
1972	1.000000
1973	1.000000
1974	1.000000
1975	1.000000
1976	0.750000
1977	0.750000
1978	1.000000
1979	1.000000
1980	0.750000
1981	0.750000
1982	1.000000
1983	1.000000
1984	0.750000
1985	1.000000
1986	0.500000
1987	1.000000
1988	1.000000
1989	1.000000
1990	0.750000
1991	0.750000
1992	0.750000
1993	0.750000
1994	0.750000
1995	1.000000
1996	1.000000
1997	0.750000
1998	1.000000
1999	1.000000
2000	0.750000
2001	1.000000
2002	0.500000
2003	0.750000
2004	1.000000
2005	1.000000
2006	0.750000
2007	0.750000
2008	1.000000
2009	1.000000
2010	1.000000
2011	1.000000
2012	1.000000
2013	1.000000
2014	1.000000
2015	1.000000
2016	1.000000
2017	0.750000
2018	0.750000
2019	0.750000
2020	1.000000
2021	1.000000
2022	1.000000
2023	1.000000
2024	1.000000
2025	1.000000
2026	1.000000
2027	1.000000
2028	1.000000
2029	0.750000
2030	1.000000
2031	1.000000
2032	1.000000
2033	1.000000
2034	1.000000
2035	1.000000
2036	1.000000
2037	1.000000
2038	1.000000
2039	0.750000
2040	1.000000
2041	1.000000
2042	1.000000
2043	0.750000
2044	0.750000
2045	0.750000
2046	0.750000
2047	0.750000
2048	1.000000
2049	1.000000
2050	1.000000
2051	1.000000
2052	1.000000
2053	1.000000
2054	1.000000
2055	1.000000
2056	1.000000
2057	1.000000
2058	1.000000
2059	1.000000
2060	1.000000
2061	1.000000
2062	1.000000
2063	1.000000
2064	1.000000
2065	1.000000
2066	1.000000
2067	1.000000
2068	0.750000
2069	0.750000
2070	1.000000
2071	1.000000
2072	1.000000
2073	1.000000
2074	0.750000
2075	1.000000
2076	1.000000
2077	1.000000
2078	1.000000
2079	1.000000
2080	0.750000
2081	1.000000
2082	0.750000
2083	0.750000
2084	1.000000
2085	1.000000
2086	1.000000
2087	1.000000
2088	0.750000
2089	1.000000
2090	1.000000
2091	1.000000
2092	1.000000
2093	1.000000
2094	1.000000
2095	1.000000
2096	1.000000
2097	1.000000
2098	1.000000
2099	0.750000
2100	1.000000
2101	1.000000
2102	1.000000
2103	1.000000
2104	1.000000
2105	1.000000
2106	1.000000
2107	0.750000
2108	1.000000
2109	0.750000
2110	0.750000
2111	1.000000
2112	1.000000
2113	0.750000
2114	1.000000
2115	1.000000
2116	1.000000
2117	1.000000
2118	1.000000
2119	1.000000
2120	1.000000
2121	1.000000
2122	1.000000
2123	1.000000
2124	1.000000
2125	1.000000
2126	1.000000
2127	1.000000
2128	1.000000
2129	1.000000
2130	0.750000
2131	1.000000
2132	0.750000
2133	0.750000
2134	1.000000
2135	1.000000
2136	1.000000
2137	1.000000
2138	1.000000
2139	1.000000
2140	1.000000
2141	0.750000
2142	1.000000
2143	1.000000
2144	1.000000
2145	1.000000
2146	1.000000
2147	1.000000
2148	0.750000
2149	0.750000
2150	1.000000
2151	0.600000
2152	1.000000
2153	1.000000
2154	1.000000
2155	1.000000
2156	1.000000
2157	1.000000
2158	0.600000
2159	1.000000
2160	1.000000
2161	1.000000
2162	1.000000
2163	1.000000
2164	0.750000
2165	1.000000
2166	1.000000
2167	1.000000
2168	1.000000
2169	1.000000
2170	1.000000
2171	0.750000
2172	1.000000
2173	1.000000
2174	1.000000
2175	1.000000
2176	1.000000
2177	1.000000
2178	1.000000
2179	0.750000
2180	1.000000
2181	1.000000
2182	1.000000
2183	0.750000
2184	1.000000
2185	1.000000
2186	1.000000
2187	1.000000
2188	0.750000
2189	0.750000
2190	0.750000
2191	1.000000
2192	0.750000
2193	1.000000
2194	1.000000
2195	0.750000
2196	1.000000
2197	1.000000
2198	1.000000
2199	1.000000
2200	1.000000
2201	1.000000
2202	1.000000
2203	1.000000
2204	1.000000
2205	1.000000
2206	1.000000
2207	1.000000
2208	1.000000
2209	0.600000
2210	1.000000
2211	1.000000
2212	0.750000
2213	1.000000
2214	1.000000
2215	1.000000
2216	1.000000
2217	1.000000
2218	1.000000
2219	1.000000
2220	1.000000
2221	1.000000
2222	1.000000
2223	1.000000
2224	1.000000
2225	1.000000
2226	1.000000
2227	1.000000
2228	1.000000
2229	1.000000
2230	1.000000
2231	1.000000
2232	1.000000
2233	1.000000
2234	1.000000
2235	1.000000
2236	1.000000
2237	1.000000
2238	1.000000
2239	1.000000
2240	1.000000
2241	1.000000
2242	1.000000
2243	1.000000
2244	1.000000
2245	1.000000
2246	1.000000
2247	1.000000
2248	1.000000
2249	1.000000
2250	1.000000
2251	1.000000
2252	1.000000
2253	1.000000
2254	1.000000
2255	1.000000
2256	1.000000
2257	1.000000
2258	1.000000
2259	1.000000
2260	1.000000
2261	1.000000
2262	1.000000
2263	1.000000
2264	1.000000
2265	1.000000
2266	1.000000
2267	1.000000
2268	1.000000
2269	1.000000
2270	1.000000
2271	1.000000
2272	1.000000
2273	1.000000
2274	1.000000
2275	1.000000
2276	1.000000
2277	1.000000
2278	1.000000
2279	1.000000
2280	1.000000
2281	1.000000
2282	1.000000
2283	1.000000
2284	1.000000
2285	1.000000
2286	1.000000
2287	1.000000
2288	1.000000
2289	1.000000
2290	1.000000
2291	1.000000
2292	1.000000
2293	1.000000
2294	1.000000
2295	1.000000
2296	1.000000
2297	1.000000
2298	1.000000
2299	1.000000
2300	1.000000
2301	1.000000
2302	1.000000
2303	1.000000
2304	1.000000
2305	1.000000
2306	1.000000
2307	1.000000
2308	1.000000
2309	1.000000
2310	1.000000
2311	1.000000
2312	1.000000
2313	1.000000
2314	1.000000
2315	1.000000
2316	1.000000
2317	1.000000
2318	1.000000
2319	1.000000
2320	1.000000
2321	1.000000
2322	1.000000
2323	1.000000
2324	1.000000
2325	1.000000
2326	1.000000
2327	1.000000
2328	1.000000
2329	1.000000
2330	1.000000
2331	1.000000
2332	1.000000
2333	1.000000
2334	1.000000
2335	1.000000
2336	1.000000
2337	1.000000
2338	1.000000
2339	1.000000
2340	1.000000
2341	1.000000
2342	1.000000
2343	1.000000
2344	1.000000
2345	1.000000
2346	1.000000
2347	1.000000
2348	1.000000
2349	1.000000
2350	1.000000
2351	1.000000
2352	1.000000
2353	1.000000
2354	1.000000
2355	1.000000
2356	1.000000
2357	1.000000
2358	1.000000
2359	1.000000
2360	1.000000
2361	1.000000
2362	1.000000
2363	1.000000
2364	1.000000
2365	1.000000
2366	1.000000
2367	1.000000
2368	1.000000
2369	1.000000
2370	1.000000
2371	1.000000
2372	1.000000
2373	1.000000
2374	1.000000
2375	1.000000
2376	1.000000
2377	1.000000
2378	1.000000
2379	1.000000
2380	1.000000
2381	1.000000
2382	1.000000
2383	1.000000
2384	1.000000
2385	1.000000
2386	1.000000
2387	1.000000
2388	1.000000
2389	1.000000
2390	1.000000
2391	1.000000
2392	1.000000
2393	1.000000
2394	1.000000
2395	1.000000
2396	1.000000
2397	1.000000
2398	1.000000
2399	1.000000
2400	1.000000
2401	1.000000
2402	1.000000
2403	1.000000
2404	1.000000
2405	1.000000
2406	1.000000
2407	1.000000
2408	1.000000
2409	1.000000
2410	1.000000
2411	1.000000
2412	1.000000
2413	1.000000
2414	1.000000
2415	1.000000
2416	1.000000
2417	1.000000
2418	1.000000
2419	1.000000
2420	1.000000
2421	1.000000
2422	1.000000
2423	1.000000
2424	1.000000
2425	1.000000
2426	1.000000
2427	1.000000
2428	1.000000
2429	1.000000
2430	1.000000
2431	1.000000
2432	1.000000
2433	1.000000
2434	1.000000
2435	1.000000
2436	1.000000
2437	1.000000
2438	1.000000
2439	1.000000
2440	1.000000
2441	1.000000
2442	1.000000
2443	1.000000
2444	1.000000
2445	1.000000
2446	1.000000
2447	1.000000
2448	1.000000
2449	1.000000
2450	1.000000
2451	1.000000
2452	1.000000
2453	1.000000
2454	1.000000
2455	1.000000
2456	1.000000
2457	1.000000
2458	1.000000
2459	1.000000
2460	1.000000
2461	1.000000
2462	1.000000
2463	1.000000
2464	1.000000
2465	1.000000
2466	1.000000
2467	1.000000
2468	1.000000
2469	1.000000
2470	1.000000
2471	1.000000
2472	1.000000
2473	1.000000
2474	1.000000
2475	1.000000
2476	1.000000
2477	1.000000
2478	1.000000
2479	1.000000
2480	1.000000
2481	1.000000
2482	1.000000
2483	1.000000
2484	1.000000
2485	1.000000
2486	1.000000
2487	1.000000
2488	1.000000
2489	1.000000
2490	1.000000
2491	1.000000
2492	1.000000
2493	1.000000
2494	1.000000
2495	1.000000
2496	1.000000
2497	1.000000
2498	1.000000
2499	1.000000
2500	1.000000
2501	1.000000
2502	1.000000
2503	1.000000
2504	1.000000
2505	1.000000
2506	1.000000
2507	1.000000
2508	1.000000
2509	1.000000
2510	1.000000
2511	1.000000
2512	1.000000
2513	1.000000
2514	1.000000
2515	1.000000
2516	1.000000
2517	1.000000
2518	1.000000
2519	1.000000
2520	1.000000
2521	1.000000
2522	1.000000
2523	1.000000
2524	1.000000
2525	1.000000
2526	1.000000
2527	1.000000
2528	1.000000
2529	1.000000
2530	1.000000
2531	1.000000
2532	1.000000
2533	1.000000
2534	1.000000
2535	1.000000
2536	1.000000
2537	1.000000
2538	1.000000
2539	1.000000
2540	1.000000
2541	1.000000
2542	1.000000
2543	1.000000
2544	1.000000
2545	1.000000
2546	1.000000
2547	1.000000
2548	1.000000
2549	1.000000
2550	1.000000
2551	1.000000
2552	1.000000
2553	1.000000
2554	1.000000
2555	1.000000
2556	1.000000
2557	1.000000
2558	1.000000
2559	1.000000
2560	1.000000
2561	1.000000
2562	1.000000
2563	1.000000
2564	1.000000
2565	1.000000
2566	1.000000
2567	1.000000
2568	1.000000
2569	1.000000
2570	1.000000
2571	1.000000
2572	1.000000
2573	1.000000
2574	1.000000
2575	1.000000
2576	1.000000
2577	1.000000
2578	1.000000
2579	1.000000
2580	1.000000
2581	1.000000
2582	1.000000
2583	1.000000
2584	1.000000
2585	1.000000
2586	1.000000
2587	1.000000
2588	1.000000
2589	1.000000
2590	1.000000
2591	1.000000
2592	1.000000
2593	1.000000
2594	1.000000
2595	1.000000
2596	1.000000
2597	1.000000
2598	1.000000
2599	1.000000
2600	1.000000
2601	1.000000
2602	1.000000
2603	1.000000
2604	1.000000
2605	1.000000
2606	1.000000
2607	1.000000
2608	1.000000
2609	1.000000
2610	1.000000
2611	1.000000
2612	1.000000
2613	1.000000
2614	1.000000
2615	1.000000
2616	1.000000
2617	1.000000
2618	1.000000
2619	1.000000
2620	1.000000
2621	1.000000
2622	1.000000
2623	1.000000
2624	1.000000
2625	1.000000
2626	1.000000
2627	1.000000
2628	1.000000
2629	1.000000
2630	1.000000
2631	1.000000
2632	1.000000
2633	1.000000
2634	1.000000
2635	1.000000
2636	1.000000
2637	1.000000
2638	1.000000
2639	1.000000
2640	1.000000
2641	1.000000
2642	1.000000
2643	1.000000
2644	1.000000
2645	1.000000
2646	1.000000
2647	1.000000
2648	1.000000
2649	1.000000
2650	1.000000
2651	1.000000
2652	1.000000
2653	1.000000
2654	1.000000
2655	1.000000
2656	1.000000
2657	1.000000
2658	1.000000
2659	1.000000
2660	1.000000
2661	1.000000
2662	1.000000
2663	1.000000
2664	1.000000
2665	1.000000
2666	1.000000
2667	1.000000
2668	1.000000
2669	1.000000
2670	1.000000
2671	1.000000
2672	1.000000
2673	1.000000
2674	1.000000
2675	1.000000
2676	1.000000
2677	1.000000
2678	1.000000
2679	1.000000
2680	1.000000
2681	1.000000
2682	1.000000
2683	1.000000
2684	1.000000
2685	1.000000
2686	1.000000
2687	1.000000
2688	1.000000
2689	1.000000
2690	1.000000
2691	1.000000
2692	1.000000
2693	1.000000
2694	1.000000
2695	1.000000
2696	1.000000
2697	1.000000
2698	1.000000
2699	1.000000
2700	1.000000
2701	1.000000
2702	1.000000
2703	1.000000
2704	1.000000
2705	1.000000
2706	1.000000
2707	1.000000
2708	1.000000
2709	1.000000
2710	1.000000
2711	1.000000
2712	1.000000
2713	1.000000
2714	1.000000
2715	1.000000
2716	1.000000
2717	1.000000
2718	1.000000
2719	1.000000
2720	1.000000
2721	1.000000
2722	1.000000
2723	1.000000
2724	1.000000
2725	1.000000
2726	1.000000
2727	1.000000
2728	1.000000
2729	1.000000
2730	1.000000
2731	1.000000
2732	1.000000
2733	1.000000
2734	1.000000
2735	1.000000
2736	1.000000
2737	1.000000
2738	1.000000
2739	1.000000
2740	1.000000
2741	1.000000
2742	1.000000
2743	1.000000
2744	1.000000
2745	1.000000
2746	1.000000
2747	1.000000
2748	1.000000
2749	1.000000
2750	1.000000
2751	1.000000
2752	1.000000
2753	1.000000
2754	1.000000
2755	1.000000
2756	1.000000
2757	1.000000
2758	1.000000
2759	1.000000
2760	1.000000
2761	1.000000
2762	1.000000
2763	1.000000
2764	1.000000
2765	1.000000
2766	1.000000
2767	1.000000
2768	1.000000
2769	1.000000
2770	1.000000
2771	1.000000
2772	1.000000
2773	1.000000
2774	1.000000
2775	1.000000
2776	1.000000
2777	1.000000
2778	1.000000
2779	1.000000
2780	1.000000
2781	1.000000
2782	1.000000
2783	1.000000
2784	1.000000
2785	1.000000
2786	1.000000
2787	1.000000
2788	1.000000
2789	1.000000
2790	1.000000
2791	1.000000
2792	1.000000
2793	1.000000
2794	1.000000
2795	1.000000
2796	1.000000
2797	1.000000
2798	1.000000
2799	1.000000
2800	1.000000
2801	1.000000
2802	1.000000
2803	1.000000
2804	1.000000
2805	1.000000
2806	1.000000
2807	1.000000
2808	1.000000
2809	1.000000
2810	1.000000
2811	1.000000
2812	1.000000
2813	1.000000
2814	1.000000
2815	1.000000
2816	1.000000
2817	1.000000
2818	1.000000
2819	1.000000
2820	1.000000
2821	1.000000
2822	1.000000
2823	1.000000
2824	1.000000
2825	1.000000
2826	1.000000
2827	1.000000
2828	1.000000
2829	1.000000
2830	1.000000
2831	1.000000
2832	1.000000
2833	1.000000
2834	1.000000
2835	1.000000
2836	1.000000
2837	1.000000
2838	1.000000
2839	1.000000
2840	1.000000
2841	1.000000
2842	1.000000
2843	1.000000
2844	1.000000
2845	1.000000
2846	1.000000
2847	1.000000
2848	1.000000
2849	1.000000
2850	1.000000
2851	1.000000
2852	1.000000
2853	1.000000
2854	1.000000
2855	1.000000
2856	1.000000
2857	1.000000
2858	1.000000
2859	1.000000
2860	1.000000
2861	1.000000
2862	1.000000
2863	1.000000
2864	1.000000
2865	1.000000
2866	1.000000
2867	1.000000
2868	1.000000
2869	1.000000
2870	1.000000
2871	1.000000
2872	1.000000
2873	1.000000
2874	1.000000
2875	1.000000
2876	1.000000
2877	1.000000
2878	1.000000
2879	1.000000
2880	1.000000
2881	1.000000
2882	1.000000
2883	1.000000
2884	1.000000
2885	1.000000
2886	1.000000
2887	1.000000
2888	1.000000
2889	1.000000
2890	1.000000
2891	1.000000
2892	1.000000
2893	1.000000
2894	1.000000
2895	1.000000
2896	1.000000
2897	1.000000
2898	1.000000
2899	1.000000
2900	1.000000
2901	1.000000
2902	1.000000
2903	1.000000
2904	1.000000
2905	1.000000
2906	1.000000
2907	1.000000
2908	1.000000
2909	1.000000
2910	1.000000
2911	1.000000
2912	1.000000
2913	1.000000
2914	1.000000
2915	1.000000
2916	1.000000
2917	1.000000
2918	1.000000
2919	1.000000
2920	1.000000
2921	1.000000
2922	1.000000
2923	1.000000
2924	1.000000
2925	1.000000
2926	1.000000
2927	1.000000
2928	1.000000
2929	1.000000
2930	1.000000
2931	1.000000
2932	1.000000
2933	1.000000
2934	1.000000
2935	1.000000
2936	1.000000
2937	1.000000
2938	1.000000
2939	1.000000
2940	1.000000
2941	1.000000
2942	1.000000
2943	1.000000
2944	1.000000
2945	1.000000
2946	1.000000
2947	1.000000
2948	1.000000
2949	1.000000
2950	1.000000
2951	1.000000
2952	1.000000
2953	1.000000
2954	1.000000
2955	1.000000
2956	1.000000
2957	1.000000
2958	1.000000
2959	1.000000
2960	1.000000
2961	1.000000
2962	1.000000
2963	1.000000
2964	1.000000
2965	1.000000
2966	1.000000
2967	1.000000
2968	1.000000
2969	1.000000
2970	1.000000
2971	1.000000
2972	1.000000
2973	1.000000
2974	1.000000
2975	1.000000
2976	1.000000
2977	1.000000
2978	1.000000
2979	1.000000
2980	1.000000
2981	1.000000
2982	1.000000
2983	1.000000
2984	1.000000
2985	1.000000
2986	1.000000
2987	1.000000
2988	1.000000
2989	1.000000
2990	1.000000
2991	1.000000
2992	1.000000
2993	1.000000
2994	1.000000
2995	1.000000
2996	1.000000
2997	1.000000
2998	1.000000
2999	1.000000
3000	1.000000
3001	1.000000
3002	1.000000
3003	1.000000
3004	1.000000
3005	1.000000
3006	1.000000
3007	1.000000
3008	1.000000
3009	1.000000
3010	1.000000
3011	1.000000
3012	1.000000
3013	1.000000
3014	1.000000
3015	1.000000
3016	1.000000
3017	1.000000
3018	1.000000
3019	1.000000
3020	1.000000
3021	1.000000
3022	1.000000
3023	1.000000
3024	1.000000
3025	1.000000
3026	1.000000
3027	1.000000
3028	1.000000
3029	1.000000
3030	1.000000
3031	1.000000
3032	1.000000
3033	1.000000
3034	1.000000
3035	1.000000
3036	1.000000
3037	1.000000
3038	1.000000
3039	1.000000
3040	1.000000
3041	1.000000
3042	1.000000
3043	1.000000
3044	1.000000
3045	1.000000
3046	1.000000
3047	1.000000
3048	1.000000
3049	1.000000
3050	1.000000
3051	1.000000
3052	1.000000
3053	1.000000
3054	1.000000
3055	1.000000
3056	1.000000
3057	1.000000
3058	1.000000
3059	1.000000
3060	1.000000
3061	1.000000
3062	1.000000
3063	1.000000
3064	1.000000
3065	1.000000
3066	1.000000
3067	1.000000
3068	1.000000
3069	1.000000
3070	1.000000
3071	1.000000
3072	1.000000
3073	1.000000
3074	1.000000
3075	1.000000
3076	1.000000
3077	1.000000
3078	1.000000
3079	1.000000
3080	1.000000
3081	1.000000
3082	1.000000
3083	1.000000
3084	1.000000
3085	1.000000
3086	1.000000
3087	1.000000
3088	1.000000
3089	1.000000
3090	1.000000
3091	1.000000
3092	1.000000
3093	1.000000
3094	1.000000
3095	1.000000
3096	1.000000
3097	1.000000
3098	1.000000
3099	1.000000
3100	1.000000
3101	1.000000
3102	1.000000
3103	1.000000
3104	1.000000
3105	1.000000
3106	1.000000
3107	1.000000
3108	1.000000
