0	0.2559185606060606
1	0.24375000000000002
2	0.265625
3	0.24041811846689898
4	0.19566526189042746
5	0.3
6	0.2865612648221344
7	0.2097255369928401
8	0.2523841961852861
9	0.31986531986531985
10	0.2585034013605442
11	0.23564463705308777
12	0.25961538461538464
13	0.3622881355932203
14	0.2944901836605447
15	0.3063063063063063
16	0.23752969121140144
17	0.25258493353028066
18	0.220214568040655
19	0.2407079646017699
20	0.30771979985704073
21	0.3225806451612903
22	0.2932566649242028
23	0.2481203007518797
24	0.30250347705146036
25	0.28888888888888886
26	0.30685920577617326
27	0.2775046097111248
28	0.21544929059379925
29	0.2665964172813488
30	0.23699421965317918
31	0.3116438356164383
32	0.25925925925925924
33	0.2633390705679862
34	0.3436426116838488
35	0.23178807947019864
36	0.29620253164556964
37	0.2206405693950178
38	0.28512396694214875
39	0.2936226749335695
40	0.2592475497944989
41	0.26243093922651933
42	0.29207232267037553
43	0.23003701745108407
44	0.2102127659574468
45	0.27842227378190254
46	0.28961175236096537
47	0.3097165991902834
48	0.2701863354037267
49	0.23529411764705882
50	0.21758588916677638
51	0.25042087542087543
52	0.2671232876712329
53	0.257985257985258
54	0.319617927994122
55	0.26706231454005935
56	0.3
57	0.28744326777609686
58	0.2586989409984871
59	0.24206672091131004
60	0.3088235294117647
61	0.24515503875968994
62	0.31666666666666665
63	0.2760018711991268
64	0.29770992366412213
65	0.3049723756906077
66	0.29904051172707885
67	0.3140495867768595
68	0.3051881993896236
69	0.25606469002695414
70	0.28695652173913044
71	0.29673590504451036
72	0.27419354838709675
73	0.3148148148148148
74	0.2114492006188757
75	0.32832618025751076
76	0.4117647058823529
77	0.4117647058823529
78	0.3342618384401114
79	0.32075471698113206
80	0.32307692307692304
81	0.302066772655008
82	0.2690523525513585
83	0.5
84	0.3235294117647059
85	0.23124484748557297
86	0.27615062761506276
87	0.2733333333333333
88	0.27808219178082194
89	0.3162162162162162
90	0.3110367892976589
91	0.3716216216216216
92	0.26683087027914615
93	0.3
94	0.21106259097525473
95	0.291005291005291
96	0.29411764705882354
97	0.33915211970074816
98	0.2962962962962963
99	0.27058823529411763
100	0.39473684210526316
101	0.316622691292876
102	0.3055555555555555
103	0.26842105263157895
104	0.29891304347826086
105	0.2806122448979592
106	0.2947976878612717
107	0.35106382978723405
108	0.2741514360313316
109	0.32499999999999996
110	0.30832476875642345
111	0.4347826086956522
112	0.27714748784440846
113	0.21283255086071984
114	0.23111782477341386
115	0.2745664739884393
116	0.3013698630136986
117	0.3220858895705521
118	0.3197674418604651
119	0.27771679473106475
120	0.2637931034482759
121	0.2450687387925882
122	0.34351145038167935
123	0.2602040816326531
124	0.289586305278174
125	0.3350253807106599
126	0.2819203268641471
127	0.32608695652173914
128	0.3402061855670103
129	0.2368017524644031
130	0.37714285714285717
131	0.2859531772575251
132	0.3261648745519713
133	0.300513698630137
134	0.26294498381877024
135	0.32507739938080493
136	0.3011811023622047
137	0.2365145228215768
138	0.34313725490196073
139	0.3846153846153846
140	0.34351145038167935
141	0.345679012345679
142	0.2518518518518518
143	0.337620578778135
144	0.33455882352941174
145	0.28664495114006516
146	0.247320692497939
147	0.32098765432098764
148	0.2765957446808511
149	0.25210084033613445
150	0.2689655172413793
151	0.2495921696574225
152	0.3414634146341463
153	0.33962264150943394
154	0.3191489361702128
155	0.24928977272727276
156	0.3183023872679045
157	0.3513513513513513
158	0.38888888888888895
159	0.30701754385964913
160	0.2266009852216749
161	0.33687943262411346
162	0.5
163	0.337620578778135
164	0.3007518796992481
165	0.3333333333333333
166	0.2973145780051151
167	0.2755905511811024
168	0.3197674418604651
169	0.2471830985915493
170	0.3783783783783784
171	0.336734693877551
172	0.2921129503407984
173	0.2737940026075619
174	0.29296875
175	0.3273381294964029
176	0.2332155477031802
177	0.32119914346895073
178	0.35294117647058826
179	0.36585365853658536
180	0.3197674418604651
181	0.4
182	0.31336405529953915
183	0.3535353535353536
184	0.2966101694915254
185	0.2641509433962264
186	0.3846153846153846
187	0.3141683778234086
188	0.3482142857142857
189	0.3716216216216216
190	0.3161397670549085
191	0.2631578947368421
192	0.2766990291262136
193	0.21382751247327156
194	0.319672131147541
195	0.21652563464410154
196	0.3842364532019704
197	0.29411764705882354
198	0.3056179775280899
199	0.35714285714285715
200	0.3333333333333333
201	0.3459119496855346
202	0.27919708029197077
203	0.3373493975903614
204	0.2542372881355932
205	0.2977667493796526
206	0.3142857142857143
207	0.30259365994236315
208	0.25233064014916096
209	0.3142857142857143
210	0.3023255813953489
211	0.3204225352112676
212	0.2837573385518591
213	0.3716216216216216
214	0.3428571428571428
215	0.3733333333333333
216	0.2947368421052632
217	0.24329159212880141
218	0.37499999999999994
219	0.308300395256917
220	0.3017241379310345
221	0.3486590038314176
222	0.3284671532846716
223	0.3269230769230769
224	0.2993421052631579
225	0.29545454545454547
226	0.2383177570093458
227	0.33962264150943394
228	0.37499999999999994
229	0.2962962962962963
230	0.2943396226415094
231	0.3079416531604538
232	0.30115830115830117
233	0.2492610837438424
234	0.5
235	0.37499999999999994
236	0.3
237	0.3487179487179487
238	0.310580204778157
239	0.30319148936170215
240	0.34977578475336324
241	0.3459119496855346
242	0.3277310924369748
243	0.33620689655172414
244	0.4442307692307692
245	0.3783783783783784
246	0.29423076923076924
247	0.27419354838709675
248	0.22284836065573774
249	0.25263157894736843
250	0.2795031055900621
251	0.29411764705882354
252	0.35
253	0.3046875
254	0.2852852852852853
255	0.36666666666666664
256	0.28782707622298065
257	0.39473684210526316
258	0.371900826446281
259	0.29268292682926833
260	0.28273809523809523
261	0.35947712418300654
262	0.28532608695652173
263	0.3486590038314176
264	0.3835616438356164
265	0.3148148148148148
266	0.33536585365853655
267	0.2818991097922849
268	0.31608133086876156
269	0.34615384615384615
270	0.34951456310679613
271	0.3333333333333333
272	0.3333333333333333
273	0.3564356435643565
274	0.24315789473684207
275	0.3333333333333333
276	0.28106508875739644
277	0.26635514018691586
278	0.37113402061855666
279	0.2787307032590051
280	0.3237410071942446
281	0.23940561364887178
282	0.2468354430379747
283	0.3181818181818182
284	0.2956521739130435
285	0.3285024154589372
286	0.3629032258064516
287	0.26666666666666666
288	0.27615062761506276
289	0.2989010989010989
290	0.35714285714285715
291	0.31433823529411764
292	0.31578947368421056
293	0.3316582914572864
294	0.3111111111111111
295	0.3644859813084112
296	0.26666666666666666
297	0.3253588516746411
298	0.31437125748503
299	0.34375
300	0.40384615384615385
301	0.35294117647058826
302	0.29545454545454547
303	0.28846153846153844
304	0.3185840707964602
305	0.33197056418642684
306	0.3263598326359832
307	0.3333333333333333
308	0.3387096774193548
309	0.2736842105263158
310	0.3121748178980229
311	0.2746478873239437
312	0.37499999999999994
313	0.3305084745762712
314	0.3333333333333333
315	0.38181818181818183
316	0.3063973063973064
317	0.31701631701631705
318	0.35271317829457366
319	0.21339314322332587
320	0.358974358974359
321	0.3333333333333333
322	0.32727272727272727
323	0.30201342281879195
324	0.3733333333333333
325	0.2833583208395802
326	0.4166666666666667
327	0.35031847133757965
328	0.251487290427258
329	0.38888888888888895
330	0.3620689655172414
331	0.4117647058823529
332	0.2684563758389262
333	0.31451612903225806
334	0.325531914893617
335	0.3544303797468355
336	0.39473684210526316
337	0.3333333333333333
338	0.3214285714285714
339	0.34951456310679613
340	0.33211678832116787
341	0.3416149068322981
342	0.36
343	0.31288343558282206
344	0.29329608938547486
345	0.2161874334398296
346	0.3564356435643565
347	0.3564356435643565
348	0.3786407766990291
349	0.4166666666666667
350	0.3481012658227848
351	0.31088082901554404
352	0.36734693877551017
353	0.3642384105960265
354	0.3255813953488372
355	0.3728813559322034
356	0.27341294783155246
357	0.39473684210526316
358	0.358695652173913
359	0.3153153153153153
360	0.36734693877551017
361	0.308300395256917
362	0.3293413173652695
363	0.3284671532846716
364	0.32307692307692304
365	0.3
366	0.3115727002967359
367	0.3107569721115538
368	0.30434782608695654
369	0.32941176470588235
370	0.328125
371	0.32499999999999996
372	0.29891304347826086
373	0.3442622950819672
374	0.3733333333333333
375	0.3284671532846716
376	0.3428571428571428
377	0.32971014492753625
378	0.3191489361702128
379	0.4
380	0.3111111111111111
381	0.3459119496855346
382	0.2545271629778672
383	0.358974358974359
384	0.3160919540229885
385	0.3137931034482759
386	0.3519061583577712
387	0.3488372093023256
388	0.36585365853658536
389	0.3402061855670103
390	0.3056179775280899
391	0.30708661417322836
392	0.28888888888888886
393	0.36585365853658536
394	0.31304347826086953
395	0.28416779431664413
396	0.3387096774193548
397	0.30350194552529186
398	0.38888888888888895
399	0.3829787234042553
400	0.35593220338983056
401	0.5
402	0.2756183745583039
403	0.3567567567567568
404	0.3277310924369748
405	0.3125
406	0.28112449799196787
407	0.3409090909090909
408	0.3197674418604651
409	0.28125
410	0.296943231441048
411	0.3214285714285714
412	0.3140877598152425
413	0.3027522935779816
414	0.4
415	0.3416149068322981
416	0.2765957446808511
417	0.3025210084033614
418	0.32697547683923706
419	0.3202247191011236
420	0.3414634146341463
421	0.27586206896551724
422	0.44680851063829785
423	0.31331592689295035
424	0.2830188679245283
425	0.37499999999999994
426	0.31578947368421056
427	0.40384615384615385
428	0.3620689655172414
429	0.3835616438356164
430	0.3076923076923077
431	0.35714285714285715
432	0.358974358974359
433	0.29032258064516125
434	0.3813559322033898
435	0.3783783783783784
436	0.2878228782287823
437	0.23759791122715404
438	0.28688524590163933
439	0.30523255813953487
440	0.3835616438356164
441	0.3333333333333333
442	0.37037037037037035
443	0.37499999999999994
444	0.3214285714285714
445	0.3428571428571428
446	0.33582089552238803
447	0.37037037037037035
448	0.27175843694493784
449	0.38709677419354843
450	0.3846153846153846
451	0.3488372093023256
452	0.3688524590163934
453	0.27589967284623773
454	0.27925531914893614
455	0.2688927943760984
456	0.3644859813084112
457	0.42
458	0.3076923076923077
459	0.34375
460	0.4285714285714286
461	0.3846153846153846
462	0.38181818181818183
463	0.3125
464	0.3364485981308411
465	0.32
466	0.3384615384615385
467	0.38709677419354843
468	0.30115830115830117
469	0.3846153846153846
470	0.3305084745762712
471	0.38888888888888895
472	0.3237410071942446
473	0.45569620253164556
474	0.3214285714285714
475	0.291044776119403
476	0.3684210526315789
477	0.3428571428571428
478	0.3271028037383178
479	0.3237410071942446
480	0.33476394849785407
481	0.3488372093023256
482	0.38888888888888895
483	0.2834736036725325
484	0.319672131147541
485	0.35593220338983056
486	0.26351351351351354
487	0.37499999999999994
488	0.2932330827067669
489	0.3414634146341463
490	0.32608695652173914
491	0.36734693877551017
492	0.4285714285714286
493	0.3252032520325203
494	0.39473684210526316
495	0.3428571428571428
496	0.37499999999999994
497	0.3050847457627119
498	0.3459119496855346
499	0.35593220338983056
500	0.3181818181818182
501	0.28651685393258425
502	0.3011811023622047
503	0.296875
504	0.4285714285714286
505	0.4117647058823529
506	0.28888888888888886
507	0.32727272727272727
508	0.4166666666666667
509	0.32941176470588235
510	0.3103448275862069
511	0.3879310344827587
512	0.3197674418604651
513	0.36734693877551017
514	0.31437125748503
515	0.3373493975903614
516	0.36363636363636365
517	0.37894736842105264
518	0.4285714285714286
519	0.4117647058823529
520	0.34554973821989526
521	0.2733485193621868
522	0.38602941176470595
523	0.3414634146341463
524	0.31578947368421056
525	0.3409090909090909
526	0.4285714285714286
527	0.37499999999999994
528	0.2846715328467153
529	0.29260450160771706
530	0.4347826086956522
531	0.358974358974359
532	0.3373493975903614
533	0.35294117647058826
534	0.4
535	0.4
536	0.3185840707964602
537	0.3515625
538	0.32727272727272727
539	0.33579335793357934
540	0.28085106382978725
541	0.4
542	0.35294117647058826
543	0.3383458646616541
544	0.37714285714285717
545	0.35
546	0.3813559322033898
547	0.2774122807017544
548	0.3733333333333333
549	0.39473684210526316
550	0.3642384105960265
551	0.29059829059829057
552	0.3185840707964602
553	0.24000000000000005
554	0.3191489361702128
555	0.34383954154727797
556	0.3716216216216216
557	0.4054054054054054
558	0.4054054054054054
559	0.3251231527093596
560	0.2803738317757009
561	0.38181818181818183
562	0.36666666666666664
563	0.33962264150943394
564	0.32941176470588235
565	0.3140877598152425
566	0.38181818181818183
567	0.3373493975903614
568	0.5
569	0.4347826086956522
570	0.3088235294117647
571	0.27322404371584696
572	0.2832618025751073
573	0.34351145038167935
574	0.3333333333333333
575	0.4054054054054054
576	0.3107344632768361
577	0.5
578	0.38181818181818183
579	0.23655913978494628
580	0.3733333333333333
581	0.45454545454545453
582	0.3846153846153846
583	0.38709677419354843
584	0.4117647058823529
585	0.38181818181818183
586	0.37499999999999994
587	0.4
588	0.345679012345679
589	0.32365145228215764
590	0.3333333333333333
591	0.37499999999999994
592	0.46153846153846145
593	0.4285714285714286
594	0.3333333333333333
595	0.3214285714285714
596	0.35433070866141736
597	0.2763157894736842
598	0.4347826086956522
599	0.37499999999999994
600	0.3
601	0.27848101265822783
602	0.4285714285714286
603	0.32365145228215764
604	0.3783783783783784
605	0.358974358974359
606	0.45454545454545453
607	0.3442622950819672
608	0.4590163934426229
609	0.3813559322033898
610	0.3005464480874317
611	0.37499999999999994
612	0.3333333333333333
613	0.42
614	0.3387096774193548
615	0.4
616	0.35546875000000006
617	0.4166666666666667
618	0.32499999999999996
619	0.3185840707964602
620	0.371900826446281
621	0.3846153846153846
622	0.32146389713155293
623	0.26666666666666666
624	0.39473684210526316
625	0.37499999999999994
626	0.24793388429752067
627	0.2916666666666667
628	0.4074074074074074
629	0.3025210084033614
630	0.2588235294117647
631	0.38181818181818183
632	0.3076923076923077
633	0.35714285714285715
634	0.4285714285714286
635	0.34951456310679613
636	0.37499999999999994
637	0.36734693877551017
638	0.3488372093023256
639	0.3116438356164383
640	0.3191489361702128
641	0.4166666666666667
642	0.44680851063829785
643	0.29605263157894735
644	0.39473684210526316
645	0.30434782608695654
646	0.4054054054054054
647	0.328125
648	0.3691275167785235
649	0.3488372093023256
650	0.3626373626373626
651	0.3103448275862069
652	0.38888888888888895
653	0.4166666666666667
654	0.3442622950819672
655	0.36585365853658536
656	0.37499999999999994
657	0.3409090909090909
658	0.3846153846153846
659	0.3111111111111111
660	0.3488372093023256
661	0.3181818181818182
662	0.4285714285714286
663	0.4444444444444444
664	0.39473684210526316
665	0.3251231527093596
666	0.3846153846153846
667	0.3687150837988827
668	0.35714285714285715
669	0.35593220338983056
670	0.5
671	0.39473684210526316
672	0.3442622950819672
673	0.28888888888888886
674	0.17399267399267399
675	0.336734693877551
676	0.3197674418604651
677	0.3055555555555555
678	0.4285714285714286
679	0.3684210526315789
680	0.36585365853658536
681	0.36734693877551017
682	0.3027522935779816
683	0.32307692307692304
684	0.3179190751445087
685	0.38181818181818183
686	0.37499999999999994
687	0.3409090909090909
688	0.38888888888888895
689	0.337037037037037
690	0.3364485981308411
691	0.3113207547169812
692	0.3943661971830986
693	0.3333333333333333
694	0.23731728288907994
695	0.4285714285714286
696	0.3846153846153846
697	0.4
698	0.32911392405063294
699	0.4285714285714286
700	0.3273809523809524
701	0.4117647058823529
702	0.26865671641791045
703	0.4166666666666667
704	0.35714285714285715
705	0.36585365853658536
706	0.3515625
707	0.3333333333333333
708	0.45161290322580644
709	0.5
710	0.2773109243697479
711	0.5
712	0.3076923076923077
713	0.30726256983240224
714	0.29891304347826086
715	0.39622641509433965
716	0.4166666666666667
717	0.37037037037037035
718	0.4347826086956522
719	0.3618421052631579
720	0.2916666666666667
721	0.3620689655172414
722	0.4
723	0.3185840707964602
724	0.29508196721311475
725	0.39473684210526316
726	0.3214285714285714
727	0.37894736842105264
728	0.2935483870967742
729	0.328125
730	0.28205128205128205
731	0.4411764705882353
732	0.30303030303030304
733	0.31884057971014496
734	0.4166666666666667
735	0.3846153846153846
736	0.4285714285714286
737	0.36
738	0.3
739	0.39473684210526316
740	0.3846153846153846
741	0.2830188679245283
742	0.45454545454545453
743	0.38181818181818183
744	0.37499999999999994
745	0.4337349397590362
746	0.328125
747	0.3488372093023256
748	0.3733333333333333
749	0.35714285714285715
750	0.358974358974359
751	0.35714285714285715
752	0.36585365853658536
753	0.5
754	0.3829787234042553
755	0.42
756	0.4166666666666667
757	0.3846153846153846
758	0.39473684210526316
759	0.35593220338983056
760	0.5
761	0.304147465437788
762	0.5
763	0.35
764	0.45454545454545453
765	0.4
766	0.4054054054054054
767	0.328125
768	0.4365079365079365
769	0.32307692307692304
770	0.3846153846153846
771	0.5
772	0.3238434163701068
773	0.3846153846153846
774	0.4347826086956522
775	0.35
776	0.4
777	0.4285714285714286
778	0.35714285714285715
779	0.3835616438356164
780	0.5
781	0.4117647058823529
782	0.3846153846153846
783	0.4054054054054054
784	0.4285714285714286
785	0.3846153846153846
786	0.2710843373493976
787	0.4285714285714286
788	0.36585365853658536
789	0.3846153846153846
790	0.4
791	0.4117647058823529
792	0.37499999999999994
793	0.4166666666666667
794	0.3243243243243243
795	0.4
796	0.4166666666666667
797	0.3846153846153846
798	0.4285714285714286
799	0.32727272727272727
800	0.32941176470588235
801	0.3103448275862069
802	0.345679012345679
803	0.4347826086956522
804	0.40909090909090906
805	0.3179190751445087
806	0.328125
807	0.34351145038167935
808	0.37499999999999994
809	0.38181818181818183
810	0.3846153846153846
811	0.37894736842105264
812	0.36734693877551017
813	0.358695652173913
814	0.4411764705882353
815	0.36585365853658536
816	0.3409090909090909
817	0.4347826086956522
818	0.4411764705882353
819	0.35714285714285715
820	0.5
821	0.36363636363636365
822	0.312
823	0.3691275167785235
824	0.3181818181818182
825	0.3684210526315789
826	0.31304347826086953
827	0.4117647058823529
828	0.4
829	0.4285714285714286
830	0.35593220338983056
831	0.4347826086956522
832	0.36
833	0.3214285714285714
834	0.5
835	0.4
836	0.4
837	0.33088235294117646
838	0.4166666666666667
839	0.3387096774193548
840	0.39473684210526316
841	0.33582089552238803
842	0.3488372093023256
843	0.3218390804597701
844	0.3783783783783784
845	0.345679012345679
846	0.5
847	0.3146853146853147
848	0.3179190751445087
849	0.3488372093023256
850	0.33582089552238803
851	0.40909090909090906
852	0.5
853	0.30288909599254427
854	0.37894736842105264
855	0.4166666666666667
856	0.3684210526315789
857	0.37499999999999994
858	0.4
859	0.37499999999999994
860	0.32941176470588235
861	0.35433070866141736
862	0.35
863	0.4
864	0.40579710144927533
865	0.35
866	0.3226950354609929
867	0.31304347826086953
868	0.37499999999999994
869	0.4166666666666667
870	0.37499999999999994
871	0.32608695652173914
872	0.3283582089552239
873	0.3255813953488372
874	0.3197674418604651
875	0.33994334277620397
876	0.4166666666666667
877	0.36
878	0.4166666666666667
879	0.29605263157894735
880	0.4285714285714286
881	0.39473684210526316
882	0.36363636363636365
883	0.4166666666666667
884	0.4347826086956522
885	0.3846153846153846
886	0.35
887	0.3409090909090909
888	0.35714285714285715
889	0.5
890	0.3382899628252788
891	0.3620689655172414
892	0.38709677419354843
893	0.4166666666666667
894	0.2916666666666667
895	0.3835616438356164
896	0.3835616438356164
897	0.417910447761194
898	0.4166666666666667
899	0.4166666666666667
900	0.5
901	0.5
902	0.391304347826087
903	0.38709677419354843
904	0.4375
905	0.38888888888888895
906	0.36
907	0.5
908	0.5
909	0.37499999999999994
910	0.3333333333333333
911	0.4166666666666667
912	0.35294117647058826
913	0.2746730083234245
914	0.46875
915	0.3409090909090909
916	0.37078651685393255
917	0.5
918	0.34951456310679613
919	0.38888888888888895
920	0.3197674418604651
921	0.3846153846153846
922	0.46153846153846145
923	0.3333333333333333
924	0.32608695652173914
925	0.35593220338983056
926	0.35294117647058826
927	0.3387096774193548
928	0.3684210526315789
929	0.5
930	0.45454545454545453
931	0.4411764705882353
932	0.4
933	0.4117647058823529
934	0.2923076923076923
935	0.34615384615384615
936	0.3829787234042553
937	0.5
938	0.39473684210526316
939	0.35593220338983056
940	0.34351145038167935
941	0.3846153846153846
942	0.31578947368421056
943	0.38888888888888895
944	0.40384615384615385
945	0.3733333333333333
946	0.4
947	0.45454545454545453
948	0.35593220338983056
949	0.32673267326732675
950	0.5
951	0.5
952	0.3846153846153846
953	0.4
954	0.45161290322580644
955	0.3218390804597701
956	0.5
957	0.36734693877551017
958	0.3364485981308411
959	0.4117647058823529
960	0.3409090909090909
961	0.5
962	0.35
963	0.5
964	0.3442622950819672
965	0.4166666666666667
966	0.4285714285714286
967	0.3835616438356164
968	0.38888888888888895
969	0.3688524590163934
970	0.32727272727272727
971	0.36363636363636365
972	0.3846153846153846
973	0.5
974	0.3733333333333333
975	0.4285714285714286
976	0.37499999999999994
977	0.36363636363636365
978	0.34615384615384615
979	0.5
980	0.4166666666666667
981	0.3160919540229885
982	0.4285714285714286
983	0.5
984	0.45454545454545453
985	0.4285714285714286
986	0.3846153846153846
987	0.4
988	0.4166666666666667
989	0.345679012345679
990	0.37113402061855666
991	0.3414634146341463
992	0.3846153846153846
993	0.35031847133757965
994	0.3451327433628319
995	0.32727272727272727
996	0.30612244897959184
997	0.4166666666666667
998	0.2894736842105263
999	0.35
1000	0.5
1001	0.37499999999999994
1002	0.5
1003	0.4166666666666667
1004	0.45454545454545453
1005	0.5
1006	0.5
1007	0.37499999999999994
1008	0.4166666666666667
1009	0.3846153846153846
1010	0.3316582914572864
1011	0.4411764705882353
1012	0.5
1013	0.37037037037037035
1014	0.3333333333333333
1015	0.45454545454545453
1016	0.28346456692913385
1017	0.35
1018	0.4166666666666667
1019	0.4347826086956522
1020	0.5
1021	0.4285714285714286
1022	0.37499999999999994
1023	0.39473684210526316
1024	0.4285714285714286
1025	0.3111111111111111
1026	0.45454545454545453
1027	0.34615384615384615
1028	0.37499999999999994
1029	0.39622641509433965
1030	0.4054054054054054
1031	0.35714285714285715
1032	0.35593220338983056
1033	0.358974358974359
1034	0.4375
1035	0.4285714285714286
1036	0.5
1037	0.5
1038	0.4285714285714286
1039	0.4
1040	0.4166666666666667
1041	0.3544303797468355
1042	0.3488372093023256
1043	0.4285714285714286
1044	0.5
1045	0.2689655172413793
1046	0.5
1047	0.4054054054054054
1048	0.33582089552238803
1049	0.32307692307692304
1050	0.4411764705882353
1051	0.5
1052	0.4117647058823529
1053	0.2736318407960199
1054	0.5
1055	0.45454545454545453
1056	0.40384615384615385
1057	0.4166666666666667
1058	0.5
1059	0.3421052631578947
1060	0.5
1061	0.40384615384615385
1062	0.4166666666666667
1063	0.44680851063829785
1064	0.4285714285714286
1065	0.3409090909090909
1066	0.4285714285714286
1067	0.40579710144927533
1068	0.4117647058823529
1069	0.4
1070	0.37499999999999994
1071	0.4054054054054054
1072	0.5
1073	0.5
1074	0.5
1075	0.3442622950819672
1076	0.4
1077	0.46153846153846145
1078	0.2978723404255319
1079	0.5
1080	0.44680851063829785
1081	0.4375
1082	0.45454545454545453
1083	0.35031847133757965
1084	0.32608695652173914
1085	0.4285714285714286
1086	0.37499999999999994
1087	0.4285714285714286
1088	0.45652173913043476
1089	0.38181818181818183
1090	0.4166666666666667
1091	0.38181818181818183
1092	0.4285714285714286
1093	0.35593220338983056
1094	0.3409090909090909
1095	0.39473684210526316
1096	0.38181818181818183
1097	0.5
1098	0.4285714285714286
1099	0.358974358974359
1100	0.4
1101	0.345679012345679
1102	0.3197674418604651
1103	0.3414634146341463
1104	0.3733333333333333
1105	0.38888888888888895
1106	0.2716049382716049
1107	0.4375
1108	0.3214285714285714
1109	0.4347826086956522
1110	0.38181818181818183
1111	0.4375
1112	0.4
1113	0.3733333333333333
1114	0.38181818181818183
1115	0.5
1116	0.4285714285714286
1117	0.4347826086956522
1118	0.4
1119	0.30115830115830117
1120	0.3459119496855346
1121	0.35294117647058826
1122	0.3251231527093596
1123	0.36363636363636365
1124	0.5
1125	0.4285714285714286
1126	0.4054054054054054
1127	0.4347826086956522
1128	0.4166666666666667
1129	0.37499999999999994
1130	0.39473684210526316
1131	0.4054054054054054
1132	0.328125
1133	0.3846153846153846
1134	0.3409090909090909
1135	0.4166666666666667
1136	0.3629032258064516
1137	0.4166666666666667
1138	0.5
1139	0.5
1140	0.5
1141	0.3179190751445087
1142	0.46875
1143	0.4285714285714286
1144	0.5
1145	0.39473684210526316
1146	0.4
1147	0.3846153846153846
1148	0.3846153846153846
1149	0.45454545454545453
1150	0.4285714285714286
1151	0.358974358974359
1152	0.4285714285714286
1153	0.5
1154	0.5
1155	0.3302752293577982
1156	0.37499999999999994
1157	0.5
1158	0.3191489361702128
1159	0.38888888888888895
1160	0.4166666666666667
1161	0.4285714285714286
1162	0.328125
1163	0.5
1164	0.4
1165	0.3846153846153846
1166	0.4285714285714286
1167	0.4411764705882353
1168	0.3846153846153846
1169	0.4166666666666667
1170	0.4285714285714286
1171	0.32608695652173914
1172	0.3134328358208955
1173	0.5
1174	0.5
1175	0.46153846153846145
1176	0.5
1177	0.4166666666666667
1178	0.5
1179	0.5
1180	0.3488372093023256
1181	0.35714285714285715
1182	0.4054054054054054
1183	0.4347826086956522
1184	0.3629032258064516
1185	0.32098765432098764
1186	0.3620689655172414
1187	0.27530364372469635
1188	0.5
1189	0.42424242424242425
1190	0.3620689655172414
1191	0.5
1192	0.39473684210526316
1193	0.33962264150943394
1194	0.5
1195	0.45454545454545453
1196	0.37815126050420167
1197	0.4166666666666667
1198	0.3409090909090909
1199	0.4411764705882353
1200	0.5
1201	0.4166666666666667
1202	0.44680851063829785
1203	0.5
1204	0.4347826086956522
1205	0.37499999999999994
1206	0.45454545454545453
1207	0.3218390804597701
1208	0.5
1209	0.4
1210	0.3284671532846716
1211	0.4285714285714286
1212	0.4166666666666667
1213	0.5
1214	0.5
1215	0.337037037037037
1216	0.4
1217	0.3255813953488372
1218	0.40384615384615385
1219	0.33088235294117646
1220	0.4166666666666667
1221	0.5
1222	0.4285714285714286
1223	0.37499999999999994
1224	0.5
1225	0.5
1226	0.5
1227	0.42424242424242425
1228	0.5
1229	0.4
1230	0.5
1231	0.5
1232	0.33582089552238803
1233	0.35031847133757965
1234	0.5
1235	0.36734693877551017
1236	0.5
1237	0.5
1238	0.5
1239	0.3620689655172414
1240	0.4
1241	0.35593220338983056
1242	0.4411764705882353
1243	0.4347826086956522
1244	0.35714285714285715
1245	0.4411764705882353
1246	0.35714285714285715
1247	0.5
1248	0.35714285714285715
1249	0.42
1250	0.5
1251	0.5
1252	0.35294117647058826
1253	0.37499999999999994
1254	0.5
1255	0.4347826086956522
1256	0.4411764705882353
1257	0.46153846153846145
1258	0.4
1259	0.40384615384615385
1260	0.4166666666666667
1261	0.35593220338983056
1262	0.3620689655172414
1263	0.35714285714285715
1264	0.3373493975903614
1265	0.4054054054054054
1266	0.4044943820224719
1267	0.4
1268	0.5
1269	0.40909090909090906
1270	0.42424242424242425
1271	0.3409090909090909
1272	0.35593220338983056
1273	0.4166666666666667
1274	0.4166666666666667
1275	0.5
1276	0.2956989247311828
1277	0.358974358974359
1278	0.4
1279	0.37815126050420167
1280	0.4
1281	0.37037037037037035
1282	0.5
1283	0.3333333333333333
1284	0.4166666666666667
1285	0.5
1286	0.5
1287	0.38888888888888895
1288	0.5
1289	0.2947368421052632
1290	0.4285714285714286
1291	0.38888888888888895
1292	0.4347826086956522
1293	0.35616438356164387
1294	0.4411764705882353
1295	0.5
1296	0.4285714285714286
1297	0.5
1298	0.5
1299	0.4
1300	0.5
1301	0.42
1302	0.4166666666666667
1303	0.4285714285714286
1304	0.5
1305	0.5
1306	0.5
1307	0.3488372093023256
1308	0.42
1309	0.5
1310	0.5
1311	0.5
1312	0.4
1313	0.4285714285714286
1314	0.5
1315	0.5
1316	0.37499999999999994
1317	0.3333333333333333
1318	0.3620689655172414
1319	0.5
1320	0.3373493975903614
1321	0.4285714285714286
1322	0.5
1323	0.4285714285714286
1324	0.4
1325	0.4285714285714286
1326	0.4285714285714286
1327	0.5
1328	0.4
1329	0.46153846153846145
1330	0.4285714285714286
1331	0.4
1332	0.4
1333	0.35714285714285715
1334	0.3846153846153846
1335	0.37499999999999994
1336	0.5
1337	0.4285714285714286
1338	0.4347826086956522
1339	0.4
1340	0.5
1341	0.4285714285714286
1342	0.3846153846153846
1343	0.3113207547169812
1344	0.4285714285714286
1345	0.38181818181818183
1346	0.5
1347	0.3365384615384615
1348	0.3050847457627119
1349	0.5
1350	0.38888888888888895
1351	0.4166666666666667
1352	0.46153846153846145
1353	0.5
1354	0.3846153846153846
1355	0.4285714285714286
1356	0.5
1357	0.4285714285714286
1358	0.4347826086956522
1359	0.37499999999999994
1360	0.4
1361	0.4347826086956522
1362	0.46153846153846145
1363	0.47619047619047616
1364	0.5
1365	0.38181818181818183
1366	0.5
1367	0.4285714285714286
1368	0.42
1369	0.4347826086956522
1370	0.3402061855670103
1371	0.4285714285714286
1372	0.37499999999999994
1373	0.4166666666666667
1374	0.4285714285714286
1375	0.3846153846153846
1376	0.37499999999999994
1377	0.5
1378	0.5
1379	0.5
1380	0.5
1381	0.4
1382	0.4347826086956522
1383	0.3333333333333333
1384	0.4347826086956522
1385	0.37499999999999994
1386	0.3185840707964602
1387	0.5
1388	0.4347826086956522
1389	0.5
1390	0.4347826086956522
1391	0.4
1392	0.4347826086956522
1393	0.4166666666666667
1394	0.3846153846153846
1395	0.35714285714285715
1396	0.4347826086956522
1397	0.45454545454545453
1398	0.4
1399	0.4
1400	0.3515625
1401	0.45454545454545453
1402	0.35714285714285715
1403	0.4
1404	0.5
1405	0.5
1406	0.4285714285714286
1407	0.4
1408	0.4285714285714286
1409	0.4285714285714286
1410	0.4166666666666667
1411	0.5
1412	0.5
1413	0.4285714285714286
1414	0.4285714285714286
1415	0.5
1416	0.4
1417	0.3
1418	0.5
1419	0.3414634146341463
1420	0.4
1421	0.34615384615384615
1422	0.4347826086956522
1423	0.4166666666666667
1424	0.3846153846153846
1425	0.3284671532846716
1426	0.5
1427	0.4285714285714286
1428	0.3846153846153846
1429	0.36585365853658536
1430	0.5
1431	0.4285714285714286
1432	0.5
1433	0.4
1434	0.4347826086956522
1435	0.4347826086956522
1436	0.4166666666666667
1437	0.4347826086956522
1438	0.4285714285714286
1439	0.5
1440	0.5
1441	0.4166666666666667
1442	0.37499999999999994
1443	0.5
1444	0.37499999999999994
1445	0.4285714285714286
1446	0.4285714285714286
1447	0.5
1448	0.4166666666666667
1449	0.3442622950819672
1450	0.37499999999999994
1451	0.4347826086956522
1452	0.4347826086956522
1453	0.5
1454	0.35714285714285715
1455	0.4347826086956522
1456	0.5
1457	0.45454545454545453
1458	0.4285714285714286
1459	0.4166666666666667
1460	0.4166666666666667
1461	0.4285714285714286
1462	0.5
1463	0.5
1464	0.4285714285714286
1465	0.5
1466	0.36363636363636365
1467	0.4
1468	0.4166666666666667
1469	0.4166666666666667
1470	0.4347826086956522
1471	0.45454545454545453
1472	0.35714285714285715
1473	0.5
1474	0.4166666666666667
1475	0.4285714285714286
1476	0.5
1477	0.4285714285714286
1478	0.4166666666666667
1479	0.4166666666666667
1480	0.4
1481	0.5
1482	0.4347826086956522
1483	0.35714285714285715
1484	0.4347826086956522
1485	0.4054054054054054
1486	0.3409090909090909
1487	0.4285714285714286
1488	0.4285714285714286
1489	0.5
1490	0.4285714285714286
1491	0.5
1492	0.37499999999999994
1493	0.5
1494	0.5
1495	0.4285714285714286
1496	0.4347826086956522
1497	0.5
1498	0.3442622950819672
1499	0.5
1500	0.36585365853658536
1501	0.4285714285714286
1502	0.4285714285714286
1503	0.4347826086956522
1504	0.5
1505	0.5
1506	0.5
1507	0.5
1508	0.5
1509	0.5
1510	0.4285714285714286
1511	0.4166666666666667
1512	0.4
1513	0.4347826086956522
1514	0.4285714285714286
1515	0.46153846153846145
1516	0.5
1517	0.46153846153846145
1518	0.5
1519	0.4285714285714286
1520	0.5
1521	0.5
1522	0.5
1523	0.35714285714285715
1524	0.5
1525	0.5
1526	0.5
1527	0.3107569721115538
1528	0.46153846153846145
1529	0.35714285714285715
1530	0.46153846153846145
1531	0.37499999999999994
1532	0.4285714285714286
1533	0.4166666666666667
1534	0.5
1535	0.3027522935779816
1536	0.5
1537	0.5
1538	0.4054054054054054
1539	0.4285714285714286
1540	0.4285714285714286
1541	0.5
1542	0.5
1543	0.5
1544	0.38888888888888895
1545	0.4166666666666667
1546	0.4285714285714286
1547	0.4
1548	0.5
1549	0.4285714285714286
1550	0.4285714285714286
1551	0.4
1552	0.4285714285714286
1553	0.4
1554	0.5
1555	0.5
1556	0.5
1557	0.4285714285714286
1558	0.5
1559	0.3846153846153846
1560	0.5
1561	0.5
1562	0.5
1563	0.5
1564	0.4285714285714286
1565	0.46153846153846145
1566	0.5
1567	0.5
1568	0.5
1569	0.4285714285714286
1570	0.4
1571	0.3846153846153846
1572	0.5
1573	0.4
1574	0.5
1575	0.5
1576	0.5
1577	0.5
1578	0.4285714285714286
1579	0.5
1580	0.4285714285714286
1581	0.5
1582	0.4285714285714286
1583	0.4285714285714286
1584	0.4285714285714286
1585	0.4166666666666667
1586	0.4285714285714286
1587	0.4285714285714286
1588	0.4285714285714286
1589	0.4285714285714286
1590	0.4285714285714286
1591	0.4285714285714286
1592	0.4285714285714286
1593	0.5
1594	0.5
1595	0.4285714285714286
1596	0.5
1597	0.5
1598	0.5
1599	0.5
1600	0.35714285714285715
1601	0.5
1602	0.5
1603	0.5
1604	0.5
1605	0.4285714285714286
1606	0.4285714285714286
1607	0.4
1608	0.4285714285714286
1609	0.5
1610	0.4285714285714286
1611	0.5
1612	0.4285714285714286
1613	0.5
1614	0.5
1615	0.4285714285714286
1616	0.46153846153846145
1617	0.5
1618	0.4054054054054054
1619	0.37499999999999994
1620	0.4285714285714286
1621	0.4285714285714286
1622	0.5
1623	0.4347826086956522
1624	0.2916666666666667
1625	0.5
1626	0.4285714285714286
1627	0.2925531914893617
1628	0.4285714285714286
1629	0.5
1630	0.5
1631	0.5
1632	0.5
1633	0.4285714285714286
1634	0.5
1635	0.4285714285714286
1636	0.5
1637	0.5
1638	0.5
1639	0.5
1640	0.4
1641	0.5
1642	0.4
1643	0.4285714285714286
1644	0.5
1645	0.5
1646	0.4285714285714286
1647	0.46153846153846145
1648	0.5
1649	0.4
1650	0.4285714285714286
1651	0.4285714285714286
1652	0.5
1653	0.37037037037037035
1654	0.5
1655	0.5
1656	0.4
1657	0.5
1658	0.5
1659	0.46153846153846145
1660	0.5
1661	0.5
1662	0.4285714285714286
1663	0.5
1664	0.5
1665	0.5
1666	0.5
1667	0.4
1668	0.4285714285714286
1669	0.5
1670	0.5
1671	0.5
1672	0.3409090909090909
1673	0.4285714285714286
1674	0.5
1675	0.4285714285714286
1676	0.5
1677	0.5
1678	0.4
1679	0.5
1680	0.5
1681	0.4166666666666667
1682	0.5
1683	0.5
1684	0.4285714285714286
1685	0.4285714285714286
1686	0.5
1687	0.5
1688	0.4285714285714286
1689	0.4285714285714286
1690	0.5
1691	0.4
1692	0.5
1693	0.5
1694	0.4285714285714286
1695	0.5
1696	0.5
1697	0.5
1698	0.3783783783783784
1699	0.4285714285714286
1700	0.5
1701	0.37037037037037035
1702	0.4285714285714286
1703	0.4285714285714286
1704	0.5
1705	0.5
1706	0.4285714285714286
1707	0.5
1708	0.3076923076923077
1709	0.5
1710	0.5
1711	0.5
1712	0.5
1713	0.5
1714	0.5
1715	0.5
1716	0.46153846153846145
1717	0.5
1718	0.40384615384615385
1719	0.5
1720	0.46153846153846145
1721	0.3333333333333333
1722	0.5
1723	0.5
1724	0.46153846153846145
1725	0.4285714285714286
1726	0.5
1727	0.5
1728	0.4285714285714286
1729	0.5
1730	0.4285714285714286
1731	0.5
1732	0.4285714285714286
1733	0.4
1734	0.5
1735	0.4
1736	0.4
1737	0.4285714285714286
1738	0.4285714285714286
1739	0.3846153846153846
1740	0.5
1741	0.46153846153846145
1742	0.4285714285714286
1743	0.5
1744	0.4285714285714286
1745	0.4285714285714286
1746	0.4285714285714286
1747	0.5
1748	0.5
1749	0.4285714285714286
1750	0.4347826086956522
1751	0.4166666666666667
1752	0.4285714285714286
1753	0.3846153846153846
1754	0.5
1755	0.3414634146341463
1756	0.5
1757	0.5
1758	0.5
1759	0.5
1760	0.4285714285714286
1761	0.4285714285714286
1762	0.46153846153846145
1763	0.358974358974359
1764	0.4285714285714286
1765	0.5
1766	0.4285714285714286
1767	0.5
1768	0.4285714285714286
1769	0.4285714285714286
1770	0.4285714285714286
1771	0.3215547703180212
1772	0.4166666666666667
1773	0.5
1774	0.4285714285714286
1775	0.5
1776	0.4285714285714286
1777	0.4285714285714286
1778	0.3442622950819672
1779	0.5
1780	0.4285714285714286
1781	0.4285714285714286
1782	0.4285714285714286
1783	0.4285714285714286
1784	0.5
1785	0.5
1786	0.5
1787	0.358974358974359
1788	0.5
1789	0.5
1790	0.5
1791	0.5
1792	0.4285714285714286
1793	0.5
1794	0.4285714285714286
1795	0.3846153846153846
1796	0.5
1797	0.4285714285714286
1798	0.5
1799	0.4166666666666667
1800	0.5
1801	0.5
1802	0.4285714285714286
1803	0.5
1804	0.4285714285714286
1805	0.4285714285714286
1806	0.5
1807	0.5
1808	0.4285714285714286
1809	0.38888888888888895
1810	0.5
1811	0.5
1812	0.328125
1813	0.5
1814	0.5
1815	0.37037037037037035
1816	0.5
1817	0.4285714285714286
1818	0.5
1819	0.4285714285714286
1820	0.3333333333333333
1821	0.5
1822	0.5
1823	0.5
1824	0.5
1825	0.5
1826	0.5
1827	0.5
1828	0.5
1829	0.4285714285714286
1830	0.4285714285714286
1831	0.5
1832	0.4285714285714286
1833	0.5
1834	0.5
1835	0.4285714285714286
1836	0.5
1837	0.5
1838	0.5
1839	0.5
1840	0.5
1841	0.5
1842	0.5
1843	0.5
1844	0.5
1845	0.5
1846	0.5
1847	0.5
1848	0.5
1849	0.4285714285714286
1850	0.5
1851	0.4285714285714286
1852	0.5
1853	0.5
1854	0.4285714285714286
1855	0.5
1856	0.5
1857	0.5
1858	0.5
1859	0.4285714285714286
1860	0.5
1861	0.5
1862	0.5
1863	0.4285714285714286
1864	0.5
1865	0.4285714285714286
1866	0.5
1867	0.5
1868	0.5
1869	0.5
1870	0.5
1871	0.5
1872	0.4285714285714286
1873	0.5
1874	0.5
1875	0.4285714285714286
1876	0.5
1877	0.5
1878	0.5
1879	0.4285714285714286
1880	0.5
1881	0.4285714285714286
1882	0.5
1883	0.5
1884	0.5
1885	0.5
1886	0.5
1887	0.5
1888	0.5
1889	0.5
1890	0.5
1891	0.5
1892	0.5
1893	0.4285714285714286
1894	0.5
1895	0.5
1896	0.5
1897	0.5
1898	0.5
1899	0.5
1900	0.5
1901	0.5
1902	0.4285714285714286
1903	0.5
1904	0.5
1905	0.4285714285714286
1906	0.5
1907	0.5
1908	0.5
1909	0.5
1910	0.5
1911	0.5
1912	0.5
1913	0.4285714285714286
1914	0.4285714285714286
1915	0.5
1916	0.5
1917	0.5
1918	0.5
1919	0.5
1920	0.5
1921	0.5
1922	0.5
1923	0.4285714285714286
1924	0.5
1925	0.5
1926	0.5
1927	0.4285714285714286
1928	0.5
1929	0.5
1930	0.5
1931	0.4285714285714286
1932	0.5
1933	0.5
1934	0.5
1935	0.5
1936	0.5
1937	0.5
1938	0.5
1939	0.5
1940	0.5
1941	0.4285714285714286
1942	0.5
1943	0.5
1944	0.5
1945	0.4285714285714286
1946	0.5
1947	0.5
1948	0.5
1949	0.5
1950	0.5
1951	0.5
1952	0.4285714285714286
1953	0.5
1954	0.5
1955	0.5
1956	0.37499999999999994
1957	0.5
1958	0.5
1959	0.4285714285714286
1960	0.4285714285714286
1961	0.4285714285714286
1962	0.4285714285714286
1963	0.4285714285714286
1964	0.4285714285714286
1965	0.5
1966	0.4285714285714286
1967	0.5
1968	0.5
1969	0.4285714285714286
1970	0.5
1971	0.4285714285714286
1972	0.5
1973	0.5
1974	0.5
1975	0.5
1976	0.5
1977	0.4285714285714286
1978	0.5
1979	0.5
1980	0.5
1981	0.5
1982	0.5
1983	0.4285714285714286
1984	0.5
1985	0.5
1986	0.4285714285714286
1987	0.4285714285714286
1988	0.5
1989	0.5
1990	0.5
1991	0.5
1992	0.4285714285714286
1993	0.5
1994	0.4285714285714286
1995	0.4285714285714286
1996	0.4285714285714286
1997	0.5
1998	0.5
1999	0.37499999999999994
2000	0.4285714285714286
2001	0.4285714285714286
2002	0.5
2003	0.37499999999999994
2004	0.5
2005	0.5
2006	0.5
2007	0.5
2008	0.4285714285714286
2009	0.5
2010	0.5
2011	0.5
2012	0.4285714285714286
2013	0.5
2014	0.5
2015	0.37499999999999994
2016	0.5
2017	0.4285714285714286
2018	0.5
2019	0.5
2020	0.5
2021	0.5
2022	0.5
2023	0.5
2024	0.5
2025	0.5
2026	0.5
2027	0.5
2028	0.5
2029	0.5
2030	0.5
2031	0.4285714285714286
2032	0.5
2033	0.4285714285714286
2034	0.37499999999999994
2035	0.5
2036	0.5
2037	0.5
2038	0.5
2039	0.5
2040	0.5
2041	0.5
2042	0.5
2043	0.4285714285714286
2044	0.5
2045	0.5
2046	0.37499999999999994
2047	0.5
2048	0.5
2049	0.5
2050	0.4285714285714286
2051	0.5
2052	0.5
2053	0.5
2054	0.5
2055	0.5
2056	0.5
2057	0.5
2058	0.4285714285714286
2059	0.4285714285714286
2060	0.4285714285714286
2061	0.5
2062	0.5
2063	0.5
2064	0.5
2065	0.4285714285714286
2066	0.5
2067	0.5
2068	0.5
2069	0.4285714285714286
2070	0.5
2071	0.4285714285714286
2072	0.5
2073	0.5
2074	0.4285714285714286
2075	0.4285714285714286
2076	0.5
2077	0.5
2078	0.5
2079	0.5
2080	0.5
2081	0.5
2082	0.5
2083	0.5
2084	0.5
2085	0.5
2086	0.5
2087	0.5
2088	0.5
2089	0.5
2090	0.5
2091	0.5
2092	0.37499999999999994
2093	0.5
2094	0.5
2095	0.5
2096	0.5
2097	0.5
2098	0.5
2099	0.5
2100	0.4285714285714286
2101	0.5
2102	0.4285714285714286
2103	0.5
2104	0.5
2105	0.5
2106	0.5
2107	0.5
2108	0.5
2109	0.5
2110	0.4285714285714286
2111	0.5
2112	0.5
2113	0.5
2114	0.5
2115	0.5
2116	0.5
2117	0.5
2118	0.5
2119	0.5
2120	0.5
2121	0.5
2122	0.37499999999999994
2123	0.5
2124	0.5
2125	0.4285714285714286
2126	0.5
2127	0.5
2128	0.5
2129	0.5
2130	0.5
2131	0.5
2132	0.5
2133	0.5
2134	0.5
2135	0.4285714285714286
2136	0.5
2137	0.4285714285714286
2138	0.4285714285714286
2139	0.4285714285714286
2140	0.5
2141	0.4285714285714286
2142	0.5
2143	0.5
2144	0.5
2145	0.5
2146	0.5
2147	0.5
2148	0.5
2149	0.5
2150	0.4285714285714286
2151	0.5
2152	0.3333333333333333
2153	0.5
2154	0.5
2155	0.4285714285714286
2156	0.4285714285714286
2157	0.5
2158	0.5
2159	0.4285714285714286
2160	0.5
2161	0.5
2162	0.5
2163	0.5
2164	0.4285714285714286
2165	0.5
2166	0.5
2167	0.4285714285714286
2168	0.5
2169	0.5
2170	0.5
2171	0.4285714285714286
2172	0.4285714285714286
2173	0.5
2174	0.5
2175	0.5
2176	0.5
2177	0.5
2178	0.5
2179	0.5
2180	0.5
2181	0.4285714285714286
2182	0.5
2183	0.5
2184	0.5
2185	0.5
2186	0.5
2187	0.5
2188	0.5
2189	0.5
2190	0.5
2191	0.5
2192	0.5
2193	0.5
2194	0.5
2195	0.4285714285714286
2196	0.5
2197	0.4285714285714286
2198	0.5
2199	0.4285714285714286
2200	0.5
2201	0.5
2202	0.4285714285714286
2203	0.4285714285714286
2204	0.4285714285714286
2205	0.5
2206	0.5
2207	0.5
2208	0.5
2209	0.5
2210	0.5
2211	0.5
2212	0.5
2213	0.5
2214	0.5
2215	0.5
2216	0.5
2217	0.5
2218	0.5
2219	0.5
2220	0.4285714285714286
2221	0.5
2222	0.5
2223	0.5
2224	0.4285714285714286
2225	0.5
2226	0.5
2227	0.4285714285714286
2228	0.5
2229	0.5
2230	0.5
2231	0.5
2232	0.5
2233	0.5
2234	0.5
2235	0.5
2236	0.5
2237	0.5
2238	0.5
2239	0.5
2240	0.5
2241	0.5
2242	0.4285714285714286
2243	0.5
2244	0.4285714285714286
2245	0.5
2246	0.5
2247	0.5
2248	0.5
2249	0.5
2250	0.5
2251	0.5
2252	0.5
2253	0.5
2254	0.5
2255	0.5
2256	0.5
2257	0.5
2258	0.5
2259	0.5
2260	0.5
2261	0.5
2262	0.5
2263	0.5
2264	0.5
2265	0.5
2266	0.5
2267	0.5
2268	0.5
2269	0.5
2270	0.5
2271	0.5
2272	0.5
2273	0.5
2274	0.5
2275	0.5
2276	0.5
2277	0.5
2278	0.5
2279	0.5
2280	0.5
2281	0.5
2282	0.5
2283	0.5
2284	0.5
2285	0.5
2286	0.5
2287	0.5
2288	0.5
2289	0.5
2290	0.5
2291	0.5
2292	0.5
2293	0.5
2294	0.5
2295	0.5
2296	0.5
2297	0.5
2298	0.5
2299	0.5
2300	1.0
2301	0.5
2302	0.5
2303	0.5
2304	0.5
2305	0.5
2306	0.5
2307	0.5
2308	0.5
2309	0.5
2310	0.5
2311	0.5
2312	0.5
2313	0.5
2314	0.5
2315	0.5
2316	0.5
2317	0.5
2318	0.5
2319	0.5
2320	0.5
2321	0.5
2322	0.5
2323	0.5
2324	0.5
2325	0.5
2326	0.5
2327	0.5
2328	0.5
2329	0.5
2330	0.5
2331	0.5
2332	0.5
2333	0.5
2334	0.5
2335	0.5
2336	0.5
2337	0.5
2338	0.5
2339	0.5
2340	0.5
2341	0.5
2342	0.5
2343	0.5
2344	0.5
2345	0.5
2346	0.5
2347	0.5
2348	0.5
2349	0.5
2350	0.5
2351	0.5
2352	0.5
2353	0.5
2354	0.5
2355	0.5
2356	0.5
2357	0.5
2358	0.5
2359	0.5
2360	0.5
2361	0.5
2362	0.5
2363	0.5
2364	0.5
2365	0.5
2366	0.5
2367	0.5
2368	0.5
2369	0.5
2370	1.0
2371	0.5
2372	0.5
2373	0.5
2374	0.5
2375	0.5
2376	0.5
2377	0.5
2378	0.5
2379	0.5
2380	0.5
2381	0.5
2382	0.5
2383	0.5
2384	0.5
2385	0.5
2386	0.5
2387	0.5
2388	0.5
2389	0.5
2390	0.5
2391	0.5
2392	0.5
2393	0.5
2394	0.5
2395	0.5
2396	0.5
2397	0.5
2398	0.5
2399	0.5
2400	0.5
2401	0.5
2402	0.5
2403	0.5
2404	0.5
2405	0.5
2406	0.5
2407	0.5
2408	0.5
2409	0.5
2410	0.5
2411	0.5
2412	0.5
2413	0.5
2414	0.5
2415	0.5
2416	0.5
2417	0.5
2418	0.5
2419	0.5
2420	0.5
2421	0.5
2422	0.5
2423	0.5
2424	0.5
2425	0.5
2426	0.5
2427	0.5
2428	0.5
2429	0.5
2430	0.5
2431	0.5
2432	0.5
2433	0.5
2434	0.5
2435	0.5
2436	0.5
2437	0.5
2438	0.5
2439	0.5
2440	0.5
2441	0.5
2442	0.5
2443	0.5
2444	0.5
2445	0.5
2446	0.5
2447	0.5
2448	0.5
2449	0.5
2450	0.5
2451	0.5
2452	0.5
2453	0.5
2454	0.5
2455	0.5
2456	0.5
2457	0.5
2458	0.5
2459	0.5
2460	0.5
2461	0.5
2462	0.5
2463	0.5
2464	0.5
2465	0.5
2466	0.5
2467	0.5
2468	0.5
2469	0.5
2470	0.5
2471	0.5
2472	0.5
2473	0.5
2474	0.5
2475	0.5
2476	0.5
2477	0.5
2478	0.5
2479	0.5
2480	0.5
2481	0.5
2482	0.5
2483	0.5
2484	0.5
2485	0.5
2486	0.5
2487	0.5
2488	0.5
2489	0.5
2490	0.5
2491	0.5
2492	0.5
2493	0.5
2494	0.5
2495	0.5
2496	0.5
2497	0.5
2498	0.5
2499	0.5
2500	0.5
2501	0.5
2502	0.5
2503	0.5
2504	0.5
2505	0.5
2506	0.5
2507	0.5
2508	0.5
2509	0.5
2510	0.5
2511	0.5
2512	0.5
2513	0.5
2514	0.5
2515	0.5
2516	0.5
2517	0.5
2518	0.5
2519	0.5
2520	0.5
2521	0.5
2522	0.5
2523	0.5
2524	0.5
2525	0.5
2526	0.5
2527	0.5
2528	0.5
2529	0.5
2530	0.5
2531	0.5
2532	0.5
2533	0.5
2534	0.5
2535	0.5
2536	0.5
2537	0.5
2538	0.5
2539	0.5
2540	0.5
2541	0.5
2542	0.5
2543	0.5
2544	0.5
2545	0.5
2546	0.5
2547	0.5
2548	0.5
2549	0.5
2550	0.5
2551	0.5
2552	0.5
2553	0.5
2554	0.5
2555	0.5
2556	0.5
2557	0.5
2558	0.5
2559	0.5
2560	0.5
2561	0.5
2562	0.5
2563	0.5
2564	0.5
2565	0.5
2566	0.5
2567	0.5
2568	0.5
2569	0.5
2570	0.5
2571	0.5
2572	0.5
2573	0.5
2574	0.5
2575	1.0
2576	0.5
2577	0.5
2578	0.5
2579	0.5
2580	0.5
2581	0.5
2582	0.5
2583	0.5
2584	0.5
2585	0.5
2586	0.5
2587	0.5
2588	0.5
2589	0.5
2590	0.5
2591	0.5
2592	0.5
2593	0.5
2594	0.5
2595	0.5
2596	0.5
2597	0.5
2598	0.5
2599	0.5
2600	0.5
2601	0.5
2602	0.5
2603	0.5
2604	0.5
2605	0.5
2606	0.5
2607	0.5
2608	0.5
2609	0.5
2610	0.5
2611	0.5
2612	0.5
2613	0.5
2614	0.5
2615	0.5
2616	0.5
2617	0.5
2618	0.5
2619	0.5
2620	0.5
2621	0.5
2622	0.5
2623	0.5
2624	0.5
2625	0.5
2626	0.5
2627	0.5
2628	0.5
2629	0.5
2630	0.5
2631	0.5
2632	0.5
2633	0.5
2634	0.5
2635	0.5
2636	0.5
2637	0.5
2638	0.5
2639	0.5
2640	0.5
2641	0.5
2642	0.5
2643	0.5
2644	0.5
2645	0.5
2646	0.5
2647	0.5
2648	0.5
2649	0.5
2650	0.5
2651	0.5
2652	0.5
2653	0.5
2654	0.5
2655	0.5
2656	0.5
2657	0.5
2658	0.5
2659	0.5
2660	0.5
2661	0.5
2662	0.5
2663	0.5
2664	0.5
2665	0.5
2666	0.5
2667	0.5
2668	0.5
2669	0.5
2670	0.5
2671	0.5
2672	0.5
2673	0.5
2674	0.5
2675	0.5
2676	0.5
2677	0.5
2678	0.5
2679	0.5
2680	0.5
2681	0.5
2682	0.5
2683	0.5
2684	0.5
2685	0.5
2686	0.5
2687	0.5
2688	0.5
2689	0.5
2690	0.5
2691	0.5
2692	0.5
2693	0.5
2694	0.5
2695	0.5
2696	0.5
2697	0.5
2698	0.5
2699	0.5
2700	0.5
2701	0.5
2702	0.5
2703	0.5
2704	0.5
2705	0.5
2706	0.5
2707	0.5
2708	0.5
2709	0.5
2710	0.5
2711	0.5
2712	0.5
2713	0.5
2714	0.5
2715	0.5
2716	0.5
2717	0.5
2718	0.5
2719	0.5
2720	0.5
2721	0.5
2722	0.5
2723	0.5
2724	0.5
2725	0.5
2726	0.5
2727	0.5
2728	0.5
2729	0.5
2730	0.5
2731	0.5
2732	0.5
2733	0.5
2734	0.5
2735	0.5
2736	0.5
2737	0.5
2738	0.5
2739	0.5
2740	0.5
2741	0.5
2742	0.5
2743	0.5
2744	0.5
2745	0.5
2746	0.5
2747	0.5
2748	0.5
2749	0.5
2750	0.5
2751	0.5
2752	0.5
2753	0.5
2754	0.5
2755	0.5
2756	0.5
2757	0.5
2758	0.5
2759	0.5
2760	0.5
2761	0.5
2762	0.5
2763	0.5
2764	0.5
2765	0.5
2766	0.5
2767	0.5
2768	0.5
2769	0.5
2770	0.5
2771	0.5
2772	0.5
2773	0.5
2774	0.5
2775	0.5
2776	0.5
2777	0.5
2778	0.5
2779	0.5
2780	0.5
2781	0.5
2782	0.5
2783	0.5
2784	0.5
2785	0.5
2786	0.5
2787	0.5
2788	0.5
2789	0.5
2790	0.5
2791	0.5
2792	0.5
2793	0.5
2794	0.5
2795	0.5
2796	0.5
2797	0.5
2798	0.5
2799	0.5
2800	0.5
2801	0.5
2802	0.5
2803	0.5
2804	0.5
2805	0.5
2806	0.5
2807	0.5
2808	0.5
2809	0.5
2810	0.5
2811	0.5
2812	0.5
2813	0.5
2814	0.5
2815	0.5
2816	0.5
2817	0.5
2818	0.5
2819	0.5
2820	0.5
2821	0.5
2822	0.5
2823	0.5
2824	0.5
2825	0.5
2826	0.5
2827	0.5
2828	0.5
2829	0.5
2830	0.5
2831	0.5
2832	0.5
2833	0.5
2834	0.5
2835	0.5
2836	0.5
2837	0.5
2838	0.5
2839	0.5
2840	0.5
2841	0.5
2842	0.5
2843	0.5
2844	0.5
2845	0.5
2846	0.5
2847	0.5
2848	0.5
2849	0.5
2850	0.5
2851	0.5
2852	0.5
2853	0.5
2854	0.5
2855	0.5
2856	0.5
2857	0.5
2858	0.5
2859	0.5
2860	0.5
2861	0.5
2862	0.5
2863	0.5
2864	0.5
2865	0.5
2866	0.5
2867	0.5
2868	0.5
2869	0.5
2870	0.5
2871	0.5
2872	0.5
2873	0.5
2874	0.5
2875	0.5
2876	0.5
2877	0.5
2878	0.5
2879	0.5
2880	0.5
2881	0.5
2882	0.5
2883	0.5
2884	0.5
2885	0.5
2886	0.5
2887	0.5
2888	0.5
2889	0.5
2890	0.5
2891	0.5
2892	0.5
2893	0.5
2894	0.5
2895	0.5
2896	0.5
2897	0.5
2898	0.5
2899	0.5
2900	0.5
2901	0.5
2902	0.5
2903	0.5
2904	0.5
2905	0.5
2906	0.5
2907	0.5
2908	0.5
2909	0.5
2910	0.5
2911	0.5
2912	0.5
2913	0.5
2914	0.5
2915	0.5
2916	0.5
2917	0.5
2918	0.5
2919	0.5
2920	0.5
2921	0.5
2922	0.5
2923	0.5
2924	0.5
2925	0.5
2926	0.5
2927	0.5
2928	0.5
2929	0.5
2930	0.5
2931	0.5
2932	0.5
2933	0.5
2934	0.5
2935	0.5
2936	0.5
2937	0.5
2938	0.5
2939	0.5
2940	0.5
2941	0.5
2942	0.5
2943	0.5
2944	0.5
2945	0.5
2946	0.5
2947	0.5
2948	0.5
2949	0.5
2950	0.5
2951	0.5
2952	0.5
2953	0.5
2954	0.5
2955	0.5
2956	0.5
2957	0.5
2958	0.5
2959	0.5
2960	0.5
2961	0.5
2962	0.5
2963	0.5
2964	0.5
2965	0.5
2966	0.5
2967	0.5
2968	0.5
2969	0.5
2970	0.5
2971	0.5
2972	0.5
2973	0.5
2974	0.5
2975	0.5
2976	0.5
2977	0.5
2978	0.5
2979	0.5
2980	0.5
2981	0.5
2982	0.5
2983	0.5
2984	0.5
2985	0.5
2986	0.5
2987	0.5
2988	0.5
2989	0.5
2990	0.5
2991	0.5
2992	0.5
2993	0.5
2994	0.5
2995	0.5
2996	0.5
2997	0.5
2998	0.5
2999	0.5
3000	0.5
3001	0.5
3002	0.5
3003	0.5
3004	0.5
3005	0.5
3006	0.5
3007	0.5
3008	0.5
3009	0.5
3010	0.5
3011	0.5
3012	0.5
3013	0.5
3014	0.5
3015	0.5
3016	0.5
3017	0.5
3018	0.5
3019	0.5
3020	0.5
3021	0.5
3022	0.5
3023	0.5
3024	0.5
3025	0.5
3026	0.5
3027	0.5
3028	0.5
3029	0.5
3030	0.5
3031	0.5
3032	0.5
3033	0.5
3034	0.5
3035	0.5
3036	0.5
3037	0.5
3038	0.5
3039	0.5
3040	0.5
3041	0.5
3042	0.5
3043	0.5
3044	0.5
3045	0.5
3046	0.5
3047	0.5
3048	0.5
3049	0.5
3050	0.5
3051	0.5
3052	0.5
3053	0.5
3054	0.5
3055	0.5
3056	0.5
3057	0.5
3058	0.5
3059	0.5
3060	0.5
3061	0.5
3062	0.5
3063	0.5
3064	0.5
3065	0.5
3066	0.5
3067	0.5
3068	0.5
3069	0.5
3070	0.5
3071	0.5
3072	0.5
3073	0.5
3074	0.5
3075	0.5
3076	0.5
3077	0.5
3078	0.5
3079	0.5
3080	0.5
3081	0.5
3082	0.5
3083	0.5
3084	0.5
3085	0.5
3086	0.5
3087	0.5
3088	0.5
3089	0.5
3090	0.5
3091	0.5
3092	0.5
3093	0.5
3094	0.5
3095	0.5
3096	0.5
3097	0.5
3098	0.5
3099	0.5
3100	0.5
3101	0.5
3102	0.5
3103	0.5
3104	0.5
3105	0.5
3106	0.5
3107	0.5
3108	0.5
3109	0.5
3110	1.0
3111	0.5
3112	0.5
3113	0.5
3114	0.5
3115	0.5
3116	0.5
3117	0.5
3118	0.5
3119	0.5
3120	0.5
3121	0.5
3122	0.5
