182	183	181	
253	252	
5248	5247	2956	9972	6114	1053	3893	6091	2127	2639	2640	13553	6092	5336	2128	13552	4884	
6795	12113	356	7223	15000	6796	
452	453	
5346	11365	1482	893	13696	6326	11000	14634	5681	7962	14544	699	2369	833	2288	546	12679	13691	871	14763	13702	14428	3512	555	1871	12951	11386	6244	3796	12435	8605	13079	1932	768	8501	413	13697	13570	427	2837	5338	1393	13818	11766	14660	1257	5672	6243	13572	441	7348	9219	12661	11510	483	8611	12577	8400	14337	10793	6564	498	536	4288	1049	981	8412	9568	890	2708	3731	5087	13339	4987	12236	1936	5114	11111	6307	7343	1060	5572	13565	4311	9849	7335	834	11387	15137	11603	6797	6329	14983	8041	247	11522	3946	11367	7961	1095	575	10541	8411	10778	3652	4046	1215	10641	10543	4772	1218	11505	4470	1214	3653	11611	12086	14551	10562	8855	5867	9720	11590	10738	11121	4018	7572	1156	8044	2598	12578	7762	7680	4017	6357	1392	12801	14089	1793	10070	1945	13100	2160	6100	544	11245	5651	1892	884	13078	15011	7438	8887	1481	11391	14180	8535	7002	1026	287	11636	1318	14852	8622	14874	9738	8512	9877	10186	8734	12457	12090	13806	1484	2429	14087	8034	6544	5111	9370	13190	8037	12581	1458	11649	1155	7597	12802	8506	3058	2287	426	9966	8373	8406	9866	953	13095	2516	13810	13184	5486	12101	2517	6221	5573	11033	14434	10194	7234	14309	9555	13463	952	1890	190	1584	818	5997	1457	15149	4988	7213	1935	110	12571	2114	2370	7210	8854	12087	1893	8507	11366	974	9731	11160	9960	14781	13807	4575	4698	1204	4458	1990	2374	14078	556	1483	13096	6799	370	4310	9474	14535	3283	13712	815	3160	591	9729	12973	11231	3732	3052	589	3403	11032	3479	3258	1956	4906	1883	2367	4309	6086	1683	12680	12088	2952	3639	1391	1955	3404	157	5897	6014	8991	5865	10068	2498	1989	12594	15115	14546	707	4258	3527	13934	2587	12674	543	7324	3081	745	621	8380	6222	1944	4434	6313	13202	14869	9220	408	5542	3643	6798	623	8867	8874	767	3080	3651	4811	11396	8387	832	10561	6720	3082	7233	1934	517	14969	14085	9742	11390	2390	10393	2941	4064	8503	11388	4685	2599	13341	951	1059	4188	537	6299	1394	4907	3513	2373	3959	7950	198	13925	11120	14424	2434	554	6013	7570	11609	262	4785	2533	14853	11353	14870	12824	13203	6784	1596	3035	4691	9732	6328	5360	6356	6212	1754	5901	636	766	8637	6895	4786	5581	2836	3257	10392	10998	7084	973	3650	2586	11518	4287	547	358	8502	14189	831	1096	14746	14086	1266	9358	10542	15106	4967	4582	8534	14844	2497	10755	10173	6878	10069	9721	11610	12092	9554	5680	4983	6688	545	11960	1597	13949	7001	14536	10293	3649	3944	9480	13433	1876	9210	199	1480	774	8371	13101	388	9717	2215	10292	1632	1157	8042	535	3169	4463	3196	4872	1097	2214	6358	1497	6338	3947	1933	622	13692	11650	8407	7798	3960	1645	819	1643	6336	7594	4984	1891	8736	1472	2389	2376	4692	12974	982	553	7231	1268	3282	6133	2744	2368	13074	7106	12091	
4745	668	669	671	5619	5618	670	
672	673	675	677	679	674	678	676	
730	729	
859	860	
892	891	
902	3558	9766	5141	3559	901	903	
905	904	
910	909	
913	914	
919	918	
960	961	
965	964	
994	12138	993	2136	995	
1016	1015	
1069	8370	1070	8369	4543	
1075	1076	
1107	1106	
1113	1112	
1125	1124	
1128	1129	
1131	1130	
1140	1139	
9847	1151	9846	1152	13337	11356	
1180	1181	
1217	1216	
2041	12150	5288	7141	8184	9395	2330	9398	13481	3103	917	4612	5735	14599	8802	4743	2886	2888	8186	6827	4363	4616	3002	5834	4496	3986	15179	14223	4614	2892	3000	7142	2042	13486	911	1000	7390	13243	11281	9681	14370	9394	6259	7392	4744	9686	1324	8183	3235	4506	12709	6390	5736	7706	9396	2884	6828	4378	8803	4615	4611	3231	9397	4362	9390	3700	1231	9286	1611	1910	8668	8197	14369	5512	12151	8325	1507	1711	8669	7266	2044	7389	11676	14360	12610	3001	13989	4739	2569	1909	8185	3232	7267	7139	11673	915	15052	916	4613	2043	1323	13480	7140	15180	1226	3236	2040	6941	7268	1911	8667	15181	6258	4740	1508	1227	3702	2887	1001	1230	5615	7265	912	999	2999	7394	7269	3573	998	2891	14226	
1249	1248	1247	
1253	1254	1252	
1279	1280	
1321	1322	
7275	1332	9598	8807	7276	8806	848	14491	14490	849	2236	
10249	14243	14244	10250	3721	3720	1340	14242	1341	3719	8950	
9919	6404	1348	1347	1346	
2580	11686	5311	1353	13771	1352	1351	7625	6962	2899	6961	
1357	3393	1356	3392	
1365	1364	
1402	6911	2961	1403	2218	6480	
1415	1416	
1439	1440	
8852	1448	1447	
1503	7361	1504	7360	4547	
4428	3644	15155	1020	12561	4453	3634	5546	2112	2490	9852	9362	7100	5797	6663	11051	170	9750	8262	1089	12128	497	1684	5237	5873	2979	6241	9487	14759	756	1624	1888	3397	9198	3155	8404	11256	4429	5215	2978	6587	1048	14542	467	5565	13814	2265	9338	3188	1159	8029	5234	7476	8845	466	4303	667	9719	1753	2946	3022	2827	11958	442	5238	8843	11228	7932	8755	2190	11019	3185	5995	6568	3656	2321	4126	5380	13578	468	3645	12215	10200	1520	5472	1260	3782	2977	14411	690	7095	7769	6081	2433	14842	9851	6589	1685	14635	4127	8127	15120	4129	3539	8987	3430	2487	1464	1296	2063	4262	3938	14889	2384	10758	5799	1021	14182	4570	6588	13815	6704	15136	1889	3483	3633	1677	3888	11506	14447	14675	1940	6210	2492	2020	947	1676	9871	2206	3313	4440	1205	2080	2216	13923	8155	2486	13579	2541	4825	1950	14432	8771	3610	475	13822	8758	169	8405	9628	2848	6678	6978	2818	4314	5449	9195	7460	2959	2109	4797	2172	4658	13334	195	12691	2188	2542	7448	9853	14769	4657	4798	431	1960	1633	6574	7922	1223	2204	3312	5770	5872	8148	3889	6810	6344	4282	3684	6297	8868	2854	9093	14859	2721	1894	1634	6675	816	5450	10415	6205	1686	2078	8374	1521	13422	9715	1275	3521	14676	4313	11155	6322	10791	4959	11017	2853	9547	312	3941	5800	11592	1361	11039	14172	4036	244	5771	4174	10647	4571	4178	1294	2488	15156	14574	10904	2075	3425	6558	14674	5056	13091	203	6033	4246	1200	4189	1887	959	5993	4454	651	5098	3396	4569	2129	7362	4023	11894	1886	7199	10759	8751	7577	7652	4572	14841	12992	4826	4175	2806	7921	2826	243	9325	2430	9082	6432	2523	4337	3431	5335	9975	10399	6986	12464	4025	1362	3140	14997	3311	1980	11034	3689	14775	2110	10659	3520	1866	2718	2163	1640	9985	4427	8133	10096	2062	13317	10646	9072	8752	6792	13310	4247	6541	8167	14438	6701	10809	14885	2607	2847	1941	10208	1262	12989	2926	7459	8872	1499	2021	2274	6139	12445	14190	5129	1498	193	3646	2241	8261	2489	12465	962	12444	11760	1514	3059	12367	2852	10290	6242	11035	7923	14862	6709	6705	1259	14272	7436	1295	6353	5566	3071	11587	2171	2383	6559	6345	13840	1433	1515	11002	4338	443	5775	4248	371	6702	657	2518	6715	13082	11018	4024	2205	8750	11038	4177	10410	192	2945	5461	5996	14543	5807	4176	11260	793	11379	5582	2197	14538	6103	3314	4431	6486	14973	194	13551	8869	11400	13933	1465	11126	1432	5547	2491	7224	3890	14764	15125	11637	11378	11991	13193	11770	1639	755	2187	2925	11651	1942	10785	5128	507	12547	13703	6236	12426	3902	7099	5879	3187	1276	11617	9974	2076	12814	3216	6206	11372	946	9486	1199	3685	5350	2077	6225	1435	5774	2189	7101	7794	5808	13948	13831	1289	5254	11629	8149	1625	8849	633	13094	3781	9488	12006	3647	3184	9363	2511	11399	13832	5464	5699	8280	2173	631	5538	2302	5057	4026	689	7770	4128	9192	2113	430	409	
1534	1536	1533	1535	
1560	1559	
1563	1561	1562	
1565	1566	1564	
1582	1581	
13740	9248	1604	1605	
10341	13128	11539	1606	11540	13129	10342	1607	
3006	1615	3007	5514	1616	3005	9689	
1619	2784	2908	1620	5032	7635	8821	14612	2909	8822	10493	7634	
3139	1621	1623	1622	
1678	1679	
1704	1705	
7120	1706	1707	13979	7119	8074	13030	
1708	1710	6943	2047	2048	7611	1709	
1713	2348	1712	3841	
1718	1719	1720	
1733	1734	1735	
14749	6700	10767	9350	4277	9351	6710	4279	2603	13183	5249	15124	7463	10784	12791	5868	7075	6088	5783	14061	2736	5883	13719	5241	6433	7593	4473	8520	8992	1646	1648	5910	6886	13913	3300	8986	1647	14450	14863	13547	14298	1649	3299	2087	1650	7089	10769	10771	10770	8985	1314	2009	14864	5384	4149	4474	9576	5386	11763	9346	10783	6016	8890	6116	13418	2602	4148	9759	5385	3540	7682	2010	13419	14677	12447	4278	10656	1759	3305	11354	11764	8519	14323	8889	10768	1315	6117	14753	9553	8518	5689	14857	6115	2735	
1761	1762	
1627	8158	1363	762	695	7068	770	569	7	11623	896	8159	2203	389	1265	4970	897	11045	2702	6882	1769	572	455	3183	7446	7455	10085	8894	12588	1372	11634	165	573	769	2402	714	12009	2363	14166	5061	713	664	935	570	11142	1742	6337	11633	2403	1958	7070	1885	8873	1373	3541	14300	1264	7069	4806	10799	9009	571	8511	1308	11141	2825	7456	6193	640	5673	1599	6983	1366	2213	14301	13921	1773	11156	1770	3618	7457	1083	1381	166	12953	1380	3921	3303	3546	8844	12664	4283	4791	12957	933	1307	11971	1358	1554	484	8891	11620	1593	21	12790	11627	13544	12800	454	14640	4144	1592	13314	3547	4971	1434	11628	4718	3427	523	1473	1598	12583	13808	11972	11621	14280	11626	14868	3203	12118	6007	11758	10637	15105	13320	320	10312	1040	1553	11632	8998	8510	13343	524	7581	1774	6809	3766	12952	894	3663	895	12082	898	6319	1772	12362	11624	1959	5456	1306	522	1767	934	3664	22	939	694	6	6126	
1788	1787	9656	1786	
1789	1790	
1797	1798	1799	
1801	1802	1800	
1804	2880	1803	4077	
1805	14216	14215	1806	
6945	6944	1815	7837	1814	7836	
1822	1823	
1835	1834	
3287	1847	1848	
1849	1850	3621	
1861	1862	
1872	1873	
1901	1899	3578	1900	
1907	1908	
1914	1915	1916	
1921	1920	1922	
2239	2240	1924	1925	
1926	1928	1927	1929	2357	
1939	1938	1937	
11349	3660	14324	666	10657	6209	6706	5463	384	6442	12346	7588	17	2731	599	3952	3306	5928	3163	12458	1162	882	6922	1486	576	3493	3605	7097	4065	6879	14055	6434	12121	1144	976	733	9232	4681	2550	1220	10803	10924	16	1495	1747	2250	14778	9372	3077	380	1304	4888	1663	778	8897	4981	9652	2705	2980	741	6548	10179	394	6883	7203	6366	2960	6554	5352	1547	4471	13700	6998	9371	1589	10557	11882	315	618	5586	749	2975	5670	10550	5235	12689	7785	2743	1170	1576	1074	1487	1974	1748	10906	258	12120	8297	6302	14073	12234	11026	11895	8257	14060	1796	877	7494	240	13718	1378	6680	14563	2923	12792	7452	9078	2372	568	7368	734	14071	6681	11361	6991	11527	5676	14751	11999	6339	557	4815	1545	5391	3776	13093	14780	6993	9747	1580	619	6994	988	437	4468	1973	2821	1749	9991	12572	5058	393	8036	7327	3879	7784	718	1836	2008	6333	4816	4179	12338	1025	7336	9636	11598	4330	379	1164	7370	12119	11340	940	4016	3538	12103	1656	9743	1316	8125	1452	1550	1519	9000	11526	5394	1795	1585	127	12662	13112	10663	128	4980	620	1725	602	6444	5086	4467	456	7220	1869	14670	10534	4664	3955	12076	2359	11363	230	1601	9498	1201	255	5005	1957	6137	8253	8631	4580	1500	5395	13330	1629	6662	7599	7369	392	7936	2537	3604	1524	9234	12463	5459	3281	7949	10289	12361	5085	2820	2003	2844	14865	932	313	1073	11652	1870	12826	7458	5356	3170	6801	7763	14658	1997	14646	721	9548	1360	14430	878	5105	5906	6136	2495	10404	2737	7337	1489	4015	1588	1864	502	231	7493	4655	1523	4898	10389	11646	14275	2704	1755	12789	187	6779	4880	1146	12690	11959	12459	13952	603	176	12799	15126	11869	10907	3208	6920	3603	15141	10510	12694	4573	14338	14636	4260	14761	156	41	9647	12684	7082	232	8761	1522	2264	2026	14567	2809	6890	13189	3683	14779	2822	2828	1995	6340	13084	584	2536	1587	742	5390	11964	9345	5664	11889	13340	12462	282	3937	6487	583	10288	7012	5927	3930	11355	2519	13699	10911	1042	11358	3787	449	7447	150	7113	11515	6679	4804	4158	1840	6443	11757	11867	2976	931	777	4329	1190	955	4581	6684	220	12670	3517	8136	1993	11044	2808	6203	1994	47	9713	4461	1221	9353	7775	12345	4455	12762	353	7195	4672	5242	7202	9467	12666	6685	1992	11219	11989	14656	5	2549	7764	646	938	1147	385	1579	529	1966	9753	11868	3484	3307	9477	10802	7196	237	3954	11095	9654	7941	1548	2548	1546	112	5585	11360	4653	2249	2202	12785	6553	2025	15130	12823	1863	14657	1750	11779	314	1549	373	1544	7201	1169	6300	11375	6992	6682	12773	14647	2968	6020	2244	11124	7786	1494	4156	5545	9223	4038	12116	2004	8636	7573	364	3164	2067	14201	2709	605	8639	743	6877	397	5677	558	6683	6919	1662	14666	1569	3207	2478	2749	1390	14066	2219	12781	5107	381	15008	1369	396	10804	13196	1052	8499	6035	177	9645	15148	14282	6335	2118	3661	956	8275	6015	395	10912	11750	2220	662	8621	13927	6703	6462	663	4261	11753	1191	8028	8865	7094	5544	3554	2520	4577	14988	14650	990	6138	4302	6318	5347	6301	11599	5454	567	3786	6917	328	8298	1163	4803	6367	12010	281	13564	2585	977	6362	10409	3544	4903	10801	1628	942	1630	4472	3263	632	3280	1219	1766	1145	291	
10532	1965	1964	
1977	1975	1979	1976	1978	
2513	2000	2514	2001	12335	1999	
2032	2031	
1820	1821	1819	2052	2051	3709	
2100	4985	14652	15121	15123	4986	2102	15122	2358	2101	
14971	2103	2104	2732	2733	
2108	2107	
2134	2135	
3104	3106	3988	6162	3987	2140	3105	11682	2139	4497	
226	9830	3250	1672	2503	2713	2065	14886	4063	3607	3426	346	14090	1273	185	11740	792	14195	2254	4827	5877	1477	14070	216	7357	1299	2426	7328	4878	3053	3931	9831	5917	1368	4561	15143	3075	4320	14977	3267	4966	1846	1024	11604	1284	6689	1726	1492	1771	175	2638	8641	6808	1603	5099	2936	241	1269	2310	491	798	8038	299	11004	528	12818	6111	3865	9472	1302	2161	9086	485	10660	7759	1666	10913	14641	11992	5916	12978	9739	13534	4700	4551	3304	11975	1456	11395	8145	5376	775	1693	12334	12106	1177	6540	2126	706	2798	3608	1665	3556	8644	11497	3899	1540	3018	13089	6034	7003	2174	2255	8144	6569	10635	6987	11235	4540	2270	13453	14896	876	7492	3249	11752	9481	6672	227	2971	52	5354	3609	3933	1281	7085	9224	12552	2741	4459	219	6141	6235	1867	3074	1197	124	11645	7491	4135	3418	36	4883	1476	4134	3932	872	2175	6914	4805	1172	223	3898	1444	4460	5665	10391	2123	8774	2371	2970	12981	12784	3056	7580	5082	96	2286	14183	10536	3286	3057	1743	12683	10627	12428	11380	712	3945	874	4559	3901	7582	2712	527	2096	1176	2637	12130	7668	1602	5375	14637	53	9740	7684	2412	4560	3489	13452	2711	791	11974	4877	1178	3606	1370	5342	4708	13225	4686	13562	14638	4436	1496	6355	11097	873	1661	5080	5894	1963	655	12947	11010	881	12813	7242	585	270	2124	472	839	1694	2253	10796	2111	10526	14196	11625	1453	345	10187	6806	225	7482	300	754	51	6583	3747	1186	11123	12582	302	7451	12656	5343	14748	6087	11593	272	4562	14429	13581	2742	9336	1744	3940	6687	3934	4166	1300	4876	10418	186	14290	10324	10422	11255	12681	109	841	31	5691	7951	11496	3681	301	10997	12668	4918	4965	1082	298	2309	4792	5911	14979	8032	3779	13537	10756	5984	473	347	1961	55	145	9102	5900	10934	5485	5878	5785	1270	12946	2858	11243	5666	5667	5476	2799	6671	7490	13206	9225	2802	8756	4919	1442	5552	8142	4437	4030	97	14571	526	1962	1528	1282	2496	13207	1967	2093	10999	6118	242	13088	870	34	14978	2212	5341	2829	12343	4661	2803	12543	6807	3433	4892	6216	6142	5895	2125	8757	10397	830	2935	6539	1099	538	11227	6019	2168	13563	577	12253	297	1874	6124	3062	6112	8877	115	11247	5351	1671	8273	3063	1301	15109	4699	2933	3665	561	1098	5344	3247	10757	2176	12682	9071	66	6135	13194	98	54	11953	1187	35	2969	11036	2635	12979	7590	1455	6489	8027	7578	14068	1443	1250	2442	11647	1179	217	10996	1288	13336	6228	840	10097	10188	1441	3248	10658	6894	7930	8862	2131	2521	4709	218	6008	4891	653	116	271	13211	6441	3935	13804	4568	2089	4336	1454	9368	5239	10772	1283	3671	3555	2005	9226	10077	5986	4544	13440	3900	5236	6201	1208	10396	273	3490	3017	6686	10100	562	8533	7454	1868	11397	
2180	2181	
2200	2201	
2223	2222	2221	
2225	2226	3225	
2303	2304	
2307	2308	
2336	7705	2335	
2338	2337	2339	
6960	12043	6957	6959	6958	6956	2351	2352	
6027	2379	2378	
2392	2391	
2424	3262	
2428	2427	
2436	3690	6670	7005	2438	2440	10662	2439	10661	2437	2435	
2446	2447	
2451	2450	2452	
10682	2458	2459	7530	2563	2467	
2465	2464	
2468	2469	7278	7277	7279	
2472	2473	2471	
2476	2477	
2482	2481	
5695	2508	2509	2510	
2535	2534	
2547	2546	
14899	12020	2552	13119	10941	10111	10426	9380	13587	2553	10565	13230	12697	2654	13228	10110	12018	9382	11165	10327	14681	8777	9882	11164	14577	13360	2657	9584	10109	10112	2655	8898	9881	13231	8776	14904	9381	3322	2656	13361	3323	4721	14458	13123	12999	10108	14576	11269	9583	8778	14684	4595	13122	10942	11436	11437	10425	11533	6496	12017	14683	13124	2653	14682	11273	13229	13583	14900	10427	2554	10107	12019	9242	
2559	2560	
2574	2575	
2579	2578	12501	
2581	4088	2582	
2583	2584	2683	8932	2684	
2592	2593	
2595	2594	
2611	2610	2609	
2613	2612	2614	
2651	2652	
12014	12261	11426	11405	11413	15021	12262	10566	11429	11407	15023	12466	12471	11404	11410	12256	11427	14898	12469	13125	13126	11430	15017	15022	11411	14093	10105	11420	13722	11424	9879	4590	9993	4831	10812	4829	12468	9994	11431	15018	15020	13723	15019	4591	11415	10567	9995	11408	9998	10813	12259	11428	13000	11418	11414	11417	11416	15026	4592	14696	10106	12257	9378	12470	13001	12260	9377	11421	2444	15024	11406	11422	15029	12467	12258	9996	11412	11425	13121	15025	8899	13120	10814	9379	11409	9997	11423	4830	14459	10815	2445	10326	11056	14695	9992	11419	
2659	2658	1224	1225	
2662	2660	2663	2661	
2668	2667	8918	14812	8077	5602	10015	5601	12609	5600	8078	5599	8801	10688	8079	
2669	2670	
2671	2672	
2685	2686	
2688	2687	
2701	2700	
3383	6197	6198	2715	2714	
2751	2752	2750	
7534	2765	2763	5612	2764	2767	5611	2766	10700	
2769	2770	2768	
2775	2776	
2789	2788	
2792	2790	2793	2791	9452	
14162	10538	13842	8524	8619	14894	13535	3440	6712	4306	11265	2191	13439	8402	937	9837	2720	2169	10789	3878	6464	9826	8775	12692	8048	5776	4331	12351	1058	8522	3027	6031	8768	6557	4719	3741	11508	6238	11982	14203	7111	10752	2185	10795	2165	1033	10750	3029	10794	3436	5929	2693	57	4142	12548	3438	10546	2846	1981	4969	6659	9842	6097	11507	7016	13536	10535	3028	14893	12660	2719	1056	13680	10321	1478	13546	14204	14185	13720	3038	14892	1064	6330	11781	10548	3036	8526	3909	11220	989	4968	1065	11596	6711	4881	10751	6657	7442	1057	8385	3659	14284	11261	1479	2164	11115	4328	5908	10547	13187	3437	3742	3037	7227	11125	15119	9461	5006	2643	4989	2097	11594	4301	4305	4181	4885	3165	2184	9726	14891	10323	4890	1034	11984	7478	2641	2642	9843	13186	5909	2644	12352	10537	14320	8386	8620	15146	11509	7083	4182	11595	3432	4307	14858	4990	4140	8525	1488	2194	14890	5580	3734	2196	2195	2098	3442	7443	8049	10549	1068	6237	4141	13679	7110	6463	6658	11983	9556	10387	10322	3439	
8853	2811	2810	
14171	12240	2814	8281	12241	2815	
10398	2850	2849	
2862	2863	
2864	2865	
2867	2866	2868	
2870	2869	
2876	2875	2877	
1613	2881	2882	1612	1614	
2889	2890	
2894	2893	2895	
2903	2902	
2918	2917	
2930	2931	
2947	2948	
2994	2993	
3014	3013	
3021	3020	
3024	3025	3023	3026	
3031	3032	
3887	3045	3046	
3049	3048	
3084	3083	
3087	3085	3088	3086	3089	
3091	3090	5935	
3098	3097	3096	
3115	3114	3116	
3144	3145	7483	
3167	3166	
3172	3171	
3189	3190	3290	
3191	13812	3192	3193	
3206	3205	
5132	899	900	6144	2322	3217	5133	
3219	3218	
3221	3222	3220	
3229	3230	3228	
8081	3233	3234	
3244	3245	3246	
3252	3251	
2252	700	600	6488	2746	5988	2301	9189	604	12794	5253	5994	14302	8762	2192	2824	4710	138	838	13557	248	5119	15110	2927	139	1943	757	14426	360	2694	2413	3673	89	9206	10909	9756	13073	2415	3542	9578	8391	8393	5377	1196	13685	3253	11976	837	11492	2834	5880	794	3254	13087	5372	9755	5230	14081	820	2211	6002	12590	1474	2299	5229	2251	337	14174	4587	5926	6876	5474	5231	701	14433	10420	14565	137	12079	814	5120	7797	12341	7217	5121	8392	12976	2835	13076	5989	14336	590	6001	2300	7017	587	601	9971	2929	14998	338	11970	14555	339	5987	9473	5803	10936	387	13075	9079	11865	12673	12461	10760	821	2095	2394	8128	13104	12793	13355	3201	2395	7646	12591	249	3491	588	2414	11370	11109	9856	5914	2416	70	5564	13556	822	386	2928	13464	983	15111	7929	7226	439	8026	9188	
3259	3261	6214	3260	6213	
3274	3276	3275	
3284	3285	
3317	3316	
3330	3329	3327	4839	3328	
3342	3341	
3345	3346	3347	
3348	6607	3349	
3356	3357	3358	
3371	3372	
3379	3378	3381	3380	9453	
1055	14982	2502	12220	2512	11899	11600	4889	1054	9348	9861	2505	3429	10101	717	12222	111	11961	5574	1696	7356	211	1468	7077	6029	14293	12078	214	3159	14755	6698	14192	11502	5250	3389	1675	1400	6578	1695	1149	559	210	4997	12000	7474	6655	14303	1857	479	9230	14665	2962	7009	2703	3016	12652	13681	8880	7355	11048	6780	8630	8628	1395	1768	8293	411	968	447	6676	10413	2002	355	12688	10079	5809	3748	2622	32	1794	9730	7761	10929	12771	39	5925	4702	6085	2707	8254	7956	14895	9559	2409	10748	5458	6194	7756	8730	2072	950	4995	5562	4154	7774	3428	4299	4457	14782	3797	4257	14276	7663	1103	11119	3778	5796	13538	12574	8851	1626	13210	3615	9836	8277	14168	3506	1931	3770	1838	13918	6368	10648	6696	12104	10084	949	5866	10424	11973	9229	318	1291	8739	2646	693	14059	7237	8154	6546	1245	6457	2963	9860	7681	257	5211	11503	11514	692	3154	649	12247	11962	2950	1971	4155	501	2921	13115	7467	184	1100	3892	6556	9463	6026	747	4448	1791	1776	11648	4563	12245	1856	8401	4882	4873	10800	7464	2315	10296	8274	5475	8989	11640	5334	9577	8850	1077	3072	4975	4050	506	3793	2973	10665	188	13105	883	15153	7466	8269	11345	12360	6084	7757	2538	4256	14645	12251	8276	6492	1851	14327	7204	14202	9657	6551	4711	9549	15150	13824	10521	3891	14065	3173	4578	2710	12454	14340	2365	14277	11774	9635	317	2972	6030	2198	8893	9376	4912	12356	12340	2443	11606	13916	4165	12770	4312	9460	5353	4039	6196	12961	5355	13932	423	11591	12672	11772	2018	9634	9208	7098	5369	10295	7678	1397	3395	2647	6905	13830	7957	11140	1668	410	6125	14154	11521	14851	8292	801	213	6713	2698	5584	11239	11773	3385	4150	8892	8997	14783	1667	7939	11240	3632	1101	12573	3069	14160	746	4426	1029	14993	3866	5563	3530	6369	1555	13312	12232	12960	5577	1839	748	15112	3531	12777	13322	10527	3910	13209	4284	6881	12766	14169	14843	3478	14091	5065	10304	1736	12549	422	1852	4687	3751	4998	14329	2501	5578	11030	7235	3271	5553	11771	13441	10741	1246	691	7591	13684	2649	6543	9827	9478	1078	10064	4893	2506	9959	10749	3613	5333	1188	11157	3076	10408	289	10931	5004	9092	3600	1884	9209	936	492	12353	3156	2272	9989	12769	13110	2739	12348	1251	3174	10198	11513	13850	13090	3794	10923	3524	12075	596	1062	6477	597	10417	3151	14784	14198	4286	9631	9662	9493	8130	3158	6004	3777	2920	3399	9012	38	316	2364	12105	11107	10414	948	3614	9711	3070	2318	12763	4874	3200	7228	11006	340	1777	7105	13450	11016	2500	1775	11015	2695	6003	3760	4151	9076	4996	418	4879	5543	8129	13848	8617	12255	12663	13930	9646	5457	15118	7662	14051	14412	11262	4157	12558	13102	9632	8011	1930	9191	606	7453	6555	12011	6923	14304	493	4308	5003	471	7232	9955	13558	765	446	4824	656	3394	4896	14153	12337	1572	8146	11264	4818	7240	6032	13114	7955	10777	1396	6549	1731	975	4435	3149	189	1292	1730	8638	236	4048	10075	421	3505	8530	13683	3750	12254	6234	13338	12131	7236	1079	9661	1878	5345	14744	10908	8769	2258	13449	2851	6661	10099	12246	1732	3523	1063	12655	3157	595	4163	1028	9479	2745	1401	560	800	2507	4897	14285	7779	4323	412	1148	5696	5557	2259	12764	13931	341	1467	9197	2377	6550	563	11139	3400	9011	5203	9108	3682	10294	10063	13849	1631	12077	8772	8016	6699	9870	14313	10531	8043	1102	1877	14058	9550	5985	7241	2919	11118	3752	8977	1287	13917	2540	212	3153	13825	10078	7349	12100	14052	1274	9642	4447	2974	14431	3749	1210	6697	4717	750	500	7008	2199	8879	9080	12089	4324	11531	4886	8122	8384	11862	6461	14540	3864	13436	3769	499	3150	260	6552	2650	13448	4703	542	6195	9190	8618	6082	7325	14062	37	4180	4285	6880	2629	478	
3414	3413	3415	
3434	3435	
3443	3444	
3452	3453	3454	
3456	3457	
9590	5513	3458	3459	9591	
3461	15174	3460	
3465	3464	
3467	3466	
3471	3470	3469	3468	
3473	3472	
3476	3477	
3515	3514	
3525	3526	8288	
3537	3536	
3550	3551	3549	
3561	3560	3562	3563	
3570	3569	
3593	3592	
3602	3601	
3616	3617	
3622	3623	
3636	3635	
3668	3669	
3678	3679	3680	
3691	7800	3692	3961	7801	7799	
6497	10829	10828	5939	6730	9118	3445	3446	5938	4925	5589	4924	3697	7027	7026	5936	5937	7974	
3698	3699	
3705	3706	
3710	3711	
3714	4235	4236	3716	3715	
3717	3718	
3726	3727	
3729	3728	4120	4013	
3658	4319	14860	1724	3942	14760	12991	14328	1104	1085	4788	7669	8289	1084	14439	11875	12950	6455	14317	3064	2604	1698	2059	2316	1699	9986	11343	7000	11382	2060	14436	3631	11874	428	6900	6785	785	7096	2061	12455	652	8033	7790	11777	434	8857	11990	1086	429	1991	4802	9557	11342	5110	2528	1376	1600	2121	8770	12778	2317	9081	1697	3737	13839	489	2527	7651	8981	3672	3736	13693	7789	14435	1721	1740	3943	8296	12665	13348	13351	1105	14557	10746	7326	1398	1741	4894	1399	10195	4904	3657	13311	2105	2122	14566	5337	9954	15147	9100	2623	787	1039	12456	2362	435	786	13954	13690	11381	3757	14999	14054	1758	365	
3739	3740	
3762	3761	3763	
3772	3771	
3799	3800	3801	
3804	3803	3802	
3805	8305	3806	
3808	3809	3810	
1108	2228	8071	9506	8314	11665	4733	2231	6930	2230	5262	8070	2227	7807	2326	7814	9505	13127	1109	4732	7808	9389	3814	2229	5420	3815	6373	5717	4736	7505	8069	5263	7813	4734	9585	
3823	3822	
3824	3825	
3831	3832	
3833	5160	3834	
3859	3858	3857	
3862	12729	3863	
3881	3880	3882	
3886	3885	
3916	3917	
3919	3918	
5678	3923	5679	3924	11886	11344	
3925	3926	
3965	3968	3967	3966	3964	3962	3963	
3973	3975	3972	3976	3974	
13870	5292	5282	14589	7036	5289	11179	7155	2462	11181	2758	7613	12483	1122	1114	2333	7262	10452	4485	10347	15177	8433	2461	3577	9257	1117	2466	6611	7146	3110	8557	2460	12712	13380	3978	11174	4741	9901	7535	11282	7393	8443	8675	5946	13136	5614	3354	8315	9507	7707	3102	9904	3117	2755	1902	8555	15172	1118	8324	7824	4366	11544	2145	11543	4377	11444	10122	12856	2570	4486	8319	6612	6066	11811	12486	9122	3829	13381	10459	7531	5603	8189	2571	9594	2144	10575	10445	8318	10684	15173	6509	5026	9260	6507	5596	14117	10024	12848	1809	13996	5595	7711	10126	10457	10694	8800	8435	13377	10448	5290	1326	4934	8199	5827	2332	12490	10449	11180	2673	14914	10451	4495	8552	14913	13374	5824	9595	6063	2039	12711	8200	14489	5945	4498	7710	7261	11442	6064	9391	5281	2568	12491	10343	10119	10226	4503	13485	5511	14601	7983	8195	4494	5285	15182	5286	7137	10233	2137	7527	8674	9030	7263	8790	7144	12482	10953	6387	13995	12144	10227	10125	8791	6619	12478	1506	13991	12274	12607	1413	3572	6508	8080	7529	9399	7709	13618	6253	14600	8198	9036	13376	1325	8434	13379	7528	14217	2573	13240	4933	4931	10120	11905	6744	11547	5423	12859	7149	4610	6614	11546	2146	3576	15178	2762	2328	15167	5155	9684	3704	14592	10686	8196	4609	2760	13375	1327	15176	5156	2232	13992	15049	9120	11814	13378	12388	7712	2567	14487	4502	10230	3107	1328	13489	11443	5829	8323	9770	7532	10691	13611	2997	2046	8556	5422	12029	4365	5607	5606	3707	14365	7391	9683	5421	10947	11446	2334	14218	12155	7397	12383	2666	10687	7398	3703	2331	1411	10685	9900	12030	2138	4499	8440	12855	5143	1229	7041	2327	1912	6159	12489	10121	6506	4492	12852	9682	2754	14588	7271	2141	12716	5284	6613	5729	13871	7533	10446	2665	1228	9035	6391	1233	2572	5826	13484	15042	10450	8439	7145	3827	7822	1417	1505	1903	2576	12861	8676	13743	11178	4487	10023	5027	10021	15187	10683	5830	4491	7138	14811	7984	7150	5947	10348	12389	5828	4367	15188	1115	2142	10840	3830	11060	3979	6745	1414	3575	5831	2757	5825	2885	2759	2577	13997	1810	3574	9769	1807	1121	2995	2883	12717	12713	8792	11812	12384	6157	10013	11447	9121	2664	4364	12854	3983	1232	1119	11061	12860	3701	1904	12853	13869	7401	1412	8789	6158	2761	2564	2565	5291	2674	9685	12604	7708	10576	6384	9128	7612	3355	1120	4493	8438	11441	9285	10228	6065	6618	2463	3708	9508	3826	4742	11283	5283	12710	2991	6942	11677	5510	2998	3101	6746	11813	6257	2329	2756	2996	13238	1808	13373	14713	11548	10841	8793	2143	14711	3828	12154	1116	6743	10574	8804	10456	11183	12849	7042	6742	13744	11906	14481	5147	3571	5146	7823	14488	2992	1913	1811	7040	2566	4932	15175	7985	15046	10014	2045	15171	1418	
14368	6393	3990	3989	6394	6392	14366	14367	
3993	3994	
3995	3996	
4005	4006	
4012	4011	
3516	986	9643	5656	9723	1583	2360	4548	8532	726	14305	14306	5078	727	1460	8531	3388	11525	5669	11253	1669	2179	366	5668	8993	1313	5794	4576	4020	1644	4549	4820	5793	716	6985	4550	2924	6560	1746	5660	2279	2278	398	14299	12108	2280	6229	2260	14279	367	1461	5079	4019	825	1312	6230	1568	2524	12109	5795	13086	2706	3030	1567	9724	7477	8878	
4021	4022	
4031	4032	4033	
4054	4053	4055	
4670	4069	4068	
5410	4072	4073	
4079	4078	
4082	4081	
4086	5164	5163	4087	
4092	8091	4093	
4098	4097	
4099	4101	4100	
4105	4104	
4107	4106	4108	
4103	4102	5638	5636	4110	4109	5637	
4112	4111	
4115	4113	4114	
4116	4117	10504	4955	8593	4956	
4119	4118	
7913	4121	4123	4125	4122	4124	5332	
4138	4139	
10554	14669	4162	4161	
4171	4170	4172	
4184	4185	4186	
4191	4190	
7371	4194	4193	4195	
4196	4197	
15030	7386	4198	4199	
4201	4200	
12708	4210	4208	12707	4209	8180	
4212	4214	4213	5942	
4216	4215	
4218	4217	4219	
4221	6747	4220	
4226	4225	
4508	4233	4234	
4238	4239	4858	
4240	4241	
4769	4244	4242	4243	
4270	4271	
12003	8283	2283	6475	6982	6718	4146	1739	2276	12687	2015	2600	3743	2293	5467	494	3198	5483	5700	3904	4147	24	12440	5684	15144	8403	6694	1050	9875	885	8252	1987	2295	5790	864	4272	1436	5675	6717	9010	2066	7441	6208	10407	15010	3295	2504	5000	2242	7473	2292	5095	11653	3296	5484	2289	7592	10416	2937	12567	4438	12685	4814	13097	4028	3043	2699	4999	9839	3497	4259	12441	697	10926	197	14661	3293	4268	9104	12364	696	325	10919	3768	2543	10650	5482	6476	888	10406	5789	2088	8521	5788	4300	2282	3044	11588	3876	14286	8160	2277	5487	14873	2934	3496	1642	15009	8137	2485	7589	13540	3382	14867	4676	2494	12217	2082	14076	3745	8615	12363	1854	8286	2539	10927	14437	321	4280	9735	863	1272	6884	14077	11498	495	6025	2311	2411	12693	2953	10740	2217	6584	2294	436	5683	586	5663	3321	5701	4439	3867	5001	23	10928	1578	8258	162	1437	2794	3553	1590	7472	161	5465	6582	1855	4462	4029	1853	5208	3511	8287	1081	5206	12654	3199	4979	2081	5481	8773	8881	5069	3294	3034	12653	10739	14291	1860	4267	5990	1087	4292	15003	2831	8749	6207	6215	5674	322	4027	8614	4456	4273	5869	3279	4245	4269	1051	4585	829	323	9558	3877	5653	4249	12427	2954	2275	2320	11013	2601	11980	530	4049	5466	1088	4143	9734	12696	3297	324	10651	4978	4250	6581	3744	4586	496	8259	14442	6365	14633	2014	889	2525	2281	245	9733	3387	12223	2312	1019	3508	1988	9560	5207	7649	2319	25	809	4274	4706	
4297	4298	
4325	4326	
4339	4340	
5704	4344	4341	4343	7374	5399	4342	
4346	4347	4345	4348	
4351	5509	4350	4352	13977	
4929	6148	4930	6149	4355	6147	4354	11057	4599	11059	11058	4353	
4360	4361	4359	
11280	4369	4368	
4371	4373	4372	12495	12496	4370	
4374	8076	3981	4376	8075	3980	3982	8672	4375	8671	8670	
4390	4389	
4396	4395	7157	
4400	4401	
4403	4405	4404	4402	
4951	5859	4407	4950	4406	
7315	6189	6188	4409	8115	4410	4408	6190	7886	7887	5974	7314	
4415	11339	4413	4414	11338	
4418	4423	4416	4419	4422	4417	4421	4424	4420	
8900	5501	4477	4476	
4479	4480	
7257	5502	7259	4481	8907	5503	4482	7258	
4489	4488	8797	14593	4490	14594	11062	
4504	4505	
4512	12041	8951	4510	4511	
9152	4515	9151	4513	4514	
4527	7556	4526	4643	4528	7555	4642	
6771	8108	4636	5186	4529	4635	6419	5530	4530	6772	6969	6420	
4532	4531	
4533	4534	
4536	4535	
4541	4720	4542	
4822	4823	4553	4552	
10057	4566	4565	4564	13427	12817	
4584	4583	
4589	4588	6143	
4594	4593	
4598	4597	
4602	4601	4603	4600	
4622	4621	
6408	6407	4623	4624	4625	
4634	4633	
4644	5529	7743	4645	
4651	4652	
4660	4659	
4678	4679	4680	4677	
4688	4690	4689	
12266	12267	11803	6151	4723	12268	4722	
4726	5409	4725	6248	4724	
4729	4728	
4731	4730	10333	8426	6377	
4737	4738	
4640	4641	4755	4639	4637	5860	4869	4753	4638	4754	5761	5762	
4756	4868	4757	
4760	4949	4762	4758	4761	4759	
4765	4763	4764	
4767	4766	4768	
4771	4770	
4796	4795	5062	
4809	4808	4807	
4812	5548	4813	
4835	4836	4832	4833	4834	
4850	4849	
4857	4856	4855	
4859	6856	4862	4865	5531	6187	5639	6192	6968	4861	6858	6857	4864	4860	6186	4863	5858	6191	7554	7553	
6283	4866	4867	
6874	4870	4871	
4916	4915	8278	4914	8279	
4922	4921	4923	
4928	4927	4926	
4935	6156	4936	
4938	4937	
4941	4940	
4946	4947	
4096	5975	4094	4646	4647	4948	4095	
4964	4963	
5014	5015	
5025	5024	
5030	5029	
6400	5035	6401	6402	5034	
5036	5037	
5041	5040	5039	5038	
5043	5042	
5045	5044	
5047	5046	
5049	5050	5048	
5052	5053	6293	5051	
14774	5066	10511	8410	10513	10514	10512	5067	5068	
5071	5070	10300	
5083	5084	
5089	7653	5090	
5103	5104	
5109	5108	5348	
5116	10287	5115	
5131	5130	
5138	5139	
8788	5151	5148	5149	5150	
5157	7264	5158	
5170	5171	13889	13890	
5177	2356	5178	2355	
5179	5180	
5182	5183	5181	
5184	5185	
5187	5442	5188	6859	5443	5189	6768	6767	5976	
5190	5191	7428	
5194	5193	
5195	5196	5197	
5199	5198	
5201	5200	5202	
5221	11233	12450	11128	10787	11129	10652	10788	5220	
5227	5228	
5246	5243	5245	5244	
5260	8058	5261	5259	
5267	5271	5266	5270	5272	5269	5268	
5277	5278	
5280	5279	
7404	7402	11810	4605	7035	13986	13987	9259	10849	6252	7405	12385	10695	3351	997	5287	12479	8558	996	5152	8917	5737	13615	13988	3350	6254	8916	10848	10843	6062	6748	11549	8326	7143	10681	7273	9133	9132	4608	5610	7034	14805	5154	4606	13608	14479	12034	7274	14480	8553	12277	11445	5153	3118	6251	3352	12033	10842	4607	9131	4604	7403	11908	9258	3119	8327	7272	
5294	5296	5297	5298	5295	5293	
5301	5302	
5304	5305	
5319	5979	5318	5317	
5322	5321	5320	
5326	5325	5327	
5328	5329	
5330	5331	
5373	5374	
5498	5400	5401	5402	
5413	5140	5020	5412	6604	8181	6605	5415	14355	5137	6606	7033	5414	6602	6603	5021	5019	5416	5411	5417	
5426	5427	
14235	5428	14125	7734	11304	12525	11305	7733	12524	11306	7732	5429	
6755	5431	5430	7847	
5436	5434	5437	5435	
5438	5439	
5444	5445	
5448	7431	6868	6869	7432	10621	5446	7753	7752	5447	10622	
5452	5451	
7773	5811	5810	5479	5477	5480	5478	
5490	5491	
5493	5492	
5499	5500	
5508	5507	
5515	5516	13141	14936	13140	
5525	5523	5522	5524	
5526	5527	5528	
5534	5535	
5536	5537	
5559	5558	
5576	5575	
13037	8678	5597	12603	5598	13239	10577	12602	13038	8677	14474	10692	13039	
5604	5605	
1906	1905	5608	5609	
5616	5617	
5620	5621	
5625	5626	
5640	5533	5532	6774	
8107	5642	5441	5440	5643	5641	
5648	5647	
5649	5650	
5654	8858	5655	
5686	5685	
5706	5707	
14111	5710	11439	11801	5709	11802	5711	14112	5712	11438	
5714	5716	5715	5713	
5728	10693	4380	8912	5727	5613	12608	4379	
15170	15048	15047	5731	8554	3984	5730	3985	11288	9592	10696	8673	5732	10350	
5733	7156	5734	
5739	5738	
13760	5750	8699	5749	13759	8090	
5753	5752	5757	5751	
5760	5759	5758	
5768	5769	5767	5980	8976	5766	9947	10385	
5779	5778	5780	
5786	5787	
5814	5815	
5817	5816	
5820	5819	
5823	5821	5822	
14478	5832	14477	10022	5833	
5838	5837	5835	5836	
5842	5841	
5849	5848	
5857	5856	
5764	8596	5863	5765	5864	5861	5763	8117	5862	
5871	5870	
5874	5875	
5886	5887	
5888	5889	
5890	5891	
5898	7440	5899	
5903	11150	5904	5905	11151	13438	9644	
5931	5930	
5934	5933	5932	
5944	5943	
8087	11687	5972	14229	11689	5973	14230	8086	
8116	5978	5977	
5983	5982	5981	
13429	9751	12229	9983	3674	807	3315	8164	4668	12122	11352	1354	1680	3161	2405	8517	2807	11376	1529	10560	6132	2016	3194	14560	12230	2406	12368	10065	14413	3197	14314	15129	2515	9239	6122	2727	280	354	13717	2314	1091	13929	131	88	1466	206	333	8	14847	8745	3775	14651	1044	49	6495	8607	11127	1206	121	13423	13324	43	5370	2813	332	2313	9347	1027	11252	3019	3214	1446	3320	84	14648	11385	9459	288	46	661	11138	11087	1784	710	13920	251	11122	6891	7364	50	6021	12592	1209	8132	5801	1591	799	14	805	4696	12587	2841	3015	10922	10937	14776	11098	12124	2400	163	4133	8168	725	8035	1525	12959	6459	2117	12975	14672	1594	3686	9659	14777	4466	6566	14419	637	191	3957	11963	3416	4538	4976	11096	5088	10666	9204	5063	1182	6547	6018	14056	7444	7091	6805	9375	5999	11532	383	4537	9709	3545	11	8267	13313	11601	10525	78	209	12102	11789	334	9869	391	2633	5658	6000	7221	261	9708	5569	480	7795	8031	1751	10202	13955	235	2120	14155	1183	10394	12819	826	10305	7243	14564	7931	10524	372	382	2007	4773	14882	7953	10626	14186	654	6888	14663	28	2116	10556	8613	598	9468	2480	3409	7659	811	6804	327	2938	6096	4683	2006	11785	348	11055	12355	14639	3068	2401	286	12810	732	705	548	2648	1150	10530	4264	10197	7766	14156	6095	14655	3950	9101	549	1756	433	295	8625	8398	5214	14653	13325	8760	390	13426	2273	740	5240	8608	1256	6979	3619	967	14342	14296	9716	10628	207	0	14756	12354	11137	11152	82	11511	6325	630	12580	9	8284	10	6571	6090	202	11656	13192	5462	9845	101	5772	6896	6889	1557	9967	12008	8508	963	264	514	11776	14157	10318	13721	12761	2019	94	269	33	1175	204	9958	12117	593	294	11602	11981	4322	117	2115	3202	7647	6542	9573	3630	14295	1092	6437	836	2305	13318	14878	13539	2177	1379	2	6691	14649	1404	709	958	13715	141	14745	9335	11597	14664	13582	103	9003	201	14319	12	812	6885	828	6668	11110	5077	14281	10083	259	7937	969	12370	11047	7225	11891	56	9714	419	11392	13195	15001	7657	751	782	5213	9841	8848	2375	10766	11863	4697	1641	9736	2119	9872	329	8268	6102	594	6024	476	6331	4789	8008	13212	7222	335	9241	7358	13580	9844	5992	10935	2823	1858	9098	11747	5652	15128	4152	363	1485	11782	3774	4669	3079	221	222	6656	13549	13191	401	80	3039	75	4900	1459	10172	79	8536	2207	12783	12669	10311	3939	1355	7679	7359	26	13435	1745	1953	1737	2243	11012	12129	6469	6239	13178	8299	1779	3773	13713	534	14861	12339	8610	10073	4252	9482	772	13457	310	9579	14747	12967	11403	13443	12226	788	102	10074	2597	7109	511	13550	9373	13098	11347	14451	6123	7954	135	758	7475	4910	6669	8735	808	10773	1664	118	7495	2306	708	1949	14659	4794	3783	10515	14987	12545	12433	12249	4153	804	1551	970	7104	12248	1778	6714	14449	2012	5258	179	3485	550	11768	504	14881	7019	10539	5804	14980	14181	5540	8020	1595	972	155	11028	6580	11025	2805	5364	12554	11635	2064	12557	7925	4908	12243	10301	27	2182	10900	14972	7108	9455	11143	7216	8528	13447	451	9651	168	11630	11359	720	624	7940	458	132	11759	2967	1263	5093	457	10062	5657	15113	250	10553	3146	107	14274	10776	4469	326	9981	10523	11402	1638	5539	12007	2028	87	11104	13113	13217	14989	3620	14278	1539	3629	2843	14088	9575	7928	267	14849	9968	7465	14173	1531	5064	3482	6134	9574	13454	635	14083	8509	10634	7934	1158	1972	7926	2615	465	520	15013	5204	274	8040	416	1875	1782	7796	15002	1406	9722	8744	3936	311	8999	5216	1727	12216	4451	1654	11873	760	215	5252	5541	7112	11898	2027	11103	359	8642	83	5060	3666	14765	7683	14752	1556	7103	15012	759	6673	9765	7435	8984	12667	68	1586	10763	3147	1189	9357	11249	2689	9356	5555	268	9850	7333	3522	1659	406	153	6023	1752	172	875	290	3875	11605	14271	4041	1293	2017	4545	7107	12218	3894	9650	1407	987	739	817	6570	1431	704	966	11001	6089	3951	407	482	13694	7571	658	13182	9369	9864	645	8500	6690	12809	9462	612	12242	835	1728	7656	2840	2532	450	3215	9075	9982	5692	629	11780	2630	106	1951	7754	129	6454	6101	420	14420	8505	2013	12250	1952	9655	9337	1558	11029	14537	8399	4960	7585	14443	14558	7004	3949	13841	125	205	2726	4183	74	256	539	5455	142	2011	1290	158	3277	13846	9364	9107	11250	4920	5893	8131	331	1785	5703	608	5389	1865	4276	6803	11756	5773	5798	9745	761	464	14554	5381	12993	3677	108	4450	7938	9979	1072	8759	6211	1692	11790	6897	6451	12808	566	5998	234	810	174	6802	5368	10315	368	6458	503	6724	12094	73	8301	625	11954	7351	3641	6585	11011	7692	8988	11263	11052	10066	12776	8396	2819	14771	6561	1998	3754	100	12779	3518	3543	12559	12436	8994	3498	13704	9970	12994	12811	10774	2631	263	627	5556	698	512	2730	11014	2605	8170	943	1184	8766	12589	1682	521	9002	4958	6468	5453	3065	14167	6470	803	1757	5362	2398	9718	827	4304	4425	12968	136	11979	486	4275	7018	11244	11969	14164	3278	14531	10655	2588	9977	149	5468	5217	610	463	1371	9485	5805	738	3078	10920	11896	10540	15140	15004	4673	12546	665	7014	85	13451	1577	12695	796	14990	239	11348	7488	7924	8767	10775	9580	8527	4254	4465	6452	11031	8138	7658	5570	1653	2493	10764	5884	13326	122	7489	490	5876	14194	7755	7439	13216	10209	4	9660	2106	86	276	2724	1445	6009	1660	2094	7219	11767	12344	6716	3883	7074	12962	13109	12958	9552	5251	15100	957	309	1193	343	7584	7765	6220	3897	14770	208	3480	719	4902	11968	8395	42	4787	10522	12980	9365	3784	592	13446	5118	2632	9658	11879	3676	5881	4793	4901	14158	4289	12231	13805	5554	728	1071	7350	9571	12429	3738	5092	8006	6981	3785	11985	12797	13560	444	1032	8300	1405	3507	9349	13561	616	11512	9240	67	15	254	11136	8134	13465	12579	8523	238	5896	813	5571	3792	13106	14332	481	10098	5812	9737	7334	4452	13545	285	2833	470	6445	2248	2944	3884	3753	13833	1996	13716	5367	9741	9964	806	6017	9083	513	12945	7595	10299	1491	15114	11371	14850	440	1194	2596	1765	2484	14297	126	3492	10765	11223	1530	8135	790	7479	3398	2071	5117	417	14848	10320	609	5907	5568	525	3499	578	14877	2526	196	7485	13936	3735	1185	5007	4132	4475	14318	9222	160	10555	5693	6316	2804	3255	2183	14161	5661	2922	2393	143	357	2830	8733	5218	615	7006	2083	3040	13714	487	9187	11266	12112	4875	5991	12775	3675	308	2551	14064	5371	140	2717	14559	9840	167	293	11364	12568	10405	12093	8376	3667	13319	11114	1192	971	9546	617	4779	5363	8150	12798	6456	1552	15016	1	8153	266	13213	1031	8606	12825	6113	12782	8126	7354	12544	4263	644	275	180	10071	11866	5489	14448	15133	14845	369	9097	12005	10910	13469	1317	9859	6334	15132	11401	11744	13573	10285	10388	15014	2634	2029	2955	4784	362	991	399	6674	3755	6786	3213	9752	4251	2399	14159	45	11530	400	11589	9001	12995	3319	44	14341	4045	159	11041	14425	1367	7579	10643	5076	1652	278	4982	8652	10533	13	551	9978	14273	930	13811	2073	134	10737	5579	611	265	9963	752	9744	6990	13698	11383	469	13199	9663	11501	12774	13344	887	7583	505	246	5659	2645	12593	4043	7088	1030	2074	361	642	10664	1954	415	7090	9857	3195	1738	11135	474	12560	10402	6787	3318	5690	5112	7244	30	6783	48	7945	13834	12371	12347	954	14876	6572	1258	8147	277	1090	200	3212	773	614	9218	104	4281	1043	13926	6667	607	5791	1463	11384	15127	72	2290	1670	1255	14986	3067	643	783	10636	11631	10201	10319	11897	13455	178	10762	510	13953	296	1859	11880	133	7367	5349	6011	14866	12584	8612	11054	1080	105	7655	9569	14654	14294	11655	6494	15142	2857	10903	7209	13323	284	3795	1655	12990	6579	2734	2030	5091	784	8529	13695	4539	14067	4701	9990	13559	279	11878	10095	776	13456	15015	12336	432	4957	7650	626	330	4707	634	12460	2839	173	8010	8413	6677	4253	99	13099	8864	130	14163	628	8169	5912	19	9710	5892	613	292	9494	6465	1475	81	5662	9084	11341	11251	11093	14193	7920	14184	283	7073	3	6666	3417	1041	9746	164	10286	4290	7445	6980	8139	2441	13197	4567	1462	11657	448	2932	3958	
6036	6037	
6038	6039	
9117	6053	8779	6048	6040	6054	9116	8780	6042	9251	6929	6927	10443	6041	6928	9115	10444	6052	
6060	6061	
6077	6076	
6078	6080	6079	
6094	12107	6093	
6110	6109	
6120	9233	6119	6121	
6128	6127	6129	
6154	6152	6153	
6160	7614	6161	
6177	6176	
6185	6183	6184	
7484	6200	6199	
6224	6223	
6226	6227	
6246	6245	
13597	5941	13599	14095	5940	10002	10003	14094	6249	6250	13596	13598	
6256	6255	
6264	6263	
6281	6282	6280	
9315	6292	6291	9316	
6295	6294	
6311	6312	6310	
6315	6314	
6320	6321	
6323	6324	
3503	2382	10792	10314	4716	540	541	14339	6485	7778	10558	4715	11615	10645	13185	2246	11883	11020	7342	11350	11021	10551	4131	11022	11884	5782	2245	11614	4130	11248	3502	11024	10313	4167	11612	6332	6347	6484	5915	5781	4169	7777	3956	11613	11654	5561	9207	1657	11023	6346	4168	11751	11885	3501	3746	11622	
6372	9501	6370	10325	6371	13590	
10222	8545	6375	14356	6376	13363	10223	6374	
6379	6378	
14584	6383	6381	6382	14585	14583	
6385	6386	
6389	6388	
6398	6399	
6421	6422	
6423	6424	
6426	6425	
6428	6427	
6873	6872	6429	9322	7317	8368	7316	6430	10898	7187	8367	7186	10897	8494	
6447	6449	6448	6446	6450	
6467	6466	
14854	5702	14545	9952	519	10091	1781	6563	11049	1837	6202	306	11607	10930	2816	10642	4790	2284	64	61	5777	2696	8007	6562	1681	4913	11528	63	4778	9186	1298	11787	3611	5096	9212	425	6567	13204	4464	4293	6439	11037	13205	1842	4666	7943	3060	9073	349	10317	4775	9213	12772	352	5257	10403	9214	2408	5682	1377	59	2079	8302	3670	229	376	660	2738	11130	1543	8143	11267	1882	10918	5687	459	342	8983	1386	4294	13813	3411	224	119	779	11608	8629	1947	60	8504	488	5902	12123	736	4776	2697	4654	13108	14680	1195	9863	12252	10564	8014	5106	13434	13333	1385	13353	12949	3529	3911	148	2167	1271	1780	13803	1297	13103	3948	8651	151	3764	1374	14846	5882	12677	319	711	2845	11890	9725	9200	2483	6577	3406	11749	11042	3519	7102	2166	2396	1502	1880	92	12001	5688	797	1222	3268	9491	1881	13928	8394	11153	377	5378	5806	7670	1384	8747	4777	5097	10917	154	4667	13188	5473	3162	233	2285	10092	5379	4817	11616	3913	2531	3868	1687	5365	14875	11234	424	8270	8746	11788	12453	7783	350	6781	12805	304	4296	5072	93	3912	3486	5913	6490	4665	7434	171	6303	5583	6354	1542	13689	4449	1061	12807	11254	1946	438	351	11786	6999	3648	9496	4556	1375	4295	771	307	12806	9625	2086	8397	303	14678	3929	3033	9624	4557	2422	12576	2530	6438	14673	11746	10090	7758	735	9495	8982	336	1490	445	4899	7365	3767	10932	3054	7677	2620	9352	2619	5073	120	1501	14742	5560	802	95	13823	8263	7654	3765	3920	9953	9984	228	11046	13915	13543	2957	2397	2529	11043	3487	1261	378	7323	1841	14994	10786	1387	3289	2842	10316	4037	14053	2407	11232	518	14679	6012	7768	3204	152	6104	58	13352	5361	8882	3552	11988	2085	2421	1171	552	6898	6440	344	3288	305	1948	8161	8888	6491	4911	2186	5366	11053	7574	11745	6899	1688	7598	13576	13845	3914	65	2522	4321	2859	737	9221	4783	9492	5398	2361	7322	12575	14741	8264	
6500	6499	6501	
6505	6504	
6520	6519	6522	6521	
6523	6524	
6525	6526	6527	6528	
6530	6773	6529	
6531	6532	
6534	6533	
6536	6535	
6537	6538	
6592	6591	6590	
6594	6595	6593	
6597	10680	10679	6598	
6608	6610	6609	
6617	7136	7135	6615	6616	
15053	1510	6620	10349	1509	1511	15054	
13628	6637	6636	10595	
6642	6643	
6645	6644	
6648	6647	6646	
6651	6652	
6654	6653	
6665	6664	
907	4735	8663	7971	14706	14473	3694	6725	9669	3693	908	14707	2323	906	6727	9670	7809	7810	8781	992	6596	6726	14708	3695	3696	
6732	6735	6734	6733	
6736	6738	6739	6737	
6740	6741	
6758	10257	10258	6760	6759	
6770	6769	
6775	6776	6777	
5102	2628	2627	10798	10797	5101	6788	
6790	6789	
6984	6794	6793	
6812	6811	
6813	6814	
6815	6816	
14472	6822	14213	12023	6820	14212	12838	14471	12846	12024	6821	
6824	6823	
6826	6825	
6829	6830	
6845	6846	
6847	6848	
6850	6852	6851	
6853	6854	6855	
6861	6860	
6863	6862	
5646	5644	6864	7903	12209	6284	7427	6865	5645	6285	6286	6287	6289	6290	12210	6288	7904	
8497	8495	8496	8498	6867	6866	
6870	6871	
7760	6892	6908	6893	
6906	6907	
6913	12225	12224	6912	12369	
11524	6915	6916	11523	
6925	6926	11440	
6931	6932	
6934	6933	6935	
6937	6938	7821	6936	
6939	6940	
6949	11200	8817	11201	6950	11202	
6964	6963	
6966	6965	6967	
6971	6970	6972	
6973	6974	6975	
6977	6976	
6989	6988	
6995	6996	13428	
7011	7010	
7023	7966	7024	7967	7025	7978	
7029	7028	
7031	7030	
7038	7039	7037	
7043	3353	3109	8919	3108	
7046	7047	
7052	7050	7051	
7059	7058	12171	
7062	7060	7061	
7067	7066	
7072	7071	
7087	10423	9965	8884	1636	12434	12767	10182	10196	7352	6083	6006	14082	5127	1690	9876	13956	7218	9829	1526	1067	9567	11226	3504	5388	11224	6240	3047	9828	1763	14310	6436	2624	13180	7338	15139	2069	11221	8856	6586	14084	5470	14441	13421	6692	11389	11040	14414	866	6887	5784	1689	2725	1517	12944	11259	4137	724	1451	6800	11117	715	1037	1532	5567	9653	2417	5924	984	1154	1038	14165	8742	10915	5922	6573	13809	4433	7927	2070	5125	5055	4442	4067	4430	9728	4974	979	4315	13181	1309	6363	7078	13424	6342	2418	3655	2722	6028	5813	6453	10307	8009	7076	1516	6106	12956	12099	3534	4051	4695	404	13468	11998	5918	2626	6997	11362	9551	13329	13085	2380	1783	9199	13571	7229	6107	3790	5920	14539	6296	6909	8871	14897	3310	8866	10181	3419	7013	6341	12244	2618	3495	6298	6708	3441	5923	564	10654	13816	5393	11268	4554	4663	2636	8732	5382	7776	8282	2617	12977	1310	2024	4671	7086	11893	4040	4192	4047	2170	10761	11643	1983	6902	2747	2795	12004	5054	3637	6218	2625	11791	1658	7353	4895	14575	5100	9980	13354	1985	5397	11748	11158	12553	2740	13107	11159	2388	3905	945	13111	4332	865	14152	9566	744	6105	3922	1843	12768	3181	3791	4801	6695	9013	3510	7944	11005	7079	516	867	2410	8039	8886	4291	8645	5383	2951	3412	1982	1691	11238	12449	9848	3532	7007	985	9205	6306	13328	9464	5387	10306	3533	4432	12788	15145	2748	509	13214	10183	13208	1450	4187	10419	11377	9211	13327	2860	532	13914	639	886	12988	9727	7230	11778	2266	6308	2966	1449	6903	13342	9094	3209	5802	2958	5919	7363	3908	4684	6217	10086	7596	3041	12796	2940	3401	4909	12827	144	3759	6660	941	10808	5126	1844	14754	9961	2544	10421	2729	4266	1527	2728	4799	11641	15117	508	8883	4819	531	3535	980	7215	11144	10754	403	3638	5921	7200	3073	7211	3798	650	1036	11237	11149	2939	14743	14331	1017	7015	13678	515	978	8643	7933	3042	7205	2381	4662	13080	405	1202	7673	14308	753	7214	3186	4810	11246	2723	4335	6304	9085	1984	8740	15104	722	13179	2856	3402	4579	1764	4546	5488	5124	4972	1792	6924	4160	6435	6219	8015	6901	8748	11236	7686	14992	13817	4014	1203	5219	13215	3410	8990	3180	13924	8151	3422	7674	1311	5549	2269	6910	2068	10060	3182	12437	869	11258	7437	12221	6904	10298	1285	6010	4800	7329	9334	5392	1198	13919	11094	10559	2023	3420	7212	4317	13335	11741	1286	1493	10995	5694	2861	2022	4441	1845	6309	6719	10905	1518	6005	4917	6233	2621	14292	11769	11881	6204	3423	14415	12125	2366	1035	2832	3654	12085	4318	702	6460	8260	8741	944	11987	9484	1018	11393	10552	2545	7952	8870	868	11102	9074	703	4265	8885	2387	10921	9103	14307	1635	11957	1438	8513	14991	4656	12657	11086	12987	10747	14423	9483	6305	4774	2268	4062	3421	4682	14170	659	2267	1986	4905	4333	6343	3302	11394	8743	11108	4973	10308	6493	8514	6693	402	13425	12765	12787	3780	1066	11145	4316	4334	3907	13345	9106	638	12786	10790	3424	14205	10390	3906	12795	533	6348	565	9361	6232	13854	12671	11088	5396	6364	4136	6022	8863	3509	8023	1153	6707	10076	11644	
7081	7080	
7117	7963	7115	7118	7116	
7122	7121	
7125	7126	7123	7124	
7127	7129	7128	7130	
7131	7132	
7133	3226	3227	7134	
7148	7147	7825	8915	
7154	7151	7153	7152	
12626	7161	7160	
7174	7176	7175	
7178	7177	
7180	7179	
7183	7182	7181	
7185	14150	14151	13306	10166	15097	7184	13307	13309	
7189	9545	7191	7188	7190	
7192	7193	10899	8249	7194	
7247	7246	7248	
7250	7249	
7255	7256	
7285	10868	10869	7286	10870	
7303	7302	
7306	7307	7309	10890	10888	7308	10889	
7310	7311	
7312	7313	
7319	7318	
7321	7320	
7331	7330	7332	
7339	7341	7340	9196	
7346	3176	3177	3178	3175	7347	7344	7345	3179	
7373	7372	8417	8416	
7376	7375	
7381	7380	
7383	7382	
7384	7385	
8182	7395	7396	
7399	10844	14225	13990	14224	7400	10845	
7414	7413	12290	
7420	7419	
7421	7422	
8485	7424	8240	8241	7425	7426	7423	
7433	7429	9066	7430	
7450	7449	
7462	7461	
7470	7471	
7480	7481	
7498	7497	7496	
7501	7499	7500	
7506	7507	
7509	7508	7510	7511	
7513	7512	
7518	7517	7516	
7522	7523	7521	
7525	7526	7524	
7543	7545	7542	7544	
7547	9297	15213	7548	9296	15212	7546	
7557	7558	
7559	7560	
11586	7564	14147	7561	14149	7563	12542	7562	14734	10893	14148	
7565	7567	7566	
7569	7568	
7587	7586	
7600	7802	7601	
7602	7603	
7607	7608	
7610	7609	
7616	7617	7615	
7619	7618	
7624	7623	
7627	7626	7628	
7637	7636	7638	
14403	7640	7641	
7643	7642	
7644	7645	
7667	7661	7660	
7665	13201	11154	7664	
7672	7671	
10916	7675	12084	7676	9231	12083	
7689	7688	
7690	7691	
7695	3970	13130	3971	3969	7694	7693	
7697	7696	7698	
7700	8784	7699	
7704	7703	
2676	2677	6260	2675	7721	7722	
9424	7731	3241	12166	7730	3239	6849	3240	
7735	7736	
7738	7737	
7740	7739	
7741	7742	
7744	7745	
7748	5324	7747	5323	7749	
7751	7750	
7787	7788	
7792	5256	7793	7791	5255	
7805	7804	7803	
7815	7816	
7818	7817	7819	7820	
7827	7826	7828	
7829	11545	7831	11182	7830	
8444	9291	10855	3839	2344	1424	14714	845	10464	11185	12721	683	1126	5954	1330	3367	1422	8921	3004	10461	6163	10854	11913	2340	5957	1918	2341	921	4383	13138	9411	8208	15058	12871	7538	6267	10850	10130	8209	9776	6068	2771	688	5956	3462	11912	14122	10129	5961	5949	687	5960	9289	5162	13620	13619	7844	11290	6261	7718	9288	4507	11184	7839	13872	685	14493	13877	6836	7717	2343	7841	4080	3359	7536	11450	15059	1919	10858	11917	2149	1002	14715	1132	7715	10355	7719	6167	12281	13876	1425	8205	2147	12499	14492	4384	3840	2896	2234	11449	4619	4845	2050	7725	1007	1618	4618	11822	1817	5161	2049	7724	1005	9290	7620	2148	920	14227	10856	6166	3365	5840	1133	11683	10469	4386	6623	1008	11553	6262	6832	682	9781	8920	6625	5303	2897	10857	11916	7407	8203	847	8328	6833	7846	5028	1423	7280	1127	1421	10852	9037	6837	9777	6169	1426	686	12870	684	7988	846	9774	15189	8204	12883	7716	7713	9778	6171	4381	3838	6067	8808	9905	15060	5839	12497	3366	2235	12498	5951	7537	3836	4385	1420	9410	5952	14228	681	3837	6265	1816	14121	14495	13495	6168	9140	13494	6838	2342	10234	4382	11684	11911	6622	5953	680	8805	5159	9038	5950	6750	9773	842	7838	7842	9779	12282	1006	6627	6165	10463	8810	14814	12160	1333	4617	6831	14494	1329	13998	11063	7845	7045	10851	13621	6835	2898	4387	8809	5299	7834	11554	6164	9138	1004	13270	3361	12884	9771	14371	1818	1812	844	13999	7987	14716	2682	7723	5955	1617	8206	11821	5958	5424	13873	6946	14120	6751	7986	3463	5300	1419	11820	1003	9780	14813	10462	2679	6834	6268	7714	7622	3579	1813	11448	7843	2470	15190	12279	7720	10853	8207	7044	4620	6624	3835	13266	7835	3364	13267	11823	5843	11685	6749	3363	7621	6266	14372	13874	10127	8922	9287	5425	5959	10354	9772	7840	1334	12500	14922	6621	1123	13268	13875	2680	2678	13271	6752	9139	1917	10128	843	6170	6626	9509	4388	11915	12280	1331	10701	5948	11064	2233	3003	9510	3360	7406	9775	2681	3362	10581	13269	11914	
7872	7873	
7874	7875	7876	
7877	7878	
7879	7881	7882	7880	
7883	7884	7885	
7888	7889	
7890	7891	7892	
7893	7894	
14270	10053	7896	7895	10055	10382	14269	10054	
10282	7897	10380	7898	10381	10283	7900	7899	
14838	10611	7902	7901	14840	14839	
7909	7906	12207	7907	7905	7908	12208	
7910	7911	7912	
7914	7915	
7916	7917	
7918	7919	
7946	7948	7947	
7960	7959	
7965	7964	
7973	7972	
6599	7975	7976	10833	6600	
7980	12704	7979	12705	
7989	7057	7990	7056	
7998	7997	7999	
9703	8001	8000	
8119	8002	8003	8118	
8005	8004	
8013	8012	
8017	8019	8018	
8021	8022	
8047	8046	8045	9862	
8052	8050	8055	8051	8054	8053	
8056	8057	
8061	8063	8062	8060	8059	
8066	8065	8064	8067	
8664	2133	13863	8073	3977	3336	9504	10330	5016	3094	6247	5274	3565	2984	5419	6047	3447	2555	1610	6056	10005	5018	2988	3339	9767	7503	2561	8655	12136	3092	7701	2871	7021	2325	2879	5594	3344	2453	3564	11278	1609	2449	10669	3334	13981	5718	5722	1898	9668	11167	7245	3566	1319	12137	2874	10429	12847	13862	3095	13861	6045	1897	4356	2557	5590	9023	10116	1320	9119	3819	2878	9677	1409	10114	5275	10670	3340	2038	13595	7605	2036	7811	6145	1111	1110	3817	7514	4484	3224	2558	13980	5591	5010	2037	10004	4357	7260	3337	4358	3451	3568	7702	2562	6818	10671	5721	11669	3821	3807	2989	3449	8072	12021	14911	3813	4205	3820	6049	2981	5726	2224	12022	5719	5505	6046	6055	2454	4211	5273	5012	7982	6044	13018	10428	3223	6498	7504	10568	12134	4204	12843	2872	4076	3335	10331	5276	10943	13982	12135	2132	14358	13594	6146	10944	13016	4349	5587	6819	4206	5142	3338	9022	14357	5407	8786	4202	2990	7981	11166	3818	5705	2753	4207	8661	9680	2985	7520	7377	2456	4075	6729	5013	5592	4483	9674	4478	10945	8787	6058	13029	4596	9388	10816	1608	5406	7519	14105	2448	12265	1896	5724	9673	1410	10946	7515	5723	14705	2455	2982	2986	3448	7022	3455	8549	5408	4074	7606	5504	11800	7969	6057	4203	5725	6059	13362	6731	8785	6380	10115	3816	6503	9675	5593	3450	13232	9885	8068	10113	6155	7502	3343	9667	12703	2324	2556	2873	5506	9678	6601	3567	4727	7812	9676	5011	5017	13017	6051	7378	1895	2983	7604	11277	13978	5818	6050	9679	5009	13237	2987	8662	5265	2457	9666	8656	13015	6728	4837	2033	10328	7970	6502	1408	5708	14359	10817	8174	5136	7379	11534	3811	10329	5418	9768	7977	8303	5588	4838	5264	11279	6817	3812	7032	8427	6043	5720	3093	
8082	8084	8083	
8089	8336	8335	8088	
8095	8096	
8097	8098	
8100	8101	8099	
8102	8104	8103	
8106	8105	
8112	8110	4009	4010	8109	8111	
8113	8114	
8120	8121	
8124	8123	
8140	8141	
8156	8157	
8163	8162	
13922	8165	8166	
8171	8173	8172	9880	
8177	8176	8175	
8178	8179	
8187	8188	
8192	8191	8190	
11550	14113	8194	11552	9401	11551	9400	8193	14476	
8201	10706	8202	
8212	8211	
8214	8213	
8220	8219	
11483	8232	8230	8231	11482	8229	
8234	8233	
8244	8245	8243	8242	
8248	8246	8247	
8250	8251	
8265	8266	
8271	8272	
8291	8290	
8294	8295	
8306	8308	8309	8307	
8310	8312	8311	8313	
8317	8316	
13244	8320	10458	14806	8321	10952	8322	
8332	8334	8333	
8339	14954	9304	9698	9305	9307	9306	8341	8340	8338	
8347	8463	8348	8346	12533	12931	8349	9618	8344	8462	8345	
8351	8352	8350	8354	8355	8353	
8359	8358	
8360	8361	
8362	8364	8363	
8366	8602	8365	
8381	8383	8382	
8390	8389	8388	
8415	8414	8978	8980	8979	
8420	8418	8419	8421	
8423	8422	
8424	8425	
8437	8436	
8442	8441	
8446	8445	
1134	8330	10966	11296	5743	10965	5741	10039	11706	14615	6634	3128	6069	6414	10471	6635	11297	4083	4084	6511	10472	4630	4509	9793	5633	3845	3843	11295	7995	14717	6510	1135	3581	5635	5742	3844	3580	5634	14614	5747	
13173	8456	8457	11322	
8459	8458	
11934	8720	12404	8467	9310	8466	
8469	8470	8468	
8473	10606	8472	11208	14027	9694	14026	12324	8471	
10376	13058	15084	10500	8475	10375	8476	13059	8474	
8478	8479	8477	8480	
8481	8482	
8484	8483	
8488	8487	11491	
8493	8492	
8515	8516	
8537	8538	
10332	12706	8539	8540	
8542	8541	8543	8544	
8551	8550	
8559	8560	8561	
8564	8565	
5850	5851	8568	5852	12396	6757	
8572	8573	8571	
12922	8577	8576	12921	
8578	8579	
8581	8582	8580	8719	
8584	8583	
8585	8586	
8587	8588	
14520	11578	14521	12529	8461	8590	8460	8589	15083	
8592	8591	
8597	8598	
9185	8600	8599	8601	9067	
8603	9068	8604	9065	
8624	8623	
8632	8635	8634	8633	
8649	8650	
8654	8653	
8659	8660	
8696	8697	8695	8698	
5315	8702	8703	8700	5316	6172	8701	
8704	8705	9791	
8706	15080	8707	14618	
8709	8708	
8710	8711	8712	
8714	8713	
8716	8717	8718	8715	
8721	8723	8722	
8724	8727	12074	8725	8726	
8738	8737	
8753	8754	
8783	8782	
8795	8794	8796	
8798	8799	
8811	13052	13051	8812	
8824	8823	
8826	8825	
8829	8830	
8833	8835	8834	
8839	8840	
8846	8847	
8859	13711	8860	9633	
5697	5698	8875	8876	
8896	8895	
8901	8903	8902	8904	
8905	8906	
8909	8908	9897	
8911	10229	8910	
8914	8913	15041	
8923	8924	
8926	11289	13139	8925	
8929	8928	8930	14511	
8933	8934	
8936	8935	8937	8938	
8940	8943	8941	8942	
8947	8946	
8948	8949	
8953	8952	8954	
8958	8955	8957	8956	
8964	8965	
8966	8969	8968	8967	
8971	8972	8970	
8974	8975	
8996	8995	
9005	9006	9008	9007	
9015	9014	
9017	9016	
9018	9019	
9890	9020	10224	9892	10225	9891	9021	
9025	9024	
9027	9026	
9029	9028	
9032	9031	
10689	9033	9034	10690	
9041	9042	
9044	9045	
9436	9052	9172	8356	8357	9051	
9053	9054	
9057	9055	9056	9058	
9059	9060	
14966	9062	9541	9540	8842	9539	9061	9542	8841	
9063	9064	
9070	9069	
9087	9088	
9096	9095	
9110	9109	
9111	9112	
9113	9114	
9125	9124	
12278	9126	9127	
13137	9130	14602	9129	10460	
9134	9135	9136	9137	
7541	9142	7540	9144	7539	9141	9143	
9154	8217	9155	8218	9153	
9159	9158	
9161	9160	
9162	9163	10722	
9165	9164	
9167	9166	
9169	9168	
9170	9171	
9174	9173	
9175	9176	
9179	9178	9177	
9318	9180	9319	9181	10168	10167	9317	12424	9182	14740	
9183	9184	
13222	9201	9202	
9216	9215	
9228	9227	
9235	9236	
9238	9237	
9245	9243	9244	
9246	9247	
14587	14586	9249	9250	
14603	10018	9255	9256	
9284	9264	9271	9273	9276	9275	9266	9283	9265	9274	9261	9281	9272	9279	9278	9282	9277	9280	9262	9270	9269	9267	9263	9268	
9295	9294	
9301	9300	
9303	9302	
10731	9693	9309	9695	9308	
9312	9311	9313	
9320	9321	
9323	9324	
9333	9330	9326	9331	9329	9332	9327	9328	
9340	9339	
9344	9343	9341	9342	
9355	9354	
9384	9383	9385	
9387	9386	
9393	9392	
9407	9406	
9408	9409	
9421	9422	2912	10251	13396	9423	13395	2911	2910	
9425	9427	9426	
9429	9428	9430	
9432	13895	9431	
9435	9433	9434	11724	
9439	12314	9440	
9442	9441	10272	
14953	9444	10732	9443	
9448	9447	9445	9446	
10503	9451	9450	
9457	9458	
9466	9465	
9476	9470	11346	9475	9471	9469	
10191	10189	10190	9490	9489	
9502	9503	
9518	9517	9516	
9520	9519	10043	
9522	9521	
9524	9525	12746	9523	
9531	9527	9526	9530	
9528	9529	
9532	9533	9534	
9535	13292	9536	
9538	9537	
9623	9544	9543	
9562	9561	9563	
9565	9564	
9587	12263	12264	9586	
9588	9589	7388	7387	
9610	9611	14387	
9615	9612	9614	9613	
9617	9616	
9619	9620	
9622	9621	
9627	9626	
9629	11775	9630	
9637	9638	9639	9641	9640	14642	
9648	9649	
9665	9664	
9687	9688	
9691	9692	
9697	9696	
14402	9700	9699	
9701	9702	11948	
9706	9707	
9748	9749	9838	
9758	9757	
10395	9760	9761	15103	
9762	9764	9763	
9782	9783	
9789	2159	3008	9790	10358	2158	13507	12042	
9795	9794	
15210	9797	9798	9796	
9800	9803	9801	9802	14238	
9806	9805	
9808	9807	
9810	9809	
9814	9813	
9815	9816	
9818	9817	
9823	9822	
15229	9825	12425	10615	9824	11860	11861	
9834	9832	9833	9835	
9855	9854	
9868	9867	
9874	9873	
9884	9883	
9889	9887	12598	9886	9888	
9894	9893	12605	12606	
9896	9895	
15055	12275	13868	9898	13867	9899	12276	
9902	9903	
9915	9917	9912	9913	9916	9914	9918	
9924	9923	
11313	9926	9927	
9929	9928	
9930	9933	9932	9931	
9935	9934	
9820	9936	9937	9821	9819	
9938	9939	
14837	9941	9942	10894	10284	
9943	9944	9946	9945	
9948	9949	
9950	9951	
9956	14330	9957	
10000	9999	10001	
10011	10009	10010	
10020	10019	
15211	4629	12514	13763	7996	14497	11070	7294	4752	4520	13761	12394	8451	6954	12055	5308	13144	6952	13649	12627	6395	3852	3722	10137	10026	6753	7864	4626	12890	9785	8813	1512	6641	5519	9292	4004	8085	3243	11827	6632	12296	6416	3596	6413	15070	15061	2056	6841	10862	7299	10961	7287	15066	3126	3475	11836	1237	6628	7288	12516	10237	6839	4939	2156	11464	6765	12899	7169	2054	14384	3373	10247	12616	8680	12900	1342	11558	10261	6512	12909	8694	11927	3583	3842	8094	5310	2238	9043	3010	5845	3369	1011	927	6279	1339	5169	10135	6763	4521	14498	4517	2913	12169	7284	6415	855	7295	14613	10590	9605	10262	5521	10356	5307	10587	4943	1241	11458	12908	6273	13882	15215	12298	10033	3725	3238	9420	857	11454	5174	2055	8562	10042	12293	3597	6410	12887	15199	6275	11830	1336	9150	4628	10246	11693	12173	5167	10473	13624	11926	12172	1343	2153	12398	6181	3584	6278	13764	15196	12308	5847	12625	5631	13282	4085	13630	5432	5518	11189	8690	928	7866	2350	1239	4516	7552	14128	3124	10142	9416	7048	7863	5844	1717	4230	13050	12885	6844	2774	5033	6951	11187	15206	2780	9784	7305	4222	4392	7549	1337	6403	14007	1825	14001	13629	14014	10034	5165	1824	10238	4227	6412	14499	1238	13285	12622	5962	9920	13650	12295	12167	13042	12728	6409	12505	6271	8569	4942	13635	1427	1349	11834	5312	4003	6277	12046	2914	11925	10151	3598	7550	6417	12285	3595	3127	8563	6762	13770	4852	8693	10475	5168	10585	11312	12722	6405	11570	856	3589	14126	1428	2353	9149	15198	8575	1716	9907	12886	3122	3998	10860	1244	11462	4394	11928	5855	6640	12515	11459	5623	12170	5853	11307	6071	8216	6513	4224	6638	12727	11457	3237	7629	10963	3376	2782	854	9047	15193	8686	12307	14382	1513	4519	10582	3861	13891	10859	3474	3856	3374	9607	14937	12510	7849	12617	7166	14385	8092	5306	2058	7858	13147	8452	6754	13768	10711	3129	9908	15192	7861	4627	7994	8684	8944	9512	10041	3136	10040	7631	6396	14718	12288	6406	2053	7551	7055	925	12517	4746	9606	6274	13146	3712	15191	14008	12615	9604	4398	5748	7857	8683	13159	9040	9415	1715	10131	14233	8815	14818	15214	11828	853	7170	12392	13043	2151	12291	7292	11704	15071	10710	3582	12051	14004	13049	10713	7168	14232	4091	11461	4231	13627	14011	14510	12732	13053	4237	13054	13385	7283	2783	9413	13044	8329	11561	10874	4232	13633	7293	13045	7173	1430	13625	6955	9039	15200	924	12047	3009	8455	1714	6953	8337	11924	11705	9922	5172	15216	14827	7291	10967	7726	5756	10709	10490	5031	14376	2781	14819	9414	15201	10488	10138	12400	10139	3599	15069	2349	7289	11196	11696	12299	3594	4851	1833	3123	8687	10876	10591	6180	10133	3585	14245	4524	4393	10964	5745	9412	5630	11688	2237	4399	7159	14383	9419	15074	4229	10714	5309	7859	11694	14608	2901	922	5755	13391	6075	13277	13632	6174	2786	10877	3854	6276	13634	7304	15209	1013	6840	1242	4747	9599	10025	12397	6270	8816	11572	1350	7282	7301	12052	12723	12628	2907	9788	5173	13152	15202	7850	7290	14504	11571	10483	12399	6173	14605	13142	7298	3591	7852	7862	15197	14123	10474	1826	5314	11920	11463	4391	4000	10132	7856	13394	11566	13631	10872	7415	11311	2152	4007	9787	4223	13884	7417	2915	14815	12894	14005	10958	12056	3121	14816	7165	9804	14010	12045	10470	10593	11190	1335	7729	5628	7851	7167	6074	4847	862	12888	11071	12174	12504	10586	14505	11714	8566	9298	9608	7727	13637	13155	12901	5967	11460	13156	14240	3847	14375	13645	12518	8685	3713	12044	7416	3851	9603	13894	6411	2785	6070	8210	14386	10957	1014	10148	6182	1832	4848	13765	11188	926	7865	8820	2773	7992	8692	3860	10489	9156	8945	5754	11692	1338	12168	11195	12286	12287	1234	9909	1243	14374	3846	861	9417	6175	9046	8927	9299	4523	7860	1345	6761	9600	7172	1137	7855	13499	3724	6633	2778	11703	6072	10035	13506	4846	3587	6514	10357	2787	13055	10027	14817	13639	3120	9906	9690	12165	4089	13636	929	6516	5740	10359	5854	15072	11923	5966	12164	14009	2900	14234	6397	3849	3848	15073	8818	10871	5964	7281	12292	3138	9157	5517	9602	13767	7296	7854	13769	1012	5624	4751	6842	8450	14231	14719	10487	10134	2772	3586	4748	3370	12401	3375	5166	14513	10029	2057	10492	7848	9921	5965	15065	9145	8931	9786	8226	14239	12623	12893	5744	14377	1138	6178	9609	9513	12523	13145	13893	13892	7418	10875	10717	7049	14000	6272	7300	13386	3125	13389	11835	8215	10861	2916	10136	1009	1429	2354	1236	12395	10243	3012	5627	11300	11565	13766	7853	14930	3377	3853	7158	4518	1831	10592	5963	14923	8819	15064	6639	3999	4397	3137	11186	14604	10149	12902	9511	1240	2157	7297	10032	8691	3368	5520	3011	3997	2779	10028	2906	14496	4944	8449	7054	8679	11455	12289	6756	14609	12187	1136	11303	15068	3850	9911	13387	12297	10715	14939	7867	3588	13640	8939	12186	14503	11713	11559	6764	15067	2150	764	14124	6630	12624	858	4008	10712	13276	7630	12054	12889	9418	12526	1010	6631	12508	13886	12393	10589	5846	10259	10143	763	8574	10141	3855	8447	13498	10036	13278	923	13047	3242	5622	11560	6947	10486	14373	13048	11562	10491	11310	13881	5313	8682	8814	5629	11826	14938	10240	11569	11829	9601	1344	8448	4945	4090	10873	8567	10140	9148	9293	13762	14127	10239	3723	12502	15217	13885	13883	1235	12057	9799	10588	11695	9910	7171	8093	5433	3590	2777	10594	6179	6843	14607	7728	6073	13880	12053	12522	8689	8681	12898	12509	6766	7053	8570	6418	6515	12503	14006	6948	9514	4228	8688	13638	13143	14606	
14927	10038	10037	14926	
10045	10044	
10047	10046	
10050	10048	10049	
10052	12316	12315	10051	
10056	10386	9705	9704	
10059	10058	
10082	10081	
10088	10089	
12013	12998	12997	14343	10104	10102	10103	14345	4071	14344	4070	
10118	10117	
10145	10146	10147	10144	
9811	10153	11074	13898	10154	9812	12918	14015	12630	10155	12917	12629	10152	
10158	12193	10157	
10162	10160	10159	10161	
10164	10165	10163	
10170	10169	10171	
10176	10174	10175	
10178	10177	
10185	10184	
10193	10192	
10205	10206	10204	10203	
10210	10211	
13968	13966	10214	10212	10215	10213	10216	13967	
10219	10218	10217	
10231	10232	
10235	10236	
10241	10242	
10245	10244	
10252	10254	10253	
10255	10256	
13508	8223	8221	8222	4749	8224	4750	10260	
10263	10264	
10265	10266	
10267	10268	
10270	10269	10271	
10273	10277	10274	10276	10275	13288	
10309	10310	
10334	10336	10335	14351	
10340	10339	10338	10337	
10345	10346	10344	
10353	10352	10351	
10360	10361	
10363	10362	
10366	10367	10368	
10371	10372	12199	
10374	10373	
10379	10378	
10383	10384	
10401	10400	
10412	10411	11504	
10432	10431	10430	
10434	10435	10433	10437	10438	10436	
11672	10818	10439	2034	3100	8547	6150	11902	10220	14580	10008	8428	13028	8430	8431	11666	2035	8432	8546	11668	8429	3099	5403	8548	13734	10440	11667	10221	11535	8657	10007	8658	7806	5405	12272	5404	10006	8304	13600	11536	
10442	10441	
3991	10447	5023	7832	14598	7833	13490	4840	10017	3111	9123	13745	9593	3112	7270	3113	5022	3992	
10453	10454	10455	
10465	10467	10468	10466	
10479	10481	10480	10482	
13626	10484	10485	
10495	10496	
8828	8827	9925	10497	
10499	10498	
10501	10502	
10505	10506	10507	
10508	10509	
10516	10517	
10528	10529	11619	11618	
10544	10545	
4841	9404	4844	9403	14712	10012	5144	4842	11907	9405	9402	4843	10570	5145	10569	10016	
10571	10573	11909	10572	12714	11910	12715	
10579	10578	10580	
10598	10599	
10602	10601	10600	
10605	12926	10603	10604	
10607	10608	
10610	10609	
10614	10613	10612	
10618	10619	10617	10616	13308	13071	13072	10620	
10624	10623	10625	
10638	10630	10640	10639	10632	10631	14872	10629	10633	
10667	10668	
10674	10675	10673	
10677	10676	10678	
10698	10697	10699	
10704	10705	10702	10703	
10707	10708	
10718	10719	
10721	10720	
10723	10724	
10726	11725	10725	
10728	10727	
10730	10729	
10733	10734	14137	
10736	10735	
10745	10743	10744	10742	
10779	10781	10782	10780	
10806	10805	
10810	10811	
10820	10822	14910	10821	
10824	10823	
10827	10825	10826	
10830	10832	10831	14214	
10835	10834	
10837	10836	
10839	10838	
10847	10846	
10863	10864	
10879	10878	
10882	10880	10883	10881	
10884	10885	12923	
10887	10886	
11337	10994	10892	13415	10891	
10895	10896	
10901	14092	10902	
10925	
10940	10939	10938	
10949	10948	
10951	10950	
10955	10954	10956	
10960	10959	
10969	10968	
10971	10970	
10974	10975	
10977	10976	
12635	12634	10979	10978	
10981	14395	10980	
10983	10982	10984	
10986	11325	10985	
10987	10988	
10991	10989	13666	13667	10990	
11009	11007	11008	
11065	12294	11066	
11068	11069	11067	
11073	11072	
11075	11077	11076	
11080	11081	
11083	11484	11084	11082	11085	
12233	7767	12448	11089	3642	14662	4061	460	2817	4446	1023	11148	9988	6921	14312	4056	11050	3756	1970	462	7648	574	14311	1538	1537	11116	10180	780	1160	4828	3627	9987	2797	2812	2796	2404	3687	14550	3640	8861	11092	13116	14072	13221	1700	10753	3628	4555	1573	13844	3733	13200	1969	11230	3758	10067	781	1574	1651	461	1575	2090	3662	10563	4993	6140	1968	14762	14549	12948	6361	2091	9374	11529	7935	2855	5212	7208	648	10072	9004	3730	2092	1879	3301	2263	12235	10649	13548	6565	1701	12675	7942	2291	9976	3292	9754	9359	7198	7207	13420	12676	11091	29	4058	3548	4445	6778	3050	3688	4962	1702	3291	1161	1173	4057	11892	11090	4044	3051	8375	3626	2084	647	1174	12446	13843	4961	9360	12012	
11105	11106	
11112	11113	
11134	11133	
11147	11146	
11162	11163	
11169	11168	
12380	11170	11171	
11172	11173	
11175	11177	11176	
11191	14512	11192	
11194	11193	
11198	13648	13646	11199	11197	13647	
11206	11204	11205	
11211	11209	11210	
11212	11214	11213	13662	
11215	11944	11216	11945	
11217	11218	
11229	
11242	11241	
11272	11270	11271	
11276	11275	11274	
11284	13479	11285	
11287	11286	
11292	11291	
11293	11294	
11298	11299	
11301	11302	
11308	10584	11309	10583	
11314	11315	
11316	11318	11317	
11320	13516	14134	11321	
11324	11323	14037	14036	
11327	13176	14032	14038	11326	13177	
14256	14257	11329	11328	
11330	11332	11730	11331	11731	11333	
11334	12937	12756	11336	12938	12754	12755	11335	
11369	11368	
11374	11373	
14349	11433	11432	11435	14350	11434	
11451	11452	11453	
11465	11577	11467	11466	
11470	11469	11468	
11472	11471	
11474	11473	
11475	11476	
11480	11479	11481	
11486	11485	
11487	11488	
11490	11489	
11494	11493	14069	14191	
11500	11499	
11517	11516	
11520	14974	11519	
11537	11538	
14470	11541	11542	
11557	11556	11555	
14820	11563	11564	
11568	14012	11567	
11573	11574	
11575	11576	
11580	14255	13781	11579	
11582	11581	
11585	12639	11584	12939	11583	
13588	11658	11660	11659	
11661	11663	11662	11664	
11670	11671	
11674	11675	
11678	11679	
11681	11680	
11691	11690	
14241	11698	11699	11697	
11702	11701	11700	
11708	11707	
11710	11709	
4632	4631	11711	11712	
11717	11716	11715	
11720	11719	14835	14021	11718	
11721	10365	10364	11203	
11722	12910	12911	11723	
11726	11727	
11728	14730	11729	
12070	11733	11732	12200	14140	12071	12069	
11735	11737	11734	11736	
11739	11738	
11743	11742	
11754	11131	14855	11755	11132	
11761	11762	
11784	11783	
11792	11795	11793	11794	11797	11796	
11798	11799	
11805	11804	10123	10124	
11806	11807	
11808	11809	
11815	11816	11817	
11818	11819	
11825	11824	
11833	11832	11831	
11837	11838	12912	
11839	11840	
11841	11842	
11844	11846	11845	11843	
11849	11848	13526	
11851	11850	
11854	11853	11852	
11855	11856	
11870	11872	11871	
11876	11877	
11887	11888	
11900	11901	
11903	11904	
11918	11919	
11922	11921	
11930	13776	11929	
11931	11932	
8342	10377	11933	8343	
11936	11935	14524	
11937	11938	
11939	11940	
11943	11941	15093	11942	
11947	11946	
11951	11952	11950	
5075	14057	3612	14187	2608	1166	4675	6722	10061	13083	4034	7486	11161	14440	6721	11965	11977	146	7366	11642	4042	6098	12349	2298	11978	1045	12982	5460	7576	1729	4255	3872	1046	13077	77	6130	13092	6791	3873	2432	2296	477	3896	3869	12002	13853	10933	3874	3210	5232	11099	10644	13852	4164	1047	7958	4991	14417	4705	12780	14970	6875	76	113	11967	9105	11225	7092	4704	3148	123	1168	6352	62	13442	2838	6099	7575	11101	1167	6317	2431	13541	13851	69	3624	8626	13677	13542	823	147	4992	12350	3211	11966	12566	12342	3625	14671	12983	6351	2297	5081	9865	8627	13935	3168	4887	4035	824	5233	14750	11027	6349	7487	1760	11864	14416	14541	6350	7093	6108	13321	6723	3871	4159	14785	13346	11100	5074	114	13347	3895	12984	3870	6131	414	12678	
11995	11997	11996	
12015	12016	
12025	12026	
12027	12028	13368	
12031	12032	
12037	12036	12035	
12039	12040	12038	
12059	12058	
12060	12061	
12063	12062	
12064	12065	
13657	14394	13658	15082	10370	15087	12066	12067	12534	13778	10369	
12073	12072	13782	
12081	12080	
12096	12097	12095	12098	
12111	12110	
12114	12115	
12126	12127	
12133	12132	
12139	12140	
12141	12142	12143	
12273	12146	12145	
12148	12149	12147	
12153	12152	
12157	12156	
12159	12158	
12162	12161	12163	
12176	12175	
12177	12178	15063	13281	14924	12179	15062	2346	2347	13280	2345	13397	14925	
12183	12185	12180	12182	12181	12184	
12189	12188	
12192	12191	
12196	12194	12195	
12202	12201	
12204	12203	
15228	12205	12206	15227	
12214	12212	12213	
9582	12228	9581	12227	
12238	14871	12239	
12270	12271	12269	
12283	12284	
12302	12301	12300	
12304	12306	12305	12303	
12310	12309	12311	
12313	12312	
12320	12319	
12325	14253	12326	14254	
12327	12328	
12330	12329	
12331	14530	12332	
8594	14268	13794	8595	12333	
12357	12358	
12366	13800	12365	
12373	12372	
12595	12375	12374	
13131	12378	12379	
12382	12381	
12386	12387	
12391	12390	
12402	12403	
12407	12406	12408	12405	
12410	12409	
12412	12411	
12414	12413	12415	12416	
12418	12417	12419	
12420	12421	
12422	12423	
12432	12431	
12439	12438	
12443	12442	
12451	12452	
12472	12473	
12475	12474	
12476	13976	14798	12477	13975	13974	
12480	12481	
12484	12485	
12488	12487	
12494	12492	12493	
12506	12507	
12521	12520	12519	
12527	12528	
12531	12532	12530	
12535	12536	
12541	12539	13305	12540	
12551	12550	
12555	13801	13802	12556	
12562	12563	
12569	12570	
12586	12585	
9254	12597	9253	9252	12596	14211	
12600	12599	
9596	9597	12612	12611	
10596	10597	12619	12618	
12621	12620	
7991	2905	13383	5632	13046	851	3130	12048	7870	14013	7871	7408	12511	4853	12513	5746	4522	3132	8453	7163	7162	3131	850	12614	1143	10150	5176	5968	852	12613	1827	6629	10865	2154	8454	1830	2474	5969	2904	10716	6269	8331	4002	13382	5970	10030	7869	10031	14502	7868	10962	13279	7164	12512	11456	10866	7411	5971	4001	7409	2155	9792	1828	10248	1923	9146	10477	1829	6518	12049	10867	2475	3134	10476	9147	3133	1141	12050	13388	9515	5175	3135	7412	13384	7993	6517	4525	1142	10478	8225	7410	4854	
12632	12631	
13661	13905	11207	11847	12633	8235	12068	8236	8465	8464	11079	12323	11078	12932	12934	9940	12322	12933	12321	10973	10972	11477	
12637	12636	12638	
12641	13670	12640	
12642	12643	
12644	12645	
12648	12646	12647	
12651	12649	12650	
12658	12659	
12699	12698	12700	
12702	12701	
12718	
12719	12720	
12724	12725	12726	
15075	12730	12731	
12733	12734	
12735	12736	
12738	12737	12739	
12740	12741	
12742	12743	
12745	12744	
12748	12747	
12750	12749	
12752	12751	12753	
12759	12760	12758	12757	
12804	5340	12803	5339	
12816	12815	
9858	7782	4145	5671	6782	6918	8640	14427	1207	5094	14188	375	1094	7685	91	1267	9973	14063	12822	14766	2692	2606	3264	3270	2162	11257	4782	7781	9203	2419	8285	1093	2479	11956	4674	40	3390	14856	4714	10518	2499	4693	12359	7469	3256	4780	12821	3386	2256	10653	5551	6545	2210	4059	2247	8408	2690	4052	795	6474	579	4066	4994	3055	1022	6431	880	3953	3391	11986	11495	7468	3142	3789	3061	8765	11003	8024	11357	7197	723	3266	1303	8256	4558	8378	11765	8609	10087	6478	9091	4712	8731	2716	15101	3272	9454	5469	10807	11994	9712	12219	3500	2801	10093	1277	14768	8616	10199	2209	10519	2616	3528	1570	1673	8030	4713	20	1278	789	3788	4821	1359	5059	1383	8379	15116	9217	9099	5225	5226	4444	1637	14767	6472	12996	12812	11351	1389	13577	3273	14552	3152	11398	18	10291	8764	2423	8255	1469	1165	5359	12820	3143	4173	3309	10207	10914	5224	3481	12564	11993	3265	5222	8025	7780	3557	7206	4977	8372	4694	1382	7772	7238	13701	10520	8763	5205	374	2257	3488	3407	6473	2385	3141	9366	879	5002	13682	9962	5792	7114	2965	1470	12430	2425	14553	1703	6471	3308	3384	1388	2193	13198	14568	3066	2591	1213	5885	13081	3494	71	6360	14197	9456	7687	5210	1471	90	1674	641	5209	2208	13847	2271	5008	10080	4327	1305	2420	5471	13437	7666	12565	5358	3405	6483	580	2590	9077	731	5113	9194	12686	6482	14556	9570	2691	2964	15154	6479	10297	11955	9089	2130	1541	582	2942	4781	8152	4443	6575	581	9572	4060	5223	3408	9193	7020	8377	9090	11222	2943	11639	6576	2949	6231	1722	10094	3269	15102	5357	2386	3298	4574	1571	2178	2099	3915	5550	9969	6481	9367	1211	2800	1723	8409	15005	2589	7239	7771	1212	12237	3903	6359	14981	
13856	12828	12829	13858	12830	13855	13857	
12832	12833	12831	
5494	9500	5134	5495	9878	5135	12837	12836	5496	9499	5497	
12601	7251	3324	12839	7252	3326	10819	7253	9671	7254	3325	12840	7968	14097	14096	9672	
12842	12841	
12845	12844	
12851	12850	
12858	12857	
12862	12863	
12864	12865	12866	
12868	12867	12869	
12873	12872	
12881	12878	12879	12875	12876	12882	12880	12877	12874	
12891	12892	
12895	12896	13390	12897	
12904	12905	12903	
12907	12906	
12914	12913	
12915	12916	
12919	12920	
12925	12924	
12927	12928	12929	12930	
12936	12935	
12940	12941	
14737	12943	12942	
12955	12954	
12966	12964	12963	12965	
13799	10302	10303	12969	12970	
12971	12972	
12985	12986	
13003	13002	
13007	13008	13005	13006	13004	
13010	13009	
13012	13011	
13014	13013	
13020	13019	13021	
13022	13023	
13024	13026	13027	13025	
13032	13031	
13033	14475	13035	13036	13034	
13041	13040	
13057	13056	
13060	13061	
14623	13063	15081	14624	13062	
13065	13064	
13067	13066	
13069	13068	13070	
13117	13118	
14098	13132	13133	
13135	13134	
13151	13150	13148	13149	
13154	13153	
13157	13158	
7633	13161	13160	7632	
13163	13162	
13165	13164	
13167	13168	13166	
13170	13169	
13172	13171	
12190	9437	13175	13517	10156	9438	13174	
13219	13218	13220	
13224	13223	14283	
13226	13227	
13234	13233	
13235	13236	
13242	13241	
13261	13260	13255	13245	13263	13251	13246	13252	13259	13253	13262	13249	13254	13258	13250	13248	13247	13256	13264	13257	13265	
13272	13273	
13274	13275	
13284	13283	
13286	13287	
13290	13291	14836	13289	
13294	13293	
13295	13297	13296	
13299	13298	
13302	13301	13300	
13304	13303	
13315	13316	
13331	13332	
13350	13349	
14905	13860	13859	13356	13357	13957	
13359	13358	
13364	13365	
13366	13367	12377	12376	13593	
13370	13369	
13371	13372	
13393	13392	
13399	13777	13400	13398	
13401	13402	
13404	13405	13403	
13406	13407	14729	
13408	13409	
13411	13412	13410	
13414	13413	
13417	13416	
13431	13432	13430	
13445	13444	
14547	13459	13458	13460	14548	
13461	13462	
13466	13467	
13471	13470	
13472	13473	13474	
13478	13476	13477	
13482	13483	
13488	13487	
13492	13491	13493	
13496	13497	
13502	13501	13500	
13504	13503	13505	
13511	13510	13509	
13513	13512	
13515	13514	
13519	13518	
13520	13521	13522	
13525	13523	13524	
13527	13528	13529	
13530	14410	13531	
12538	13912	13533	11859	15095	13674	8489	15096	13795	13532	14631	11857	8490	14632	8491	11858	12537	
13555	13554	
13567	13569	13566	13568	
13575	13574	
13584	13585	13586	
13589	
13591	13592	
13602	13603	13601	
13607	13605	14809	14807	14810	13606	13604	14808	
13610	13609	
13614	13612	13613	
13617	13616	
13623	13622	
13642	13641	
13644	13643	
13652	13651	
13653	13654	
14396	13655	11478	8239	13656	8237	8238	10280	10281	
13660	13659	
13664	13665	13663	
14739	13669	7064	7063	13668	14738	7065	
13672	13671	13673	
13676	13675	
13686	13688	13687	
13706	13705	
13707	13708	
13709	13710	
13725	13727	13724	13726	
13730	13728	13729	13731	
13733	14697	13732	
13735	13736	
13739	13737	13738	
13741	13742	
13748	13746	13747	13749	
13753	13750	13752	13751	
13755	13757	13756	13754	13758	
13773	14619	13772	
13775	13774	
13780	13779	
13783	13784	13785	
13789	13786	13787	13788	
13791	13792	13790	13793	
13796	4411	12211	8729	10992	13798	11949	4412	10993	8836	4649	8837	7746	4650	8838	6649	4648	7639	8486	6650	9314	13797	8728	9449	
13820	13821	13819	
13827	13826	
13829	13828	
13835	13836	
13838	13837	
13864	13865	13866	
13879	13878	
13887	13888	
13897	13896	
13900	13899	
13901	13902	
13904	13903	
13906	13907	
13908	13909	
13910	13911	
13939	13937	13938	
13941	13942	13940	
15131	13944	13943	
13947	13945	13946	
13950	13951	
13958	13959	
14795	13960	13961	
13963	13962	13965	13964	
13970	13969	13971	
13973	13972	
13984	13983	13985	
13994	13993	
14002	14003	
14019	14018	14017	14016	14020	
14023	14022	
14028	14029	
14031	14030	
14035	14034	14033	
14039	14040	
14041	14042	14043	
14044	14045	14046	
14047	14048	14050	14049	
14075	14074	
14080	14079	
14100	14210	14101	14099	
14103	14104	14102	
14106	14107	14108	
14110	14109	
14114	14116	14115	
14219	14118	14220	14119	
14129	14131	14130	
12197	8228	10279	12317	8973	8831	10278	9050	8832	8227	11319	9049	12318	9048	14132	14133	12198	14622	
14136	14135	
14139	14138	
14141	14142	14143	
14146	14145	14144	
14177	14175	14176	
14179	14178	
14200	14199	
12834	14207	14206	12835	
14208	14209	
14221	14222	
14237	14236	
14246	14247	
14249	14248	
15220	14250	14251	14252	
14261	14258	14263	14260	14259	14262	
14264	14265	
14266	14267	
14288	14289	14287	
14316	14315	
14322	14321	
14326	14325	
14333	14334	14335	
14348	14347	14346	
14354	14352	14353	
14362	14361	
14364	14363	
14378	14379	
14380	14381	
14389	14388	14390	
14391	14392	14393	
14397	14398	
14399	14401	14400	
14405	14404	14406	
14409	14407	14408	
14418	9497	2262	2261	
14422	14421	
14445	14444	14446	
14453	14454	14452	
14457	14455	14456	
14460	14461	14462	
14465	14463	13475	8666	8665	14464	
14466	14467	
14469	14468	
14482	14483	
14915	14484	14486	14485	
14501	14500	
14506	14507	
14508	14509	
14514	14515	
14516	14517	
14518	14519	
14522	14523	
14527	14525	14526	
14528	14529	
14533	14534	14532	
14562	14561	
14570	14569	
14573	14572	
14579	14578	
14582	14581	
14590	14591	
14597	14596	14595	
14610	14611	
14616	14617	
14620	14621	
14626	14625	
14628	14627	
14629	14630	
14643	14644	
14668	14667	
14687	14685	14688	14686	
14690	14689	14691	
14693	14694	14692	
14699	14700	14698	
14703	14704	14701	14702	
14710	14709	
14721	14722	14720	14723	
14724	14725	
14728	14727	14726	
14733	14732	14731	
14735	14736	
14758	14757	
5122	14772	14773	5123	
14789	14787	14790	14786	14788	
14791	14794	14792	14793	
14796	14797	
14800	14799	
14802	14801	
14803	14804	
14821	14823	14822	
14826	14825	14824	
14828	14829	
8963	10494	14949	8961	8960	8962	8959	14830	
14832	14831	
14833	14834	
14880	14879	
14884	14883	
14887	14888	
14902	14901	14903	
14906	14907	
14909	14908	
3333	3331	14912	3332	10672	
14916	14917	
14919	14918	
14921	14920	
14928	14929	
14931	14932	
14933	14935	14934	
14942	14940	14941	
14946	14943	14944	14945	
14948	14947	
14951	14950	14952	
14956	14955	
14958	14957	14959	
14961	14960	
14962	14963	
14965	14964	
14968	14967	
8646	14976	14975	8647	8648	
14984	14985	
14996	14995	
15006	15007	
15027	15028	
15032	15031	15033	
15035	15036	15037	15034	
15039	15038	15040	
15045	15043	15044	
15050	15051	
15057	15056	
15078	15079	15077	15076	
15086	15085	
15089	15088	
15090	15092	15091	
15094	4953	4954	5192	4952	
15098	15099	
15108	15107	
15135	15134	
6327	3927	3928	15138	11638	
15151	15152	
15158	15159	15157	
15161	15162	15160	
15163	15164	
15165	15166	
15168	15169	
15183	15184	
4500	4501	15186	15185	
15195	15194	
15203	15204	15205	
15207	15208	
15218	15219	
15221	15222	
14025	15224	15223	14024	
15225	15226	
15232	15230	15231	
