0	0.314270
1	0.589322
2	0.455195
3	0.303889
4	1.000000
5	0.640000
6	0.733170
7	0.530612
8	1.000000
9	1.000000
10	0.731167
11	0.829268
12	0.708955
13	0.317914
14	1.000000
15	0.354892
16	0.400000
17	0.377176
18	0.328092
19	0.560488
20	0.358018
21	0.380205
22	0.303242
23	0.341401
24	0.944468
25	0.643503
26	0.269112
27	0.659420
28	0.416079
29	0.709091
30	0.638298
31	0.426082
32	0.305254
33	0.438283
34	0.289227
35	0.432836
36	0.409429
37	0.559671
38	0.357709
39	1.000000
40	0.242780
41	0.658643
42	0.280702
43	0.693878
44	0.403561
45	0.318148
46	0.315126
47	0.317542
48	0.258958
49	0.376535
50	1.000000
51	0.331197
52	0.932432
53	0.521739
54	0.471910
55	0.618557
56	0.778462
57	1.000000
58	0.636364
59	1.000000
60	0.284939
61	0.292269
62	0.516017
63	0.313159
64	0.466926
65	0.442105
66	0.715596
67	0.402249
68	0.784689
69	0.438624
70	0.438515
71	1.000000
72	1.000000
73	1.000000
74	0.351823
75	0.486557
76	0.374815
77	0.411215
78	0.411215
79	0.284314
80	1.000000
81	0.562954
82	0.352526
83	0.690936
84	1.000000
85	0.805556
86	0.458084
87	0.327273
88	0.758123
89	0.505952
90	0.497185
91	0.524540
92	0.294540
93	0.505376
94	0.679245
95	0.860656
96	0.550725
97	0.332609
98	0.372493
99	0.658537
100	0.344533
101	0.300731
102	1.000000
103	1.000000
104	1.000000
105	0.507225
106	0.473684
107	0.650144
108	0.302255
109	0.579151
110	0.853659
111	1.000000
112	0.619835
113	0.347170
114	0.569343
115	0.367195
116	1.000000
117	1.000000
118	1.000000
119	0.364997
120	0.571429
121	0.571429
122	0.571429
123	0.571429
124	0.481481
125	0.570652
126	0.518868
127	0.389143
128	0.334061
129	0.410526
130	0.652457
131	0.545455
132	0.346479
133	0.346479
134	0.686275
135	0.576923
136	0.576923
137	0.576923
138	1.000000
139	0.584746
140	0.568182
141	0.416889
142	0.515888
143	0.515888
144	0.431741
145	0.878049
146	0.564516
147	0.652174
148	0.668790
149	1.000000
150	1.000000
151	0.446445
152	0.596787
153	0.613497
154	1.000000
155	0.310288
156	0.596591
157	0.501725
158	0.410388
159	0.764706
160	0.764706
161	0.764706
162	0.578947
163	0.868421
164	0.550705
165	0.394590
166	0.692308
167	0.809477
168	1.000000
169	0.837209
170	0.446400
171	0.737705
172	0.330912
173	1.000000
174	1.000000
175	1.000000
176	0.469072
177	0.347525
178	0.256160
179	0.372432
180	0.410049
181	0.758123
182	0.638923
183	0.854617
184	0.653465
185	0.653465
186	0.653465
187	0.653465
188	0.774994
189	0.409392
190	0.776471
191	0.583691
192	0.617647
193	0.349254
194	0.564320
195	1.000000
196	1.000000
197	0.538117
198	1.000000
199	1.000000
200	1.000000
201	1.000000
202	1.000000
203	1.000000
204	1.000000
205	0.607143
206	0.371681
207	1.000000
208	0.598684
209	0.412500
210	0.492795
211	0.492795
212	1.000000
213	0.373509
214	0.838068
215	0.876404
216	0.457746
217	0.742857
218	0.618632
219	0.376763
220	1.000000
221	1.000000
222	0.561014
223	0.648734
224	0.372155
225	0.425210
226	0.337278
227	0.378788
228	0.568750
229	0.659229
230	0.293023
231	0.333060
232	0.356850
233	0.339958
234	0.603622
235	0.334389
236	0.714286
237	1.000000
238	1.000000
239	0.750000
240	0.351129
241	0.636364
242	0.587766
243	0.878501
244	0.627586
245	0.909091
246	0.358025
247	0.920776
248	0.608974
249	0.404800
250	0.603622
251	0.804786
252	0.916703
253	1.000000
254	0.789474
255	1.000000
256	0.298514
257	0.467890
258	1.000000
259	0.917031
260	0.412335
261	0.495283
262	0.701791
263	0.738621
264	0.496826
265	1.000000
266	0.534851
267	0.460159
268	0.500000
269	0.682500
270	0.390385
271	0.402813
272	0.976821
273	0.465753
274	0.560644
275	0.417492
276	0.392617
277	0.605505
278	1.000000
279	1.000000
280	0.402367
281	0.913907
282	0.750000
283	0.826772
284	0.526196
285	0.513222
286	0.384422
287	0.469880
288	0.705882
289	0.330725
290	0.984436
291	0.509709
292	0.428058
293	0.600000
294	0.883495
295	0.337838
296	1.000000
297	0.485066
298	0.529359
299	0.301520
300	1.000000
301	0.388235
302	0.662252
303	0.928793
304	0.558824
305	0.617647
306	0.471460
307	0.486538
308	0.604396
309	0.728972
310	0.931180
311	0.383408
312	1.000000
313	0.458613
314	0.329573
315	1.000000
316	0.542553
317	0.441748
318	0.354191
319	1.000000
320	0.716535
321	0.433428
322	0.714286
323	0.733333
324	0.733333
325	0.438750
326	0.454695
327	0.569820
328	0.385071
329	0.777778
330	0.548780
331	0.489247
332	0.728972
333	0.386719
334	0.857143
335	0.750000
336	0.659229
337	0.659229
338	0.659229
339	0.392857
340	1.000000
341	0.343324
342	0.848485
343	0.593607
344	0.692308
345	0.488969
346	0.898833
347	0.533509
348	0.714286
349	1.000000
350	0.576923
351	0.334507
352	0.895522
353	0.787879
354	0.787879
355	0.652174
356	0.343080
357	1.000000
358	0.765000
359	0.837209
360	0.509804
361	0.447658
362	0.807692
363	0.597015
364	0.650000
365	0.612245
366	0.612245
367	0.788764
368	1.000000
369	0.398792
370	0.517937
371	0.556375
372	0.900000
373	1.000000
374	1.000000
375	1.000000
376	1.000000
377	0.595331
378	0.286581
379	0.505902
380	0.338616
381	0.441265
382	0.958374
383	0.647059
384	0.460048
385	1.000000
386	1.000000
387	1.000000
388	0.963687
389	0.635945
390	0.448276
391	0.837209
392	1.000000
393	0.705128
394	0.538462
395	0.503817
396	0.401945
397	0.820656
398	0.468750
399	1.000000
400	0.809360
401	0.344569
402	1.000000
403	0.617978
404	0.546099
405	0.634615
406	0.733333
407	1.000000
408	0.327586
409	0.447653
410	0.574163
411	0.743169
412	0.620098
413	0.542169
414	1.000000
415	0.790625
416	0.363506
417	0.360374
418	0.859375
419	1.000000
420	0.379706
421	0.590793
422	1.000000
423	0.586047
424	1.000000
425	0.513909
426	0.937500
427	0.671031
428	1.000000
429	0.432602
430	0.440678
431	0.494220
432	0.393027
433	0.583333
434	0.506579
435	0.560680
436	0.909091
437	0.554878
438	0.888383
439	0.608696
440	0.616438
441	1.000000
442	0.875000
443	0.577778
444	1.000000
445	0.396040
446	0.554090
447	0.504115
448	0.503597
449	0.780000
450	1.000000
451	0.583333
452	0.464286
453	0.444231
454	0.548780
455	0.506494
456	0.386935
457	0.473684
458	1.000000
459	0.572327
460	0.426434
461	0.882353
462	0.617647
463	0.753425
464	1.000000
465	0.325137
466	0.355580
467	0.754988
468	1.000000
469	0.797101
470	0.515464
471	0.662651
472	0.568720
473	1.000000
474	1.000000
475	1.000000
476	1.000000
477	0.483986
478	0.535714
479	0.465930
480	0.714286
481	0.554622
482	1.000000
483	0.552632
484	0.552632
485	0.396752
486	0.467066
487	0.647059
488	0.424632
489	0.388325
490	0.530398
491	0.625000
492	0.410156
493	0.497268
494	0.539773
495	0.839185
496	0.581707
497	0.540765
498	0.504587
499	0.750000
500	0.534539
501	0.631579
502	0.376033
503	0.342730
504	1.000000
505	1.000000
506	0.537827
507	0.795455
508	0.549020
509	0.948795
510	1.000000
511	0.527027
512	1.000000
513	0.437776
514	1.000000
515	0.913580
516	0.798246
517	0.446078
518	0.368311
519	0.630996
520	0.666667
521	0.874016
522	1.000000
523	1.000000
524	0.544554
525	0.544554
526	0.503979
527	0.539443
528	0.641876
529	0.561224
530	0.614173
531	0.750267
532	0.692308
533	0.501639
534	0.564202
535	0.516892
536	0.516892
537	0.796519
538	0.714286
539	0.398323
540	0.515403
541	0.384615
542	0.591815
543	0.725610
544	0.600000
545	0.859375
546	0.600000
547	0.654762
548	0.421687
549	0.718563
550	0.358209
551	0.566038
552	0.700000
553	0.502392
554	1.000000
555	1.000000
556	0.789474
557	0.700000
558	1.000000
559	1.000000
560	0.596899
561	0.559846
562	0.880995
563	1.000000
564	0.522508
565	0.534965
566	0.937500
567	0.823529
568	0.408127
569	0.430577
570	1.000000
571	0.900000
572	0.602113
573	0.517241
574	0.575949
575	0.481752
576	0.529183
577	0.528846
578	0.636180
579	0.553846
580	0.418410
581	0.639535
582	0.586466
583	0.433790
584	0.591398
585	1.000000
586	0.395349
587	0.485714
588	0.490975
589	0.429175
590	0.490566
591	0.656250
592	0.389231
593	0.604396
594	0.696203
595	0.478261
596	0.537549
597	0.511628
598	0.518395
599	0.880000
600	0.492958
601	0.714286
602	0.555556
603	1.000000
604	0.750000
605	0.750000
606	1.000000
607	0.518519
608	1.000000
609	0.892157
610	0.625000
611	0.455000
612	0.505618
613	1.000000
614	0.376274
615	0.469907
616	0.777778
617	0.789474
618	0.654762
619	0.522936
620	0.736842
621	0.500000
622	0.769231
623	0.879070
624	1.000000
625	1.000000
626	0.382979
627	0.753425
628	0.561889
629	0.620690
630	0.657391
631	0.586466
632	0.700000
633	0.619433
634	0.592308
635	0.433614
636	0.486486
637	0.339893
638	0.429368
639	0.687500
640	0.505556
641	0.789474
642	0.511236
643	0.611111
644	0.495283
645	0.666667
646	0.580110
647	1.000000
648	0.490654
649	0.410448
650	0.463918
651	0.485893
652	0.736842
653	0.756052
654	0.488889
655	0.461538
656	0.526012
657	0.435115
658	0.481651
659	0.782609
660	0.468085
661	0.414541
662	0.772727
663	0.723684
664	0.723684
665	0.507042
666	0.404762
667	0.762712
668	0.511586
669	0.761124
670	0.760300
671	0.692308
672	0.518519
673	0.636364
674	0.508056
675	0.619433
676	0.604444
677	1.000000
678	0.617647
679	0.309071
680	1.000000
681	0.373665
682	0.820896
683	0.725000
684	1.000000
685	0.586466
686	0.603939
687	1.000000
688	0.745865
689	0.509804
690	0.496350
691	0.555556
692	0.401070
693	0.514124
694	0.540984
695	0.545455
696	0.532200
697	1.000000
698	1.000000
699	1.000000
700	0.750000
701	0.724138
702	0.507042
703	0.386139
704	0.397661
705	0.540984
706	0.663265
707	1.000000
708	0.833333
709	0.482456
710	0.418126
711	0.491379
712	0.641892
713	0.508380
714	0.571429
715	0.617647
716	1.000000
717	0.484043
718	0.700000
719	0.642857
720	0.639535
721	1.000000
722	0.441558
723	1.000000
724	0.608696
725	0.352332
726	0.926174
727	0.769231
728	0.329296
729	0.642857
730	0.727660
731	0.405213
732	0.674419
733	1.000000
734	0.549020
735	0.535714
736	1.000000
737	0.383099
738	0.622222
739	0.769231
740	1.000000
741	0.441576
742	0.652174
743	0.665217
744	0.409910
745	0.709091
746	0.681818
747	0.517711
748	0.616438
749	0.432099
750	0.489130
751	1.000000
752	0.738281
753	0.571429
754	0.466131
755	0.573529
756	1.000000
757	0.417722
758	1.000000
759	0.457627
760	0.656250
761	0.458084
762	0.630996
763	0.656250
764	1.000000
765	1.000000
766	0.359684
767	0.407407
768	1.000000
769	0.627586
770	0.571429
771	1.000000
772	0.571429
773	1.000000
774	1.000000
775	0.777778
776	0.445755
777	1.000000
778	0.473684
779	0.723711
780	0.532632
781	0.551198
782	0.514019
783	0.572327
784	0.541139
785	0.753425
786	0.533981
787	0.398482
788	0.921053
789	0.807692
790	0.783051
791	0.551515
792	1.000000
793	0.622222
794	0.506494
795	0.610169
796	0.720000
797	0.498812
798	0.561151
799	0.401460
800	0.816568
801	0.683453
802	0.450495
803	0.513428
804	0.785714
805	0.834146
806	0.494505
807	0.833333
808	1.000000
809	1.000000
810	0.450820
811	1.000000
812	1.000000
813	1.000000
814	0.580645
815	1.000000
816	0.705882
817	0.617978
818	0.553846
819	0.400000
820	0.585366
821	0.686275
822	1.000000
823	0.533333
824	0.789474
825	0.789474
826	0.769231
827	0.615385
828	0.762712
829	0.840000
830	0.410575
831	0.515152
832	0.833333
833	0.537313
834	0.900000
835	0.545455
836	1.000000
837	0.395210
838	0.443182
839	0.604839
840	0.695783
841	0.799308
842	1.000000
843	0.616438
844	0.571429
845	0.474333
846	0.902256
847	1.000000
848	0.528846
849	0.617647
850	0.680412
851	0.533333
852	0.473958
853	0.607029
854	0.616822
855	0.689394
856	0.571429
857	0.909574
858	0.813953
859	0.459459
860	0.522989
861	0.668790
862	0.600000
863	0.714286
864	0.807692
865	0.404412
866	0.585106
867	0.500000
868	0.557621
869	0.531250
870	0.789474
871	0.617647
872	0.449438
873	0.724138
874	1.000000
875	0.883721
876	0.474227
877	0.645390
878	0.535714
879	0.650000
880	0.520513
881	0.614078
882	0.463918
883	0.754098
884	0.846774
885	0.731707
886	1.000000
887	0.523256
888	0.578947
889	0.550000
890	0.554529
891	1.000000
892	0.412556
893	0.511628
894	0.672414
895	1.000000
896	0.450644
897	0.628743
898	0.600000
899	0.559322
900	0.363474
901	0.575188
902	0.500000
903	0.784615
904	0.644068
905	0.588235
906	0.789474
907	0.439331
908	0.679104
909	0.604396
910	0.481553
911	0.695122
912	0.913462
913	1.000000
914	1.000000
915	0.610169
916	0.849057
917	1.000000
918	0.505618
919	0.549738
920	0.628743
921	0.666667
922	1.000000
923	0.614035
924	0.702341
925	0.523810
926	0.594915
927	0.658854
928	0.553191
929	0.627063
930	0.528000
931	0.514477
932	0.520548
933	0.595611
934	0.714286
935	0.763889
936	0.553191
937	0.366795
938	0.571429
939	0.511236
940	1.000000
941	0.617647
942	0.582524
943	0.572917
944	0.509709
945	0.550000
946	0.597826
947	0.633803
948	0.807692
949	0.594771
950	0.484177
951	0.566667
952	0.909574
953	0.687500
954	0.834862
955	1.000000
956	0.566176
957	0.523810
958	0.541833
959	1.000000
960	1.000000
961	0.695455
962	0.600000
963	0.633803
964	0.410104
965	0.527132
966	0.585106
967	0.629032
968	0.417495
969	0.500000
970	0.881443
971	0.519685
972	0.556260
973	1.000000
974	0.439024
975	0.616822
976	0.750000
977	0.753968
978	0.428571
979	0.585106
980	0.882353
981	1.000000
982	1.000000
983	0.551313
984	0.572917
985	0.489247
986	0.576271
987	0.600000
988	1.000000
989	0.623853
990	0.769231
991	0.743243
992	0.572917
993	1.000000
994	0.620690
995	0.564103
996	0.616822
997	0.737101
998	0.741573
999	0.818182
1000	0.523810
1001	1.000000
1002	0.842365
1003	1.000000
1004	0.425963
1005	0.882353
1006	0.673077
1007	1.000000
1008	0.736842
1009	1.000000
1010	0.724138
1011	0.750000
1012	0.709459
1013	0.789474
1014	0.389755
1015	0.544554
1016	0.909091
1017	0.742718
1018	0.423256
1019	1.000000
1020	0.415020
1021	0.571429
1022	0.847826
1023	0.620690
1024	0.438202
1025	0.529412
1026	0.514286
1027	0.722222
1028	0.682927
1029	0.656250
1030	0.715170
1031	0.600000
1032	0.631944
1033	0.523077
1034	0.857143
1035	1.000000
1036	0.455556
1037	0.543103
1038	0.636364
1039	0.618557
1040	0.592105
1041	0.741573
1042	0.632184
1043	0.576923
1044	1.000000
1045	0.656250
1046	1.000000
1047	0.819277
1048	1.000000
1049	0.616822
1050	0.608696
1051	0.555556
1052	0.500000
1053	0.679245
1054	0.807692
1055	0.580645
1056	0.496753
1057	0.519685
1058	0.558282
1059	0.677419
1060	0.818182
1061	0.900662
1062	0.469880
1063	1.000000
1064	0.538117
1065	0.739437
1066	0.550000
1067	0.595420
1068	1.000000
1069	0.700000
1070	0.666667
1071	1.000000
1072	0.528000
1073	0.531250
1074	1.000000
1075	0.736842
1076	1.000000
1077	0.736842
1078	0.537313
1079	0.769231
1080	0.522727
1081	0.590164
1082	0.572917
1083	0.645161
1084	0.652174
1085	0.604651
1086	0.785714
1087	0.689394
1088	0.714286
1089	0.529412
1090	0.652174
1091	0.580645
1092	0.750000
1093	1.000000
1094	0.767442
1095	0.533446
1096	0.517241
1097	0.550459
1098	0.540984
1099	0.689394
1100	0.714286
1101	0.517241
1102	0.597826
1103	0.909091
1104	0.677419
1105	0.652174
1106	0.725806
1107	0.724138
1108	0.608696
1109	0.634921
1110	0.546875
1111	0.619048
1112	1.000000
1113	0.445946
1114	0.750000
1115	1.000000
1116	0.517241
1117	0.756757
1118	0.483871
1119	0.587097
1120	0.750000
1121	0.795455
1122	0.609375
1123	0.846154
1124	0.451245
1125	0.913043
1126	0.583333
1127	0.493827
1128	0.514019
1129	1.000000
1130	0.857143
1131	0.700000
1132	0.810811
1133	0.514706
1134	0.666667
1135	1.000000
1136	0.714286
1137	0.571429
1138	1.000000
1139	0.600000
1140	0.600000
1141	1.000000
1142	0.548780
1143	1.000000
1144	0.656250
1145	0.564315
1146	0.529412
1147	0.578947
1148	0.873016
1149	0.714286
1150	0.560000
1151	0.769231
1152	0.617647
1153	0.530612
1154	0.600000
1155	0.520000
1156	0.895522
1157	0.606936
1158	0.780612
1159	1.000000
1160	0.700000
1161	0.537313
1162	0.616438
1163	0.681818
1164	0.833333
1165	0.681818
1166	0.425414
1167	0.821918
1168	0.750000
1169	0.700000
1170	1.000000
1171	0.760870
1172	0.897436
1173	0.642857
1174	0.671642
1175	0.472441
1176	1.000000
1177	0.600000
1178	1.000000
1179	0.609756
1180	0.652174
1181	0.589286
1182	1.000000
1183	0.750000
1184	0.488889
1185	0.605096
1186	0.750000
1187	0.645161
1188	0.798246
1189	0.696203
1190	1.000000
1191	0.604396
1192	0.500000
1193	0.449438
1194	1.000000
1195	0.750000
1196	0.561151
1197	0.700000
1198	0.661765
1199	0.928571
1200	0.717949
1201	1.000000
1202	0.636364
1203	0.840000
1204	0.560748
1205	1.000000
1206	0.624000
1207	0.750000
1208	1.000000
1209	0.750000
1210	1.000000
1211	0.560000
1212	0.840000
1213	0.750000
1214	1.000000
1215	0.610714
1216	0.619048
1217	1.000000
1218	1.000000
1219	0.666667
1220	0.764706
1221	1.000000
1222	0.600000
1223	0.620690
1224	0.650000
1225	0.530726
1226	0.500000
1227	0.591304
1228	0.516556
1229	1.000000
1230	0.913043
1231	0.677419
1232	0.755396
1233	0.889831
1234	0.402353
1235	0.750000
1236	0.631579
1237	1.000000
1238	0.714286
1239	0.625000
1240	1.000000
1241	1.000000
1242	0.576923
1243	0.576923
1244	0.593220
1245	0.789474
1246	0.640449
1247	0.600000
1248	0.552632
1249	1.000000
1250	1.000000
1251	0.714286
1252	1.000000
1253	1.000000
1254	0.769231
1255	1.000000
1256	0.639344
1257	0.567010
1258	1.000000
1259	1.000000
1260	1.000000
1261	0.692308
1262	0.583333
1263	0.586592
1264	0.807692
1265	0.545455
1266	0.666667
1267	1.000000
1268	0.724138
1269	0.795181
1270	0.807692
1271	0.616822
1272	0.838710
1273	0.714286
1274	0.709091
1275	1.000000
1276	0.500000
1277	0.724138
1278	0.767442
1279	0.750000
1280	0.714286
1281	0.736842
1282	0.666667
1283	1.000000
1284	0.674074
1285	0.840000
1286	0.780000
1287	0.600000
1288	0.427184
1289	0.789474
1290	0.600000
1291	0.750000
1292	0.495868
1293	0.769231
1294	0.489971
1295	0.692308
1296	0.451613
1297	0.728000
1298	0.777778
1299	0.728972
1300	0.769231
1301	1.000000
1302	0.666667
1303	0.887097
1304	1.000000
1305	0.559322
1306	0.627586
1307	0.562500
1308	0.494565
1309	0.857143
1310	0.705882
1311	0.479624
1312	0.833333
1313	1.000000
1314	0.823529
1315	0.758621
1316	0.609375
1317	1.000000
1318	0.555556
1319	1.000000
1320	0.660000
1321	0.717391
1322	0.600000
1323	0.521739
1324	0.777778
1325	0.818182
1326	0.714286
1327	0.600000
1328	0.876404
1329	0.666667
1330	0.567568
1331	1.000000
1332	0.535714
1333	1.000000
1334	0.750000
1335	0.717949
1336	0.517241
1337	0.594595
1338	0.724138
1339	0.750000
1340	0.714286
1341	0.627586
1342	0.656250
1343	0.846154
1344	0.682927
1345	0.652174
1346	0.833333
1347	1.000000
1348	0.750000
1349	0.767442
1350	0.777778
1351	1.000000
1352	0.714286
1353	0.652174
1354	0.516327
1355	0.666667
1356	0.714286
1357	0.614173
1358	1.000000
1359	0.807692
1360	1.000000
1361	0.562500
1362	0.391304
1363	1.000000
1364	0.702128
1365	0.785714
1366	0.818182
1367	0.700000
1368	0.666667
1369	0.500000
1370	0.616822
1371	1.000000
1372	0.543307
1373	0.723684
1374	0.724138
1375	0.728972
1376	0.705882
1377	0.687500
1378	0.659420
1379	1.000000
1380	0.537313
1381	0.775862
1382	1.000000
1383	0.580110
1384	0.600000
1385	1.000000
1386	1.000000
1387	1.000000
1388	0.505618
1389	0.859375
1390	0.825000
1391	1.000000
1392	0.823529
1393	1.000000
1394	0.666667
1395	0.780000
1396	1.000000
1397	0.777778
1398	0.679245
1399	0.785714
1400	0.488372
1401	1.000000
1402	1.000000
1403	1.000000
1404	0.868421
1405	0.583333
1406	0.590164
1407	1.000000
1408	0.654762
1409	1.000000
1410	0.736842
1411	0.777778
1412	1.000000
1413	0.868421
1414	0.700000
1415	1.000000
1416	0.753425
1417	0.500000
1418	0.545455
1419	0.508380
1420	0.600000
1421	1.000000
1422	0.507042
1423	0.636364
1424	0.475524
1425	0.556312
1426	1.000000
1427	0.483871
1428	0.474138
1429	0.756757
1430	0.750000
1431	0.857143
1432	0.791304
1433	1.000000
1434	0.733333
1435	1.000000
1436	1.000000
1437	0.507692
1438	0.901639
1439	0.365155
1440	1.000000
1441	0.705882
1442	1.000000
1443	0.703125
1444	0.666667
1445	0.882353
1446	0.715596
1447	0.617647
1448	0.500000
1449	0.523810
1450	0.519802
1451	0.670391
1452	0.600000
1453	1.000000
1454	0.728000
1455	0.769231
1456	0.714286
1457	0.608696
1458	0.714286
1459	0.647059
1460	0.545455
1461	1.000000
1462	0.625000
1463	0.654762
1464	0.903226
1465	0.672414
1466	0.859375
1467	1.000000
1468	1.000000
1469	0.642857
1470	0.300000
1471	1.000000
1472	0.679012
1473	0.633803
1474	1.000000
1475	0.666667
1476	0.875000
1477	0.679012
1478	1.000000
1479	0.932203
1480	0.882353
1481	0.571429
1482	1.000000
1483	0.677419
1484	1.000000
1485	0.785714
1486	0.544484
1487	1.000000
1488	0.617978
1489	1.000000
1490	0.714286
1491	0.495495
1492	0.578947
1493	0.468085
1494	0.687500
1495	1.000000
1496	0.580645
1497	0.700000
1498	1.000000
1499	0.750000
1500	0.681818
1501	0.764706
1502	0.700000
1503	0.757282
1504	0.880000
1505	1.000000
1506	1.000000
1507	0.777778
1508	0.789474
1509	1.000000
1510	0.692308
1511	0.679012
1512	1.000000
1513	0.617647
1514	0.789474
1515	1.000000
1516	1.000000
1517	0.714286
1518	0.654545
1519	0.560000
1520	0.617647
1521	0.538462
1522	0.595745
1523	0.553846
1524	0.567568
1525	0.438202
1526	1.000000
1527	0.750000
1528	0.427230
1529	0.705128
1530	1.000000
1531	0.500000
1532	0.714286
1533	1.000000
1534	0.709091
1535	0.428571
1536	0.724138
1537	0.617978
1538	0.714286
1539	0.750000
1540	0.756757
1541	0.714286
1542	0.429688
1543	1.000000
1544	1.000000
1545	0.571429
1546	0.795918
1547	1.000000
1548	0.651163
1549	0.875000
1550	0.636364
1551	1.000000
1552	1.000000
1553	0.636364
1554	1.000000
1555	0.750000
1556	1.000000
1557	1.000000
1558	0.689394
1559	0.493151
1560	1.000000
1561	0.583333
1562	1.000000
1563	0.583333
1564	0.670732
1565	0.789474
1566	0.840000
1567	0.750000
1568	1.000000
1569	0.725806
1570	0.600000
1571	0.538462
1572	0.769231
1573	0.584416
1574	0.750000
1575	0.578947
1576	0.625000
1577	1.000000
1578	0.849057
1579	0.569620
1580	0.585106
1581	0.742857
1582	1.000000
1583	0.642857
1584	0.800000
1585	1.000000
1586	0.714286
1587	0.785714
1588	0.756757
1589	1.000000
1590	0.775862
1591	0.882353
1592	0.833333
1593	1.000000
1594	0.789474
1595	0.750000
1596	1.000000
1597	1.000000
1598	1.000000
1599	1.000000
1600	1.000000
1601	0.576923
1602	0.789474
1603	0.763889
1604	0.625000
1605	0.769231
1606	1.000000
1607	1.000000
1608	0.724138
1609	1.000000
1610	0.652174
1611	1.000000
1612	0.737705
1613	1.000000
1614	0.937500
1615	0.840000
1616	0.620690
1617	1.000000
1618	0.364000
1619	1.000000
1620	0.833333
1621	1.000000
1622	1.000000
1623	0.652174
1624	1.000000
1625	0.769231
1626	0.518644
1627	0.789474
1628	0.702128
1629	0.724138
1630	1.000000
1631	0.857143
1632	0.705882
1633	0.652174
1634	0.789474
1635	0.677419
1636	0.789474
1637	0.617647
1638	1.000000
1639	0.517241
1640	1.000000
1641	0.656250
1642	1.000000
1643	0.625000
1644	1.000000
1645	1.000000
1646	0.538462
1647	0.656250
1648	0.580645
1649	0.720000
1650	1.000000
1651	1.000000
1652	0.687500
1653	0.529412
1654	0.600000
1655	1.000000
1656	0.597826
1657	0.662651
1658	0.495495
1659	0.705882
1660	0.750000
1661	0.714286
1662	0.849057
1663	1.000000
1664	0.616438
1665	0.785714
1666	0.849057
1667	0.610169
1668	0.764706
1669	0.634146
1670	0.789474
1671	1.000000
1672	1.000000
1673	0.478528
1674	0.769231
1675	0.789474
1676	0.849057
1677	0.785714
1678	0.789474
1679	0.591398
1680	0.584416
1681	0.714286
1682	1.000000
1683	0.725806
1684	0.762712
1685	1.000000
1686	0.580645
1687	0.750000
1688	0.674074
1689	1.000000
1690	1.000000
1691	0.750000
1692	0.600000
1693	1.000000
1694	0.568966
1695	0.677419
1696	1.000000
1697	0.512195
1698	0.737705
1699	1.000000
1700	1.000000
1701	1.000000
1702	0.481928
1703	1.000000
1704	0.724138
1705	0.680412
1706	0.700000
1707	1.000000
1708	0.734694
1709	0.555556
1710	0.679012
1711	0.777778
1712	1.000000
1713	0.622642
1714	0.652174
1715	0.642857
1716	1.000000
1717	0.705882
1718	0.600000
1719	0.666667
1720	0.576923
1721	0.583333
1722	0.636364
1723	0.750000
1724	1.000000
1725	1.000000
1726	0.636364
1727	1.000000
1728	0.848485
1729	1.000000
1730	1.000000
1731	0.769231
1732	0.679245
1733	1.000000
1734	0.782609
1735	0.714286
1736	0.583333
1737	1.000000
1738	0.775862
1739	0.700000
1740	0.652174
1741	1.000000
1742	0.763889
1743	0.580645
1744	1.000000
1745	0.857143
1746	1.000000
1747	0.714286
1748	1.000000
1749	0.705882
1750	1.000000
1751	0.692308
1752	0.714286
1753	0.633803
1754	0.700000
1755	1.000000
1756	0.652174
1757	1.000000
1758	1.000000
1759	1.000000
1760	1.000000
1761	0.750000
1762	0.656250
1763	1.000000
1764	1.000000
1765	0.857143
1766	0.736842
1767	1.000000
1768	0.384937
1769	0.714286
1770	0.837209
1771	0.692308
1772	0.849057
1773	0.750000
1774	0.789474
1775	0.590164
1776	1.000000
1777	0.656250
1778	0.644628
1779	0.600000
1780	0.578947
1781	1.000000
1782	0.500000
1783	0.502092
1784	0.666667
1785	1.000000
1786	1.000000
1787	0.807692
1788	1.000000
1789	1.000000
1790	0.756757
1791	1.000000
1792	1.000000
1793	0.610169
1794	1.000000
1795	0.583333
1796	1.000000
1797	1.000000
1798	0.800000
1799	0.807692
1800	0.714286
1801	0.625000
1802	0.580110
1803	1.000000
1804	0.654545
1805	0.900000
1806	0.567010
1807	0.620690
1808	1.000000
1809	1.000000
1810	1.000000
1811	0.700000
1812	1.000000
1813	0.571429
1814	0.537313
1815	0.800000
1816	1.000000
1817	0.529412
1818	1.000000
1819	0.588235
1820	1.000000
1821	0.774648
1822	0.777778
1823	1.000000
1824	0.750000
1825	0.720000
1826	0.542169
1827	0.837209
1828	0.947368
1829	0.631579
1830	0.750000
1831	0.576923
1832	0.681818
1833	1.000000
1834	0.837209
1835	1.000000
1836	0.750000
1837	0.720000
1838	0.595745
1839	0.700000
1840	0.750000
1841	0.639344
1842	0.714286
1843	0.807692
1844	1.000000
1845	0.590164
1846	0.849057
1847	1.000000
1848	0.670732
1849	0.823529
1850	1.000000
1851	0.534247
1852	0.777778
1853	1.000000
1854	0.521739
1855	0.681818
1856	1.000000
1857	0.533981
1858	0.666667
1859	0.857143
1860	0.600000
1861	0.423529
1862	0.833333
1863	0.473684
1864	1.000000
1865	0.724138
1866	0.714286
1867	0.538732
1868	0.789474
1869	1.000000
1870	1.000000
1871	0.782609
1872	0.681818
1873	0.485294
1874	0.502941
1875	1.000000
1876	0.750000
1877	0.750000
1878	0.837209
1879	1.000000
1880	1.000000
1881	0.555556
1882	0.714286
1883	0.636364
1884	0.677419
1885	1.000000
1886	1.000000
1887	0.823529
1888	1.000000
1889	0.848485
1890	1.000000
1891	1.000000
1892	0.903226
1893	1.000000
1894	0.652174
1895	0.777778
1896	1.000000
1897	0.848485
1898	1.000000
1899	0.532258
1900	0.666667
1901	0.769231
1902	1.000000
1903	0.700000
1904	1.000000
1905	0.440129
1906	1.000000
1907	0.762712
1908	0.714286
1909	1.000000
1910	1.000000
1911	1.000000
1912	1.000000
1913	0.769231
1914	0.777778
1915	1.000000
1916	0.622222
1917	1.000000
1918	1.000000
1919	1.000000
1920	1.000000
1921	0.777778
1922	0.857143
1923	0.705128
1924	0.823529
1925	1.000000
1926	1.000000
1927	0.777778
1928	1.000000
1929	1.000000
1930	1.000000
1931	0.823529
1932	0.736842
1933	1.000000
1934	0.777778
1935	0.656250
1936	0.629032
1937	1.000000
1938	0.823529
1939	1.000000
1940	1.000000
1941	1.000000
1942	0.737705
1943	0.714286
1944	1.000000
1945	0.823529
1946	0.717949
1947	0.724138
1948	0.666667
1949	0.625000
1950	0.582090
1951	0.617647
1952	0.789474
1953	0.700000
1954	0.789474
1955	0.500000
1956	1.000000
1957	0.478261
1958	0.661765
1959	0.571429
1960	1.000000
1961	1.000000
1962	1.000000
1963	1.000000
1964	0.807692
1965	0.600000
1966	0.848485
1967	0.823529
1968	0.651163
1969	0.590164
1970	1.000000
1971	0.521073
1972	1.000000
1973	0.682927
1974	0.714286
1975	0.636364
1976	0.714286
1977	1.000000
1978	0.679245
1979	0.750000
1980	1.000000
1981	0.450000
1982	0.651163
1983	1.000000
1984	1.000000
1985	1.000000
1986	0.848485
1987	1.000000
1988	0.750000
1989	0.625000
1990	1.000000
1991	1.000000
1992	1.000000
1993	0.823529
1994	0.666667
1995	0.848485
1996	0.504587
1997	1.000000
1998	0.762712
1999	0.833333
2000	0.769231
2001	1.000000
2002	1.000000
2003	0.692308
2004	0.717949
2005	0.823529
2006	1.000000
2007	0.823529
2008	0.671642
2009	0.875000
2010	1.000000
2011	1.000000
2012	0.769231
2013	1.000000
2014	1.000000
2015	1.000000
2016	0.823529
2017	0.736842
2018	1.000000
2019	1.000000
2020	0.840000
2021	0.717949
2022	0.714286
2023	0.700000
2024	1.000000
2025	1.000000
2026	1.000000
2027	1.000000
2028	0.631944
2029	0.750000
2030	0.474138
2031	1.000000
2032	1.000000
2033	1.000000
2034	1.000000
2035	1.000000
2036	0.656250
2037	0.954545
2038	0.837209
2039	1.000000
2040	0.544910
2041	1.000000
2042	0.769231
2043	0.750000
2044	0.651163
2045	1.000000
2046	0.875000
2047	0.724138
2048	1.000000
2049	0.610169
2050	0.587097
2051	0.442529
2052	1.000000
2053	1.000000
2054	0.617647
2055	0.848485
2056	0.567568
2057	0.833333
2058	1.000000
2059	0.588235
2060	1.000000
2061	0.903226
2062	1.000000
2063	0.526316
2064	0.679245
2065	1.000000
2066	0.604396
2067	0.681818
2068	1.000000
2069	1.000000
2070	0.642857
2071	0.714286
2072	0.682927
2073	0.652174
2074	0.700000
2075	0.625000
2076	0.636364
2077	0.857143
2078	1.000000
2079	0.682927
2080	0.622222
2081	0.750000
2082	0.823529
2083	1.000000
2084	0.750000
2085	0.583333
2086	0.550000
2087	0.640777
2088	0.560000
2089	1.000000
2090	0.833333
2091	1.000000
2092	1.000000
2093	0.909091
2094	1.000000
2095	1.000000
2096	1.000000
2097	1.000000
2098	0.538462
2099	0.750000
2100	0.550000
2101	0.549020
2102	1.000000
2103	0.807692
2104	0.517110
2105	0.750000
2106	0.724138
2107	0.714286
2108	1.000000
2109	0.700000
2110	1.000000
2111	1.000000
2112	0.750000
2113	0.656250
2114	0.666667
2115	1.000000
2116	0.750000
2117	1.000000
2118	1.000000
2119	1.000000
2120	0.481752
2121	0.571429
2122	1.000000
2123	0.700000
2124	0.750000
2125	0.840000
2126	1.000000
2127	1.000000
2128	1.000000
2129	0.750000
2130	0.724138
2131	0.483871
2132	0.807692
2133	0.807692
2134	0.555556
2135	0.750000
2136	1.000000
2137	0.823529
2138	1.000000
2139	0.600000
2140	0.857143
2141	0.769231
2142	0.632184
2143	0.677419
2144	0.473684
2145	1.000000
2146	1.000000
2147	0.714286
2148	0.736842
2149	0.909091
2150	1.000000
2151	0.500000
2152	0.677419
2153	0.633803
2154	1.000000
2155	0.652174
2156	1.000000
2157	1.000000
2158	0.807692
2159	1.000000
2160	0.622642
2161	0.724138
2162	1.000000
2163	0.677419
2164	0.750000
2165	1.000000
2166	1.000000
2167	1.000000
2168	0.823529
2169	0.777778
2170	0.636364
2171	1.000000
2172	1.000000
2173	1.000000
2174	0.789474
2175	0.750000
2176	1.000000
2177	0.636364
2178	1.000000
2179	0.840000
2180	0.750000
2181	0.535714
2182	0.600000
2183	1.000000
2184	1.000000
2185	0.714286
2186	0.656250
2187	1.000000
2188	0.789474
2189	1.000000
2190	1.000000
2191	0.724138
2192	0.750000
2193	1.000000
2194	0.549020
2195	0.583333
2196	0.750000
2197	1.000000
2198	0.714286
2199	0.750000
2200	1.000000
2201	0.500000
2202	1.000000
2203	0.544910
2204	0.500000
2205	1.000000
2206	1.000000
2207	1.000000
2208	0.666667
2209	1.000000
2210	1.000000
2211	1.000000
2212	1.000000
2213	0.525000
2214	1.000000
2215	0.857143
2216	0.736842
2217	0.750000
2218	0.875000
2219	0.714286
2220	0.636364
2221	1.000000
2222	1.000000
2223	1.000000
2224	0.651163
2225	1.000000
2226	0.777778
2227	0.909091
2228	0.750000
2229	1.000000
2230	0.789474
2231	0.677419
2232	0.857143
2233	1.000000
2234	1.000000
2235	0.807692
2236	0.366426
2237	1.000000
2238	0.677419
2239	0.750000
2240	0.789474
2241	0.807692
2242	1.000000
2243	0.823529
2244	0.714286
2245	0.777778
2246	1.000000
2247	1.000000
2248	1.000000
2249	0.703125
2250	0.567568
2251	1.000000
2252	1.000000
2253	1.000000
2254	0.600000
2255	0.954545
2256	0.714286
2257	0.807692
2258	0.560000
2259	0.736842
2260	0.777778
2261	1.000000
2262	1.000000
2263	0.636364
2264	0.840000
2265	0.700000
2266	0.443182
2267	0.610169
2268	1.000000
2269	1.000000
2270	0.789474
2271	0.807692
2272	0.677419
2273	0.491228
2274	0.777778
2275	1.000000
2276	0.636364
2277	0.823529
2278	1.000000
2279	0.714286
2280	0.484472
2281	0.682927
2282	0.833333
2283	0.840000
2284	0.500000
2285	1.000000
2286	1.000000
2287	0.807692
2288	0.840000
2289	0.705882
2290	0.840000
2291	1.000000
2292	1.000000
2293	1.000000
2294	0.656250
2295	0.636364
2296	1.000000
2297	1.000000
2298	1.000000
2299	1.000000
2300	0.677419
2301	0.700000
2302	0.823529
2303	0.545455
2304	0.750000
2305	1.000000
2306	0.700000
2307	1.000000
2308	0.840000
2309	1.000000
2310	1.000000
2311	0.769231
2312	0.600000
2313	1.000000
2314	0.681818
2315	1.000000
2316	0.750000
2317	0.583333
2318	0.636364
2319	1.000000
2320	1.000000
2321	0.734694
2322	0.714286
2323	1.000000
2324	1.000000
2325	0.807692
2326	0.700000
2327	0.588235
2328	0.600000
2329	0.560000
2330	1.000000
2331	1.000000
2332	0.681818
2333	0.840000
2334	1.000000
2335	1.000000
2336	0.777778
2337	1.000000
2338	1.000000
2339	0.617647
2340	0.875000
2341	0.666667
2342	1.000000
2343	1.000000
2344	1.000000
2345	0.750000
2346	1.000000
2347	0.625000
2348	0.528846
2349	0.807692
2350	1.000000
2351	1.000000
2352	0.617647
2353	1.000000
2354	0.913043
2355	0.807692
2356	1.000000
2357	0.714286
2358	0.937500
2359	1.000000
2360	0.789474
2361	0.789474
2362	1.000000
2363	0.447154
2364	0.636364
2365	0.807692
2366	1.000000
2367	1.000000
2368	0.652174
2369	1.000000
2370	0.421053
2371	1.000000
2372	1.000000
2373	1.000000
2374	0.733333
2375	0.535714
2376	0.724138
2377	0.750000
2378	0.750000
2379	0.639344
2380	0.807692
2381	0.840000
2382	0.840000
2383	0.857143
2384	0.734694
2385	1.000000
2386	1.000000
2387	1.000000
2388	0.538462
2389	0.371429
2390	1.000000
2391	0.913043
2392	0.700000
2393	1.000000
2394	1.000000
2395	1.000000
2396	0.600000
2397	1.000000
2398	0.652174
2399	1.000000
2400	1.000000
2401	1.000000
2402	0.724138
2403	1.000000
2404	1.000000
2405	0.750000
2406	1.000000
2407	1.000000
2408	0.483871
2409	1.000000
2410	1.000000
2411	0.769231
2412	0.769231
2413	1.000000
2414	1.000000
2415	1.000000
2416	1.000000
2417	0.724138
2418	1.000000
2419	0.750000
2420	0.652174
2421	1.000000
2422	1.000000
2423	1.000000
2424	0.736842
2425	1.000000
2426	1.000000
2427	1.000000
2428	1.000000
2429	0.789474
2430	1.000000
2431	1.000000
2432	0.625000
2433	0.471429
2434	0.789474
2435	1.000000
2436	0.652174
2437	1.000000
2438	1.000000
2439	0.714286
2440	0.636364
2441	0.666667
2442	0.604396
2443	0.857143
2444	1.000000
2445	0.789474
2446	1.000000
2447	1.000000
2448	0.750000
2449	0.789474
2450	0.652174
2451	0.608696
2452	1.000000
2453	0.608696
2454	1.000000
2455	1.000000
2456	0.769231
2457	0.882353
2458	0.411765
2459	0.789474
2460	1.000000
2461	0.565217
2462	1.000000
2463	1.000000
2464	0.736842
2465	0.769231
2466	0.509804
2467	1.000000
2468	1.000000
2469	0.789474
2470	0.600000
2471	1.000000
2472	1.000000
2473	0.714286
2474	1.000000
2475	1.000000
2476	1.000000
2477	1.000000
2478	0.736842
2479	0.789474
2480	1.000000
2481	0.882353
2482	0.769231
2483	0.789474
2484	0.789474
2485	1.000000
2486	0.681818
2487	0.789474
2488	1.000000
2489	1.000000
2490	0.833333
2491	0.619048
2492	0.568966
2493	1.000000
2494	1.000000
2495	1.000000
2496	0.595745
2497	1.000000
2498	1.000000
2499	1.000000
2500	1.000000
2501	0.656250
2502	0.666667
2503	1.000000
2504	0.652174
2505	1.000000
2506	0.583333
2507	1.000000
2508	0.750000
2509	0.724138
2510	1.000000
2511	1.000000
2512	1.000000
2513	0.833333
2514	1.000000
2515	1.000000
2516	1.000000
2517	0.724138
2518	0.789474
2519	1.000000
2520	1.000000
2521	1.000000
2522	1.000000
2523	1.000000
2524	1.000000
2525	1.000000
2526	1.000000
2527	0.583333
2528	0.789474
2529	0.833333
2530	0.789474
2531	1.000000
2532	0.789474
2533	0.677419
2534	0.652174
2535	1.000000
2536	0.625000
2537	0.493671
2538	0.681818
2539	1.000000
2540	0.666667
2541	0.789474
2542	0.652174
2543	0.639535
2544	1.000000
2545	0.580645
2546	1.000000
2547	0.571429
2548	1.000000
2549	1.000000
2550	1.000000
2551	0.750000
2552	0.562500
2553	1.000000
2554	0.576923
2555	0.769231
2556	1.000000
2557	0.714286
2558	0.750000
2559	0.769231
2560	0.750000
2561	0.584416
2562	1.000000
2563	0.789474
2564	0.807692
2565	1.000000
2566	1.000000
2567	0.679245
2568	1.000000
2569	0.553846
2570	0.652174
2571	0.616438
2572	1.000000
2573	0.750000
2574	0.681818
2575	0.789474
2576	1.000000
2577	0.789474
2578	1.000000
2579	0.789474
2580	0.700000
2581	0.789474
2582	0.833333
2583	0.666667
2584	0.857143
2585	1.000000
2586	0.750000
2587	0.789474
2588	0.789474
2589	0.833333
2590	1.000000
2591	1.000000
2592	0.681818
2593	0.714286
2594	1.000000
2595	0.882353
2596	0.750000
2597	0.769231
2598	1.000000
2599	0.666667
2600	1.000000
2601	1.000000
2602	1.000000
2603	1.000000
2604	0.625000
2605	0.736842
2606	1.000000
2607	1.000000
2608	1.000000
2609	0.833333
2610	0.882353
2611	1.000000
2612	1.000000
2613	0.656250
2614	0.600000
2615	1.000000
2616	0.666667
2617	0.789474
2618	1.000000
2619	0.769231
2620	1.000000
2621	1.000000
2622	0.833333
2623	1.000000
2624	0.807692
2625	1.000000
2626	0.692308
2627	0.789474
2628	1.000000
2629	1.000000
2630	1.000000
2631	1.000000
2632	0.600000
2633	1.000000
2634	1.000000
2635	1.000000
2636	1.000000
2637	1.000000
2638	1.000000
2639	1.000000
2640	0.789474
2641	1.000000
2642	0.724138
2643	1.000000
2644	1.000000
2645	0.555556
2646	0.750000
2647	0.681818
2648	0.700000
2649	0.769231
2650	0.882353
2651	0.833333
2652	0.750000
2653	1.000000
2654	1.000000
2655	0.569620
2656	0.681818
2657	0.652174
2658	1.000000
2659	0.857143
2660	1.000000
2661	1.000000
2662	0.647059
2663	0.750000
2664	1.000000
2665	1.000000
2666	1.000000
2667	1.000000
2668	1.000000
2669	1.000000
2670	0.937500
2671	0.833333
2672	1.000000
2673	1.000000
2674	1.000000
2675	0.789474
2676	0.807692
2677	1.000000
2678	1.000000
2679	0.833333
2680	1.000000
2681	0.789474
2682	1.000000
2683	0.600000
2684	0.616438
2685	0.789474
2686	0.909091
2687	1.000000
2688	1.000000
2689	1.000000
2690	0.724138
2691	0.833333
2692	0.736842
2693	0.679245
2694	1.000000
2695	0.600000
2696	0.625000
2697	1.000000
2698	1.000000
2699	1.000000
2700	1.000000
2701	0.592105
2702	0.750000
2703	1.000000
2704	0.636364
2705	1.000000
2706	1.000000
2707	0.909091
2708	1.000000
2709	1.000000
2710	1.000000
2711	1.000000
2712	1.000000
2713	0.807692
2714	1.000000
2715	0.544379
2716	1.000000
2717	0.636364
2718	1.000000
2719	1.000000
2720	0.714286
2721	1.000000
2722	0.789474
2723	1.000000
2724	1.000000
2725	0.789474
2726	0.625000
2727	0.789474
2728	1.000000
2729	0.882353
2730	0.750000
2731	0.769231
2732	1.000000
2733	0.681818
2734	0.625000
2735	1.000000
2736	1.000000
2737	1.000000
2738	0.636364
2739	0.389313
2740	1.000000
2741	1.000000
2742	1.000000
2743	1.000000
2744	0.882353
2745	1.000000
2746	0.714286
2747	0.750000
2748	1.000000
2749	1.000000
2750	0.769231
2751	1.000000
2752	0.750000
2753	0.789474
2754	0.789474
2755	1.000000
2756	1.000000
2757	1.000000
2758	1.000000
2759	1.000000
2760	1.000000
2761	1.000000
2762	1.000000
2763	1.000000
2764	1.000000
2765	0.652174
2766	0.714286
2767	1.000000
2768	1.000000
2769	0.567568
2770	1.000000
2771	0.750000
2772	0.714286
2773	1.000000
2774	0.789474
2775	0.358362
2776	0.736842
2777	0.714286
2778	0.500000
2779	1.000000
2780	0.608108
2781	1.000000
2782	0.807692
2783	0.478261
2784	0.539216
2785	1.000000
2786	1.000000
2787	0.789474
2788	0.652174
2789	1.000000
2790	0.789474
2791	1.000000
2792	0.636364
2793	1.000000
2794	0.789474
2795	1.000000
2796	0.789474
2797	1.000000
2798	1.000000
2799	0.528302
2800	1.000000
2801	1.000000
2802	0.458824
2803	0.789474
2804	1.000000
2805	1.000000
2806	0.789474
2807	0.555556
2808	0.600000
2809	0.566667
2810	0.833333
2811	1.000000
2812	1.000000
2813	0.436893
2814	0.769231
2815	0.666667
2816	0.714286
2817	0.724138
2818	0.666667
2819	1.000000
2820	0.769231
2821	1.000000
2822	1.000000
2823	0.833333
2824	0.600000
2825	0.666667
2826	1.000000
2827	0.714286
2828	1.000000
2829	1.000000
2830	1.000000
2831	1.000000
2832	1.000000
2833	1.000000
2834	0.583333
2835	1.000000
2836	1.000000
2837	1.000000
2838	0.625000
2839	0.588235
2840	1.000000
2841	1.000000
2842	1.000000
2843	1.000000
2844	0.789474
2845	0.833333
2846	0.724138
2847	1.000000
2848	1.000000
2849	1.000000
2850	1.000000
2851	0.789474
2852	1.000000
2853	0.833333
2854	1.000000
2855	1.000000
2856	1.000000
2857	1.000000
2858	1.000000
2859	0.857143
2860	0.769231
2861	1.000000
2862	1.000000
2863	1.000000
2864	1.000000
2865	0.724138
2866	0.600000
2867	0.570896
2868	0.833333
2869	1.000000
2870	1.000000
2871	1.000000
2872	1.000000
2873	1.000000
2874	1.000000
2875	0.789474
2876	0.600000
2877	0.789474
2878	0.714286
2879	0.714286
2880	0.769231
2881	1.000000
2882	0.769231
2883	1.000000
2884	0.714286
2885	1.000000
2886	0.769231
2887	1.000000
2888	0.750000
2889	1.000000
2890	1.000000
2891	1.000000
2892	0.789474
2893	1.000000
2894	1.000000
2895	0.833333
2896	1.000000
2897	0.833333
2898	1.000000
2899	0.555556
2900	1.000000
2901	0.553191
2902	0.714286
2903	0.714286
2904	1.000000
2905	1.000000
2906	1.000000
2907	1.000000
2908	0.789474
2909	1.000000
2910	1.000000
2911	1.000000
2912	1.000000
2913	0.789474
2914	0.714286
2915	1.000000
2916	1.000000
2917	0.714286
2918	0.789474
2919	0.714286
2920	1.000000
2921	1.000000
2922	0.600000
2923	0.666667
2924	0.714286
2925	1.000000
2926	1.000000
2927	0.714286
2928	0.724138
2929	1.000000
2930	0.714286
2931	0.769231
2932	0.724138
2933	0.714286
2934	0.789474
2935	0.700000
2936	0.584416
2937	1.000000
2938	0.562500
2939	0.714286
2940	1.000000
2941	0.833333
2942	0.567568
2943	1.000000
2944	0.769231
2945	0.714286
2946	0.833333
2947	0.833333
2948	0.666667
2949	0.636364
2950	0.769231
2951	1.000000
2952	0.714286
2953	0.714286
2954	0.769231
2955	1.000000
2956	0.769231
2957	1.000000
2958	1.000000
2959	0.714286
2960	1.000000
2961	0.909091
2962	0.769231
2963	1.000000
2964	0.769231
2965	1.000000
2966	1.000000
2967	0.769231
2968	0.833333
2969	0.724138
2970	0.769231
2971	0.636364
2972	1.000000
2973	0.714286
2974	0.769231
2975	1.000000
2976	1.000000
2977	1.000000
2978	0.769231
2979	1.000000
2980	1.000000
2981	0.833333
2982	1.000000
2983	1.000000
2984	1.000000
2985	0.600000
2986	1.000000
2987	0.656250
2988	1.000000
2989	0.769231
2990	1.000000
2991	0.789474
2992	1.000000
2993	1.000000
2994	1.000000
2995	0.769231
2996	1.000000
2997	1.000000
2998	1.000000
2999	1.000000
3000	1.000000
3001	0.724138
3002	0.769231
3003	0.714286
3004	1.000000
3005	1.000000
3006	1.000000
3007	0.769231
3008	1.000000
3009	1.000000
3010	0.714286
3011	1.000000
3012	0.666667
3013	0.769231
3014	1.000000
3015	0.769231
3016	0.724138
3017	1.000000
3018	1.000000
3019	0.549020
3020	0.789474
3021	0.714286
3022	0.714286
3023	0.909091
3024	1.000000
3025	1.000000
3026	1.000000
3027	0.789474
3028	0.857143
3029	0.909091
3030	0.789474
3031	0.714286
3032	1.000000
3033	1.000000
3034	1.000000
3035	1.000000
3036	0.750000
3037	1.000000
3038	1.000000
3039	1.000000
3040	0.677419
3041	1.000000
3042	0.909091
3043	0.769231
3044	0.769231
3045	1.000000
3046	0.750000
3047	1.000000
3048	1.000000
3049	1.000000
3050	1.000000
3051	0.652174
3052	0.714286
3053	0.714286
3054	0.608696
3055	1.000000
3056	0.724138
3057	0.769231
3058	0.789474
3059	0.769231
3060	0.714286
3061	0.789474
3062	1.000000
3063	0.769231
3064	0.833333
3065	0.750000
3066	0.714286
3067	0.769231
3068	0.909091
3069	1.000000
3070	1.000000
3071	0.909091
3072	1.000000
3073	1.000000
3074	1.000000
3075	0.769231
3076	1.000000
3077	1.000000
3078	0.789474
3079	1.000000
3080	1.000000
3081	0.464286
3082	0.750000
3083	1.000000
3084	1.000000
3085	1.000000
3086	0.724138
3087	1.000000
3088	0.651163
3089	0.617647
3090	1.000000
3091	1.000000
3092	1.000000
3093	1.000000
3094	0.833333
3095	1.000000
3096	1.000000
3097	1.000000
3098	0.681818
3099	1.000000
3100	1.000000
3101	1.000000
3102	1.000000
3103	0.750000
3104	1.000000
3105	1.000000
3106	0.769231
3107	0.714286
3108	1.000000
3109	1.000000
3110	0.666667
3111	0.615572
3112	0.714286
3113	1.000000
3114	1.000000
3115	0.769231
3116	1.000000
3117	1.000000
3118	0.769231
3119	1.000000
3120	0.666667
3121	0.666667
3122	0.750000
3123	1.000000
3124	1.000000
3125	0.588235
3126	0.769231
3127	0.714286
3128	0.600000
3129	0.576923
3130	0.608696
3131	1.000000
3132	0.714286
3133	0.769231
3134	1.000000
3135	0.714286
3136	1.000000
3137	0.714286
3138	0.750000
3139	0.724138
3140	1.000000
3141	0.714286
3142	0.909091
3143	0.714286
3144	1.000000
3145	1.000000
3146	0.571429
3147	1.000000
3148	0.600000
3149	1.000000
3150	1.000000
3151	1.000000
3152	1.000000
3153	1.000000
3154	1.000000
3155	0.909091
3156	1.000000
3157	1.000000
3158	1.000000
3159	1.000000
3160	0.833333
3161	1.000000
3162	0.682927
3163	0.789474
3164	0.769231
3165	0.909091
3166	0.789474
3167	0.569620
3168	0.666667
3169	1.000000
3170	1.000000
3171	1.000000
3172	1.000000
3173	0.724138
3174	0.833333
3175	0.625000
3176	1.000000
3177	0.909091
3178	1.000000
3179	0.583333
3180	1.000000
3181	1.000000
3182	0.769231
3183	1.000000
3184	1.000000
3185	1.000000
3186	0.769231
3187	0.560000
3188	0.666667
3189	0.789474
3190	0.769231
3191	1.000000
3192	0.714286
3193	1.000000
3194	0.714286
3195	0.567568
3196	1.000000
3197	0.833333
3198	0.714286
3199	1.000000
3200	1.000000
3201	1.000000
3202	0.750000
3203	0.909091
3204	0.769231
3205	0.769231
3206	0.909091
3207	1.000000
3208	1.000000
3209	0.857143
3210	1.000000
3211	1.000000
3212	1.000000
3213	0.714286
3214	1.000000
3215	1.000000
3216	1.000000
3217	0.553846
3218	1.000000
3219	0.724138
3220	1.000000
3221	0.724138
3222	1.000000
3223	0.789474
3224	0.769231
3225	0.700000
3226	0.750000
3227	0.750000
3228	1.000000
3229	1.000000
3230	1.000000
3231	0.591398
3232	0.769231
3233	1.000000
3234	1.000000
3235	0.724138
3236	0.833333
3237	1.000000
3238	0.714286
3239	1.000000
3240	1.000000
3241	0.571429
3242	0.617647
3243	1.000000
3244	1.000000
3245	1.000000
3246	1.000000
3247	0.750000
3248	1.000000
3249	0.769231
3250	0.769231
3251	1.000000
3252	1.000000
3253	1.000000
3254	1.000000
3255	1.000000
3256	1.000000
3257	1.000000
3258	1.000000
3259	0.682927
3260	0.833333
3261	0.666667
3262	0.769231
3263	0.600000
3264	1.000000
3265	0.769231
3266	1.000000
3267	0.789474
3268	0.769231
3269	0.666667
3270	0.769231
3271	0.666667
3272	0.666667
3273	0.833333
3274	0.600000
3275	0.666667
3276	1.000000
3277	0.769231
3278	0.600000
3279	1.000000
3280	0.714286
3281	0.666667
3282	0.769231
3283	1.000000
3284	1.000000
3285	0.909091
3286	0.666667
3287	1.000000
3288	0.769231
3289	1.000000
3290	1.000000
3291	1.000000
3292	0.714286
3293	1.000000
3294	1.000000
3295	0.833333
3296	1.000000
3297	0.552632
3298	0.714286
3299	1.000000
3300	1.000000
3301	0.666667
3302	1.000000
3303	1.000000
3304	1.000000
3305	1.000000
3306	1.000000
3307	1.000000
3308	1.000000
3309	0.600000
3310	0.714286
3311	1.000000
3312	1.000000
3313	1.000000
3314	1.000000
3315	1.000000
3316	1.000000
3317	0.588235
3318	1.000000
3319	0.750000
3320	1.000000
3321	1.000000
3322	0.666667
3323	1.000000
3324	1.000000
3325	1.000000
3326	0.750000
3327	0.588235
3328	1.000000
3329	1.000000
3330	0.750000
3331	0.750000
3332	0.750000
3333	1.000000
3334	1.000000
3335	1.000000
3336	0.750000
3337	1.000000
3338	1.000000
3339	1.000000
3340	1.000000
3341	0.857143
3342	1.000000
3343	1.000000
3344	1.000000
3345	0.750000
3346	0.714286
3347	0.769231
3348	0.857143
3349	1.000000
3350	1.000000
3351	1.000000
3352	1.000000
3353	0.857143
3354	1.000000
3355	0.636364
3356	1.000000
3357	1.000000
3358	1.000000
3359	1.000000
3360	1.000000
3361	1.000000
3362	1.000000
3363	0.857143
3364	1.000000
3365	1.000000
3366	1.000000
3367	1.000000
3368	1.000000
3369	1.000000
3370	1.000000
3371	1.000000
3372	0.666667
3373	0.750000
3374	1.000000
3375	1.000000
3376	1.000000
3377	0.750000
3378	0.714286
3379	1.000000
3380	0.750000
3381	1.000000
3382	0.750000
3383	1.000000
3384	1.000000
3385	0.714286
3386	1.000000
3387	0.750000
3388	1.000000
3389	0.750000
3390	0.750000
3391	0.769231
3392	1.000000
3393	1.000000
3394	1.000000
3395	0.857143
3396	1.000000
3397	1.000000
3398	1.000000
3399	1.000000
3400	1.000000
3401	1.000000
3402	0.488372
3403	0.750000
3404	1.000000
3405	0.750000
3406	0.666667
3407	0.750000
3408	1.000000
3409	0.576923
3410	1.000000
3411	1.000000
3412	0.857143
3413	0.750000
3414	1.000000
3415	0.750000
3416	1.000000
3417	1.000000
3418	1.000000
3419	1.000000
3420	0.750000
3421	1.000000
3422	1.000000
3423	1.000000
3424	0.750000
3425	1.000000
3426	1.000000
3427	0.714286
3428	0.750000
3429	1.000000
3430	1.000000
3431	1.000000
3432	1.000000
3433	1.000000
3434	1.000000
3435	1.000000
3436	0.750000
3437	1.000000
3438	0.750000
3439	1.000000
3440	1.000000
3441	1.000000
3442	1.000000
3443	1.000000
3444	1.000000
3445	1.000000
3446	1.000000
3447	1.000000
3448	1.000000
3449	1.000000
3450	1.000000
3451	1.000000
3452	1.000000
3453	1.000000
3454	1.000000
3455	1.000000
3456	1.000000
3457	1.000000
3458	1.000000
3459	1.000000
3460	1.000000
3461	0.750000
3462	1.000000
3463	1.000000
3464	1.000000
3465	1.000000
3466	1.000000
3467	0.523810
3468	0.857143
3469	0.750000
3470	1.000000
3471	0.857143
3472	1.000000
3473	1.000000
3474	1.000000
3475	0.750000
3476	1.000000
3477	0.610169
3478	1.000000
3479	1.000000
3480	1.000000
3481	0.750000
3482	1.000000
3483	1.000000
3484	1.000000
3485	0.769231
3486	0.750000
3487	0.750000
3488	1.000000
3489	1.000000
3490	0.750000
3491	1.000000
3492	1.000000
3493	0.750000
3494	0.483871
3495	1.000000
3496	1.000000
3497	1.000000
3498	0.750000
3499	1.000000
3500	1.000000
3501	0.750000
3502	0.750000
3503	1.000000
3504	1.000000
3505	0.857143
3506	0.750000
3507	0.857143
3508	1.000000
3509	1.000000
3510	1.000000
3511	1.000000
3512	0.750000
3513	1.000000
3514	1.000000
3515	1.000000
3516	0.750000
3517	0.666667
3518	1.000000
3519	1.000000
3520	1.000000
3521	1.000000
3522	0.559322
3523	1.000000
3524	1.000000
3525	0.631579
3526	1.000000
3527	1.000000
3528	0.750000
3529	1.000000
3530	1.000000
3531	0.750000
3532	1.000000
3533	0.625000
3534	0.656250
3535	0.714286
3536	1.000000
3537	1.000000
3538	0.666667
3539	1.000000
3540	1.000000
3541	1.000000
3542	1.000000
3543	1.000000
3544	1.000000
3545	1.000000
3546	1.000000
3547	0.666667
3548	1.000000
3549	0.588235
3550	1.000000
3551	1.000000
3552	1.000000
3553	1.000000
3554	1.000000
3555	1.000000
3556	0.857143
3557	1.000000
3558	1.000000
3559	1.000000
3560	0.750000
3561	1.000000
3562	1.000000
3563	0.750000
3564	1.000000
3565	1.000000
3566	1.000000
3567	1.000000
3568	1.000000
3569	1.000000
3570	1.000000
3571	1.000000
3572	1.000000
3573	1.000000
3574	0.750000
3575	0.750000
3576	1.000000
3577	0.631579
3578	0.750000
3579	0.714286
3580	1.000000
3581	0.714286
3582	1.000000
3583	1.000000
3584	1.000000
3585	0.769231
3586	1.000000
3587	1.000000
3588	1.000000
3589	1.000000
3590	0.857143
3591	1.000000
3592	1.000000
3593	0.714286
3594	0.750000
3595	1.000000
3596	1.000000
3597	0.750000
3598	0.714286
3599	0.750000
3600	1.000000
3601	0.590164
3602	1.000000
3603	1.000000
3604	1.000000
3605	1.000000
3606	1.000000
3607	1.000000
3608	1.000000
3609	0.857143
3610	0.750000
3611	1.000000
3612	1.000000
3613	1.000000
3614	1.000000
3615	0.666667
3616	0.608696
3617	1.000000
3618	1.000000
3619	0.750000
3620	1.000000
3621	0.714286
3622	1.000000
3623	1.000000
3624	1.000000
3625	1.000000
3626	1.000000
3627	1.000000
3628	1.000000
3629	0.750000
3630	1.000000
3631	1.000000
3632	0.677419
3633	0.857143
3634	0.750000
3635	0.714286
3636	1.000000
3637	0.681818
3638	0.857143
3639	1.000000
3640	1.000000
3641	1.000000
3642	1.000000
3643	1.000000
3644	0.769231
3645	0.857143
3646	1.000000
3647	1.000000
3648	1.000000
3649	0.600000
3650	1.000000
3651	0.714286
3652	1.000000
3653	1.000000
3654	1.000000
3655	0.714286
3656	0.714286
3657	1.000000
3658	1.000000
3659	1.000000
3660	1.000000
3661	1.000000
3662	1.000000
3663	1.000000
3664	1.000000
3665	0.750000
3666	1.000000
3667	0.750000
3668	0.750000
3669	0.750000
3670	0.750000
3671	0.588235
3672	0.750000
3673	1.000000
3674	1.000000
3675	1.000000
3676	1.000000
3677	1.000000
3678	1.000000
3679	0.588235
3680	1.000000
3681	1.000000
3682	0.617647
3683	1.000000
3684	1.000000
3685	1.000000
3686	1.000000
3687	1.000000
3688	1.000000
3689	0.857143
3690	1.000000
3691	0.750000
3692	1.000000
3693	1.000000
3694	1.000000
3695	1.000000
3696	0.857143
3697	1.000000
3698	0.714286
3699	0.714286
3700	1.000000
3701	1.000000
3702	1.000000
3703	0.750000
3704	1.000000
3705	1.000000
3706	0.750000
3707	1.000000
3708	0.750000
3709	1.000000
3710	1.000000
3711	1.000000
3712	1.000000
3713	1.000000
3714	1.000000
3715	1.000000
3716	1.000000
3717	0.750000
3718	1.000000
3719	1.000000
3720	1.000000
3721	0.750000
3722	1.000000
3723	1.000000
3724	0.714286
3725	0.500000
3726	1.000000
3727	1.000000
3728	1.000000
3729	1.000000
3730	1.000000
3731	0.608696
3732	1.000000
3733	0.857143
3734	0.750000
3735	1.000000
3736	1.000000
3737	0.750000
3738	1.000000
3739	1.000000
3740	1.000000
3741	1.000000
3742	1.000000
3743	1.000000
3744	1.000000
3745	1.000000
3746	1.000000
3747	0.666667
3748	1.000000
3749	1.000000
3750	0.750000
3751	1.000000
3752	1.000000
3753	1.000000
3754	1.000000
3755	0.714286
3756	0.750000
3757	1.000000
3758	1.000000
3759	1.000000
3760	0.517241
3761	1.000000
3762	0.857143
3763	1.000000
3764	1.000000
3765	0.750000
3766	1.000000
3767	1.000000
3768	1.000000
3769	1.000000
3770	1.000000
3771	1.000000
3772	0.750000
3773	1.000000
3774	1.000000
3775	1.000000
3776	0.750000
3777	1.000000
3778	0.750000
3779	1.000000
3780	1.000000
3781	1.000000
3782	1.000000
3783	0.538462
3784	1.000000
3785	1.000000
3786	1.000000
3787	1.000000
3788	0.857143
3789	1.000000
3790	1.000000
3791	0.750000
3792	0.750000
3793	0.857143
3794	0.750000
3795	1.000000
3796	1.000000
3797	1.000000
3798	1.000000
3799	1.000000
3800	1.000000
3801	0.625000
3802	0.750000
3803	1.000000
3804	1.000000
3805	1.000000
3806	1.000000
3807	0.750000
3808	1.000000
3809	1.000000
3810	0.750000
3811	1.000000
3812	1.000000
3813	1.000000
3814	0.600000
3815	1.000000
3816	0.750000
3817	1.000000
3818	1.000000
3819	0.750000
3820	1.000000
3821	0.714286
3822	1.000000
3823	1.000000
3824	1.000000
3825	1.000000
3826	1.000000
3827	1.000000
3828	1.000000
3829	1.000000
3830	1.000000
3831	1.000000
3832	1.000000
3833	1.000000
3834	1.000000
3835	1.000000
3836	0.750000
3837	1.000000
3838	1.000000
3839	0.857143
3840	1.000000
3841	1.000000
3842	1.000000
3843	1.000000
3844	1.000000
3845	1.000000
3846	1.000000
3847	0.750000
3848	0.857143
3849	1.000000
3850	1.000000
3851	1.000000
3852	1.000000
3853	1.000000
3854	1.000000
3855	1.000000
3856	1.000000
3857	0.750000
3858	0.714286
3859	0.857143
3860	1.000000
3861	1.000000
3862	0.750000
3863	0.666667
3864	1.000000
3865	1.000000
3866	1.000000
3867	0.750000
3868	1.000000
3869	1.000000
3870	0.857143
3871	1.000000
3872	0.617647
3873	1.000000
3874	0.666667
3875	0.750000
3876	1.000000
3877	1.000000
3878	0.588235
3879	1.000000
3880	0.537313
3881	1.000000
3882	1.000000
3883	0.750000
3884	0.750000
3885	0.750000
3886	0.750000
3887	0.750000
3888	0.588235
3889	1.000000
3890	1.000000
3891	1.000000
3892	1.000000
3893	0.750000
3894	0.714286
3895	1.000000
3896	1.000000
3897	1.000000
3898	1.000000
3899	1.000000
3900	1.000000
3901	0.714286
3902	0.750000
3903	1.000000
3904	1.000000
3905	1.000000
3906	0.750000
3907	0.750000
3908	1.000000
3909	1.000000
3910	0.769231
3911	1.000000
3912	0.750000
3913	1.000000
3914	1.000000
3915	1.000000
3916	0.560000
3917	0.714286
3918	1.000000
3919	0.750000
3920	1.000000
3921	1.000000
3922	0.714286
3923	1.000000
3924	0.857143
3925	1.000000
3926	1.000000
3927	0.560000
3928	1.000000
3929	1.000000
3930	1.000000
3931	1.000000
3932	1.000000
3933	1.000000
3934	1.000000
3935	0.750000
3936	0.750000
3937	1.000000
3938	1.000000
3939	1.000000
3940	1.000000
3941	0.714286
3942	0.588235
3943	0.750000
3944	0.750000
3945	0.500000
3946	1.000000
3947	1.000000
3948	1.000000
3949	1.000000
3950	1.000000
3951	1.000000
3952	1.000000
3953	1.000000
3954	1.000000
3955	1.000000
3956	0.857143
3957	1.000000
3958	0.714286
3959	1.000000
3960	0.769231
3961	0.769231
3962	0.750000
3963	1.000000
3964	1.000000
3965	1.000000
3966	0.750000
3967	1.000000
3968	0.857143
3969	1.000000
3970	1.000000
3971	1.000000
3972	1.000000
3973	0.750000
3974	1.000000
3975	1.000000
3976	1.000000
3977	1.000000
3978	1.000000
3979	1.000000
3980	0.857143
3981	1.000000
3982	1.000000
3983	1.000000
3984	1.000000
3985	0.588235
3986	0.857143
3987	1.000000
3988	1.000000
3989	0.714286
3990	1.000000
3991	0.750000
3992	0.560000
3993	1.000000
3994	1.000000
3995	1.000000
3996	1.000000
3997	1.000000
3998	1.000000
3999	1.000000
4000	0.714286
4001	1.000000
4002	0.681818
4003	1.000000
4004	0.750000
4005	0.750000
4006	1.000000
4007	0.666667
4008	1.000000
4009	0.714286
4010	0.656250
4011	0.750000
4012	1.000000
4013	0.857143
4014	1.000000
4015	1.000000
4016	1.000000
4017	1.000000
4018	1.000000
4019	1.000000
4020	1.000000
4021	1.000000
4022	1.000000
4023	1.000000
4024	0.677419
4025	1.000000
4026	0.857143
4027	1.000000
4028	0.857143
4029	1.000000
4030	1.000000
4031	1.000000
4032	1.000000
4033	1.000000
4034	1.000000
4035	0.654545
4036	1.000000
4037	1.000000
4038	0.750000
4039	1.000000
4040	1.000000
4041	0.714286
4042	1.000000
4043	1.000000
4044	1.000000
4045	1.000000
4046	1.000000
4047	1.000000
4048	0.750000
4049	1.000000
4050	1.000000
4051	1.000000
4052	1.000000
4053	1.000000
4054	0.750000
4055	1.000000
4056	1.000000
4057	1.000000
4058	1.000000
4059	1.000000
4060	1.000000
4061	1.000000
4062	1.000000
4063	1.000000
4064	1.000000
4065	1.000000
4066	1.000000
4067	1.000000
4068	1.000000
4069	1.000000
4070	1.000000
4071	1.000000
4072	1.000000
4073	1.000000
4074	1.000000
4075	1.000000
4076	1.000000
4077	1.000000
4078	1.000000
4079	1.000000
4080	1.000000
4081	1.000000
4082	1.000000
4083	0.750000
4084	1.000000
4085	1.000000
4086	1.000000
4087	1.000000
4088	1.000000
4089	1.000000
4090	1.000000
4091	1.000000
4092	1.000000
4093	1.000000
4094	0.750000
4095	1.000000
4096	1.000000
4097	1.000000
4098	1.000000
4099	1.000000
4100	1.000000
4101	1.000000
4102	1.000000
4103	1.000000
4104	1.000000
4105	1.000000
4106	1.000000
4107	1.000000
4108	1.000000
4109	1.000000
4110	1.000000
4111	1.000000
4112	1.000000
4113	1.000000
4114	1.000000
4115	1.000000
4116	1.000000
4117	1.000000
4118	1.000000
4119	1.000000
4120	0.750000
4121	0.750000
4122	1.000000
4123	1.000000
4124	1.000000
4125	1.000000
4126	1.000000
4127	1.000000
4128	1.000000
4129	0.750000
4130	1.000000
4131	0.750000
4132	1.000000
4133	1.000000
4134	0.750000
4135	1.000000
4136	1.000000
4137	1.000000
4138	1.000000
4139	1.000000
4140	1.000000
4141	1.000000
4142	1.000000
4143	1.000000
4144	1.000000
4145	0.750000
4146	1.000000
4147	1.000000
4148	1.000000
4149	1.000000
4150	1.000000
4151	0.750000
4152	1.000000
4153	0.750000
4154	1.000000
4155	1.000000
4156	1.000000
4157	1.000000
4158	1.000000
4159	1.000000
4160	1.000000
4161	1.000000
4162	0.750000
4163	1.000000
4164	1.000000
4165	1.000000
4166	1.000000
4167	1.000000
4168	1.000000
4169	1.000000
4170	1.000000
4171	1.000000
4172	1.000000
4173	1.000000
4174	1.000000
4175	1.000000
4176	1.000000
4177	1.000000
4178	1.000000
4179	1.000000
4180	1.000000
4181	1.000000
4182	1.000000
4183	1.000000
4184	1.000000
4185	1.000000
4186	1.000000
4187	1.000000
4188	1.000000
4189	1.000000
4190	1.000000
4191	1.000000
4192	1.000000
4193	1.000000
4194	0.750000
4195	1.000000
4196	1.000000
4197	1.000000
4198	1.000000
4199	1.000000
4200	1.000000
4201	0.750000
4202	1.000000
4203	1.000000
4204	1.000000
4205	1.000000
4206	1.000000
4207	1.000000
4208	1.000000
4209	1.000000
4210	0.750000
4211	1.000000
4212	1.000000
4213	0.750000
4214	0.750000
4215	1.000000
4216	1.000000
4217	1.000000
4218	1.000000
4219	1.000000
4220	1.000000
4221	1.000000
4222	1.000000
4223	0.750000
4224	1.000000
4225	1.000000
4226	0.750000
4227	1.000000
4228	1.000000
4229	0.750000
4230	1.000000
4231	1.000000
4232	1.000000
4233	1.000000
4234	1.000000
4235	1.000000
4236	1.000000
4237	1.000000
4238	1.000000
4239	1.000000
4240	1.000000
4241	1.000000
4242	1.000000
4243	1.000000
4244	1.000000
4245	1.000000
4246	0.750000
4247	1.000000
4248	0.750000
4249	1.000000
4250	1.000000
4251	1.000000
4252	0.600000
4253	1.000000
4254	1.000000
4255	1.000000
4256	1.000000
4257	1.000000
4258	1.000000
4259	1.000000
4260	1.000000
4261	1.000000
4262	1.000000
4263	1.000000
4264	1.000000
4265	1.000000
4266	1.000000
4267	1.000000
4268	1.000000
4269	1.000000
4270	0.750000
4271	1.000000
4272	1.000000
4273	1.000000
4274	1.000000
4275	1.000000
4276	1.000000
4277	1.000000
4278	1.000000
4279	1.000000
4280	1.000000
4281	1.000000
4282	1.000000
4283	1.000000
4284	1.000000
4285	1.000000
4286	1.000000
4287	1.000000
4288	1.000000
4289	1.000000
4290	1.000000
4291	1.000000
4292	1.000000
4293	1.000000
4294	1.000000
4295	1.000000
4296	1.000000
4297	0.750000
4298	1.000000
4299	1.000000
4300	1.000000
4301	0.750000
4302	1.000000
4303	1.000000
4304	0.750000
4305	1.000000
4306	1.000000
4307	1.000000
4308	1.000000
4309	1.000000
4310	1.000000
4311	1.000000
4312	1.000000
4313	0.750000
4314	1.000000
4315	1.000000
4316	1.000000
4317	1.000000
4318	0.750000
4319	1.000000
4320	0.750000
4321	1.000000
4322	1.000000
4323	1.000000
4324	1.000000
4325	0.750000
4326	1.000000
4327	1.000000
4328	1.000000
4329	0.750000
4330	1.000000
4331	1.000000
4332	1.000000
4333	1.000000
4334	1.000000
4335	0.750000
4336	1.000000
4337	1.000000
4338	1.000000
4339	1.000000
4340	1.000000
4341	1.000000
4342	1.000000
4343	1.000000
4344	1.000000
4345	1.000000
4346	1.000000
4347	0.750000
4348	1.000000
4349	1.000000
4350	1.000000
4351	1.000000
4352	0.750000
4353	1.000000
4354	0.750000
4355	1.000000
4356	1.000000
4357	0.750000
4358	1.000000
4359	1.000000
4360	1.000000
4361	1.000000
4362	1.000000
4363	1.000000
4364	1.000000
4365	1.000000
4366	1.000000
4367	1.000000
4368	1.000000
4369	1.000000
4370	1.000000
4371	1.000000
4372	0.750000
4373	1.000000
4374	1.000000
4375	1.000000
4376	1.000000
4377	1.000000
4378	1.000000
4379	0.750000
4380	0.750000
4381	1.000000
4382	0.750000
4383	1.000000
4384	1.000000
4385	1.000000
4386	1.000000
4387	1.000000
4388	1.000000
4389	1.000000
4390	1.000000
4391	1.000000
4392	1.000000
4393	1.000000
4394	1.000000
4395	1.000000
4396	1.000000
4397	1.000000
4398	1.000000
4399	1.000000
4400	1.000000
4401	1.000000
4402	1.000000
4403	1.000000
4404	1.000000
4405	1.000000
4406	1.000000
4407	0.750000
4408	0.750000
4409	1.000000
4410	1.000000
4411	1.000000
4412	1.000000
4413	0.750000
4414	1.000000
4415	0.750000
4416	1.000000
4417	1.000000
4418	1.000000
4419	1.000000
4420	1.000000
4421	1.000000
4422	1.000000
4423	0.750000
4424	1.000000
4425	1.000000
4426	1.000000
4427	0.750000
4428	1.000000
4429	1.000000
4430	1.000000
4431	1.000000
4432	0.750000
4433	1.000000
4434	1.000000
4435	1.000000
4436	1.000000
4437	1.000000
4438	1.000000
4439	1.000000
4440	1.000000
4441	1.000000
4442	1.000000
4443	1.000000
4444	1.000000
4445	1.000000
4446	1.000000
4447	1.000000
4448	0.750000
4449	1.000000
4450	1.000000
4451	0.750000
4452	1.000000
4453	1.000000
4454	1.000000
4455	1.000000
4456	0.750000
4457	1.000000
4458	0.750000
4459	1.000000
4460	1.000000
4461	1.000000
4462	1.000000
4463	0.750000
4464	1.000000
4465	0.750000
4466	1.000000
4467	1.000000
4468	1.000000
4469	1.000000
4470	0.750000
4471	1.000000
4472	1.000000
4473	1.000000
4474	1.000000
4475	1.000000
4476	1.000000
4477	1.000000
4478	1.000000
4479	1.000000
4480	1.000000
4481	1.000000
4482	0.750000
4483	1.000000
4484	1.000000
4485	0.750000
4486	1.000000
4487	1.000000
4488	1.000000
4489	1.000000
4490	1.000000
4491	1.000000
4492	1.000000
4493	1.000000
4494	1.000000
4495	1.000000
4496	1.000000
4497	1.000000
4498	1.000000
4499	1.000000
4500	1.000000
4501	1.000000
4502	0.750000
4503	0.750000
4504	1.000000
4505	1.000000
4506	1.000000
4507	1.000000
4508	1.000000
4509	1.000000
4510	1.000000
4511	1.000000
4512	1.000000
4513	1.000000
4514	1.000000
4515	1.000000
4516	1.000000
4517	1.000000
4518	1.000000
4519	0.750000
4520	1.000000
4521	1.000000
4522	1.000000
4523	1.000000
4524	1.000000
4525	1.000000
4526	1.000000
4527	1.000000
4528	0.750000
4529	1.000000
4530	1.000000
4531	1.000000
4532	1.000000
4533	1.000000
4534	1.000000
4535	1.000000
4536	1.000000
4537	1.000000
4538	1.000000
4539	1.000000
4540	1.000000
4541	1.000000
4542	1.000000
4543	1.000000
4544	1.000000
4545	1.000000
4546	1.000000
4547	1.000000
4548	0.750000
4549	1.000000
4550	1.000000
4551	1.000000
4552	1.000000
4553	1.000000
4554	1.000000
4555	1.000000
4556	1.000000
4557	1.000000
4558	1.000000
4559	1.000000
4560	1.000000
4561	1.000000
4562	1.000000
4563	1.000000
4564	1.000000
4565	1.000000
4566	1.000000
4567	1.000000
4568	1.000000
4569	1.000000
4570	1.000000
4571	1.000000
4572	1.000000
4573	1.000000
4574	1.000000
4575	1.000000
4576	1.000000
4577	1.000000
4578	1.000000
4579	1.000000
4580	1.000000
4581	1.000000
4582	1.000000
4583	0.750000
4584	1.000000
4585	0.600000
4586	1.000000
4587	1.000000
4588	0.750000
4589	1.000000
4590	1.000000
4591	1.000000
4592	0.750000
4593	1.000000
4594	1.000000
4595	1.000000
4596	1.000000
4597	1.000000
4598	1.000000
4599	0.750000
4600	1.000000
4601	1.000000
4602	1.000000
4603	1.000000
4604	1.000000
4605	0.600000
4606	1.000000
4607	1.000000
4608	1.000000
4609	1.000000
4610	1.000000
4611	1.000000
4612	1.000000
4613	1.000000
4614	1.000000
4615	1.000000
4616	0.750000
4617	0.750000
4618	1.000000
4619	1.000000
4620	0.750000
4621	1.000000
4622	0.750000
4623	0.750000
4624	1.000000
4625	1.000000
4626	1.000000
4627	1.000000
4628	1.000000
4629	1.000000
4630	0.750000
4631	1.000000
4632	1.000000
4633	1.000000
4634	0.750000
4635	1.000000
4636	1.000000
4637	1.000000
4638	1.000000
4639	0.750000
4640	1.000000
4641	1.000000
4642	1.000000
4643	1.000000
4644	1.000000
4645	1.000000
4646	1.000000
4647	1.000000
4648	1.000000
4649	1.000000
4650	1.000000
4651	1.000000
4652	1.000000
4653	1.000000
4654	1.000000
4655	1.000000
4656	1.000000
4657	1.000000
4658	1.000000
4659	0.750000
4660	1.000000
4661	1.000000
4662	1.000000
4663	1.000000
4664	1.000000
4665	1.000000
4666	1.000000
4667	1.000000
4668	1.000000
4669	0.750000
4670	1.000000
4671	1.000000
4672	1.000000
4673	1.000000
4674	1.000000
4675	1.000000
4676	1.000000
4677	1.000000
4678	1.000000
4679	1.000000
4680	0.750000
4681	1.000000
4682	1.000000
4683	1.000000
4684	0.750000
4685	1.000000
4686	1.000000
4687	0.750000
4688	1.000000
4689	1.000000
4690	1.000000
4691	1.000000
4692	0.750000
4693	1.000000
4694	1.000000
4695	0.750000
4696	0.750000
4697	1.000000
4698	0.750000
4699	1.000000
4700	1.000000
4701	1.000000
4702	1.000000
4703	1.000000
4704	1.000000
4705	1.000000
4706	1.000000
4707	1.000000
4708	1.000000
4709	1.000000
4710	1.000000
4711	1.000000
4712	1.000000
4713	0.750000
4714	0.750000
4715	1.000000
4716	1.000000
4717	0.750000
4718	1.000000
4719	1.000000
4720	1.000000
4721	0.750000
4722	1.000000
4723	1.000000
4724	1.000000
4725	1.000000
4726	1.000000
4727	1.000000
4728	1.000000
4729	1.000000
4730	1.000000
4731	1.000000
4732	0.750000
4733	1.000000
4734	1.000000
4735	1.000000
4736	1.000000
4737	1.000000
4738	1.000000
4739	1.000000
4740	1.000000
4741	1.000000
4742	1.000000
4743	1.000000
4744	1.000000
4745	1.000000
4746	0.750000
4747	1.000000
4748	1.000000
4749	1.000000
4750	0.750000
4751	0.750000
4752	1.000000
4753	0.750000
4754	1.000000
4755	1.000000
4756	1.000000
4757	0.750000
4758	1.000000
4759	1.000000
4760	1.000000
4761	1.000000
4762	0.750000
4763	1.000000
4764	1.000000
4765	1.000000
4766	1.000000
4767	0.750000
4768	1.000000
4769	1.000000
4770	1.000000
4771	1.000000
4772	1.000000
4773	1.000000
4774	0.750000
4775	0.750000
4776	0.750000
4777	1.000000
4778	1.000000
4779	1.000000
4780	1.000000
4781	0.750000
4782	1.000000
4783	1.000000
4784	1.000000
4785	1.000000
4786	1.000000
4787	0.750000
4788	1.000000
4789	1.000000
4790	1.000000
4791	1.000000
4792	1.000000
4793	1.000000
4794	1.000000
4795	1.000000
4796	1.000000
4797	1.000000
4798	1.000000
4799	1.000000
4800	1.000000
4801	1.000000
4802	1.000000
4803	1.000000
4804	1.000000
4805	1.000000
4806	1.000000
4807	1.000000
4808	1.000000
4809	1.000000
4810	1.000000
4811	1.000000
4812	1.000000
4813	1.000000
4814	1.000000
4815	1.000000
4816	1.000000
4817	1.000000
4818	1.000000
4819	1.000000
4820	1.000000
4821	1.000000
4822	1.000000
4823	1.000000
4824	1.000000
4825	0.750000
4826	1.000000
4827	1.000000
4828	1.000000
4829	1.000000
4830	1.000000
4831	1.000000
4832	0.750000
4833	1.000000
4834	1.000000
4835	0.750000
4836	1.000000
4837	1.000000
4838	1.000000
4839	1.000000
4840	0.750000
4841	1.000000
4842	1.000000
4843	1.000000
4844	1.000000
4845	1.000000
4846	1.000000
4847	1.000000
4848	0.750000
4849	1.000000
4850	1.000000
4851	1.000000
4852	1.000000
4853	1.000000
4854	1.000000
4855	1.000000
4856	1.000000
4857	1.000000
4858	1.000000
4859	1.000000
4860	1.000000
4861	1.000000
4862	1.000000
4863	1.000000
4864	1.000000
4865	0.600000
4866	1.000000
4867	1.000000
4868	1.000000
4869	1.000000
4870	1.000000
4871	1.000000
4872	1.000000
4873	1.000000
4874	1.000000
4875	1.000000
4876	1.000000
4877	1.000000
4878	1.000000
4879	1.000000
4880	1.000000
4881	1.000000
4882	1.000000
4883	1.000000
4884	1.000000
4885	1.000000
4886	1.000000
4887	1.000000
4888	1.000000
4889	1.000000
4890	1.000000
4891	1.000000
4892	1.000000
4893	1.000000
4894	1.000000
4895	1.000000
4896	1.000000
4897	1.000000
4898	1.000000
4899	1.000000
4900	1.000000
4901	0.750000
4902	1.000000
4903	1.000000
4904	1.000000
4905	1.000000
4906	1.000000
4907	1.000000
4908	1.000000
4909	1.000000
4910	1.000000
4911	1.000000
4912	1.000000
4913	1.000000
4914	1.000000
4915	1.000000
4916	0.750000
4917	1.000000
4918	1.000000
4919	1.000000
4920	1.000000
4921	1.000000
4922	1.000000
4923	0.750000
4924	1.000000
4925	1.000000
4926	1.000000
4927	1.000000
4928	1.000000
4929	1.000000
4930	1.000000
4931	1.000000
4932	0.750000
4933	1.000000
4934	0.750000
4935	1.000000
4936	1.000000
4937	1.000000
4938	1.000000
4939	1.000000
4940	1.000000
4941	1.000000
4942	0.750000
4943	1.000000
4944	1.000000
4945	1.000000
4946	1.000000
4947	0.750000
4948	1.000000
4949	1.000000
4950	1.000000
4951	1.000000
4952	1.000000
4953	1.000000
4954	1.000000
4955	1.000000
4956	1.000000
4957	1.000000
4958	1.000000
4959	1.000000
4960	1.000000
4961	1.000000
4962	1.000000
4963	1.000000
4964	1.000000
4965	1.000000
4966	1.000000
4967	1.000000
4968	1.000000
4969	1.000000
4970	1.000000
4971	1.000000
4972	1.000000
4973	1.000000
4974	1.000000
4975	1.000000
4976	1.000000
4977	1.000000
4978	1.000000
4979	1.000000
4980	1.000000
4981	1.000000
4982	1.000000
4983	1.000000
4984	1.000000
4985	1.000000
4986	1.000000
4987	1.000000
4988	1.000000
4989	1.000000
4990	1.000000
4991	1.000000
4992	1.000000
4993	1.000000
4994	1.000000
4995	1.000000
4996	1.000000
4997	1.000000
4998	1.000000
4999	1.000000
5000	1.000000
5001	1.000000
5002	1.000000
5003	1.000000
5004	1.000000
5005	1.000000
5006	1.000000
5007	1.000000
5008	1.000000
5009	1.000000
5010	1.000000
5011	1.000000
5012	1.000000
5013	1.000000
5014	1.000000
5015	1.000000
5016	1.000000
5017	1.000000
5018	1.000000
5019	1.000000
5020	1.000000
5021	1.000000
5022	1.000000
5023	1.000000
5024	1.000000
5025	1.000000
5026	1.000000
5027	1.000000
5028	1.000000
5029	1.000000
5030	1.000000
5031	1.000000
5032	1.000000
5033	1.000000
5034	1.000000
5035	1.000000
5036	1.000000
5037	1.000000
5038	1.000000
5039	1.000000
5040	1.000000
5041	1.000000
5042	1.000000
5043	1.000000
5044	1.000000
5045	1.000000
5046	1.000000
5047	1.000000
5048	1.000000
5049	1.000000
5050	1.000000
5051	1.000000
5052	1.000000
5053	1.000000
5054	1.000000
5055	1.000000
5056	1.000000
5057	1.000000
5058	1.000000
5059	1.000000
5060	1.000000
5061	1.000000
5062	1.000000
5063	1.000000
5064	1.000000
5065	1.000000
5066	1.000000
5067	1.000000
5068	1.000000
5069	1.000000
5070	1.000000
5071	1.000000
5072	1.000000
5073	1.000000
5074	1.000000
5075	1.000000
5076	1.000000
5077	1.000000
5078	1.000000
5079	1.000000
5080	1.000000
5081	1.000000
5082	1.000000
5083	1.000000
5084	1.000000
5085	1.000000
5086	1.000000
5087	1.000000
5088	1.000000
5089	1.000000
5090	1.000000
5091	1.000000
5092	1.000000
5093	1.000000
5094	1.000000
5095	1.000000
5096	1.000000
5097	1.000000
5098	1.000000
5099	1.000000
5100	1.000000
5101	1.000000
5102	1.000000
5103	1.000000
5104	1.000000
5105	1.000000
5106	1.000000
5107	1.000000
5108	1.000000
5109	1.000000
5110	1.000000
5111	1.000000
5112	1.000000
5113	1.000000
5114	1.000000
5115	1.000000
5116	1.000000
5117	1.000000
5118	1.000000
5119	1.000000
5120	1.000000
5121	1.000000
5122	1.000000
5123	1.000000
5124	1.000000
5125	1.000000
5126	1.000000
5127	1.000000
5128	1.000000
5129	1.000000
5130	1.000000
5131	1.000000
5132	1.000000
5133	1.000000
5134	1.000000
5135	1.000000
5136	1.000000
5137	1.000000
5138	1.000000
5139	1.000000
5140	1.000000
5141	1.000000
5142	1.000000
5143	1.000000
5144	1.000000
5145	1.000000
5146	1.000000
5147	1.000000
5148	1.000000
5149	1.000000
5150	1.000000
5151	1.000000
5152	1.000000
5153	1.000000
5154	1.000000
5155	1.000000
5156	1.000000
5157	1.000000
5158	1.000000
5159	1.000000
5160	1.000000
5161	1.000000
5162	1.000000
5163	1.000000
5164	1.000000
5165	1.000000
5166	1.000000
5167	1.000000
5168	1.000000
5169	1.000000
5170	1.000000
5171	1.000000
5172	1.000000
5173	1.000000
5174	1.000000
5175	1.000000
5176	1.000000
5177	1.000000
5178	1.000000
5179	1.000000
5180	1.000000
5181	1.000000
5182	1.000000
5183	1.000000
5184	1.000000
5185	1.000000
5186	1.000000
5187	1.000000
5188	1.000000
5189	1.000000
5190	1.000000
5191	1.000000
5192	1.000000
5193	1.000000
5194	1.000000
5195	1.000000
5196	1.000000
5197	1.000000
5198	1.000000
5199	1.000000
5200	1.000000
5201	1.000000
5202	1.000000
5203	1.000000
5204	1.000000
5205	1.000000
5206	1.000000
5207	1.000000
5208	1.000000
5209	1.000000
5210	1.000000
5211	1.000000
5212	1.000000
5213	1.000000
5214	1.000000
5215	1.000000
5216	1.000000
5217	1.000000
5218	1.000000
5219	1.000000
5220	1.000000
5221	1.000000
5222	1.000000
5223	1.000000
5224	1.000000
5225	1.000000
5226	1.000000
5227	1.000000
5228	1.000000
5229	1.000000
5230	1.000000
5231	1.000000
5232	1.000000
5233	1.000000
5234	1.000000
5235	1.000000
5236	1.000000
5237	1.000000
5238	1.000000
5239	1.000000
5240	1.000000
5241	1.000000
5242	1.000000
5243	1.000000
5244	1.000000
5245	1.000000
5246	1.000000
5247	1.000000
5248	1.000000
5249	1.000000
5250	1.000000
5251	1.000000
5252	1.000000
5253	1.000000
5254	1.000000
5255	1.000000
5256	1.000000
5257	1.000000
5258	1.000000
5259	1.000000
5260	1.000000
5261	1.000000
5262	1.000000
5263	1.000000
5264	1.000000
5265	1.000000
5266	1.000000
5267	1.000000
5268	1.000000
5269	1.000000
5270	1.000000
5271	1.000000
5272	1.000000
5273	1.000000
5274	1.000000
5275	1.000000
5276	1.000000
5277	1.000000
5278	1.000000
5279	1.000000
5280	1.000000
5281	1.000000
5282	1.000000
5283	1.000000
5284	1.000000
5285	1.000000
5286	1.000000
5287	1.000000
5288	1.000000
5289	1.000000
5290	1.000000
5291	1.000000
5292	1.000000
5293	1.000000
5294	1.000000
5295	1.000000
5296	1.000000
5297	1.000000
5298	1.000000
5299	1.000000
5300	1.000000
5301	1.000000
5302	1.000000
5303	1.000000
5304	1.000000
5305	1.000000
5306	1.000000
5307	1.000000
5308	1.000000
5309	1.000000
5310	1.000000
5311	1.000000
5312	1.000000
5313	1.000000
5314	1.000000
5315	1.000000
5316	1.000000
5317	1.000000
5318	1.000000
5319	1.000000
5320	1.000000
5321	1.000000
5322	1.000000
5323	1.000000
5324	1.000000
5325	1.000000
5326	1.000000
5327	1.000000
5328	1.000000
5329	1.000000
5330	1.000000
5331	1.000000
5332	1.000000
5333	1.000000
5334	1.000000
5335	1.000000
5336	1.000000
5337	1.000000
5338	1.000000
5339	1.000000
5340	1.000000
5341	1.000000
5342	1.000000
5343	1.000000
5344	1.000000
5345	1.000000
5346	1.000000
5347	1.000000
5348	1.000000
5349	1.000000
5350	1.000000
5351	1.000000
5352	1.000000
5353	1.000000
5354	1.000000
5355	1.000000
5356	1.000000
5357	1.000000
5358	1.000000
5359	1.000000
5360	1.000000
5361	1.000000
5362	1.000000
5363	1.000000
5364	1.000000
5365	1.000000
5366	1.000000
5367	1.000000
5368	1.000000
5369	1.000000
5370	1.000000
5371	1.000000
5372	1.000000
5373	1.000000
5374	1.000000
5375	1.000000
5376	1.000000
5377	1.000000
5378	1.000000
5379	1.000000
5380	1.000000
5381	1.000000
5382	1.000000
5383	1.000000
5384	1.000000
5385	1.000000
5386	1.000000
5387	1.000000
5388	1.000000
5389	1.000000
5390	1.000000
5391	1.000000
5392	1.000000
5393	1.000000
5394	1.000000
5395	1.000000
5396	1.000000
5397	1.000000
5398	1.000000
5399	1.000000
5400	1.000000
5401	1.000000
5402	1.000000
5403	1.000000
5404	1.000000
5405	1.000000
5406	1.000000
5407	1.000000
5408	1.000000
5409	1.000000
5410	1.000000
5411	1.000000
5412	1.000000
5413	1.000000
5414	1.000000
5415	1.000000
5416	1.000000
5417	1.000000
5418	1.000000
5419	1.000000
5420	1.000000
5421	1.000000
5422	1.000000
5423	1.000000
5424	1.000000
5425	1.000000
5426	1.000000
5427	1.000000
5428	1.000000
5429	1.000000
5430	1.000000
5431	1.000000
5432	1.000000
5433	1.000000
5434	1.000000
5435	1.000000
5436	1.000000
5437	1.000000
5438	1.000000
5439	1.000000
5440	1.000000
5441	1.000000
5442	1.000000
5443	1.000000
5444	1.000000
5445	1.000000
5446	1.000000
5447	1.000000
5448	1.000000
5449	1.000000
5450	1.000000
5451	1.000000
5452	1.000000
5453	1.000000
5454	1.000000
5455	1.000000
5456	1.000000
5457	1.000000
5458	1.000000
5459	1.000000
5460	1.000000
5461	1.000000
5462	1.000000
5463	1.000000
5464	1.000000
5465	1.000000
5466	1.000000
5467	1.000000
5468	1.000000
5469	1.000000
5470	1.000000
5471	1.000000
5472	1.000000
5473	1.000000
5474	1.000000
5475	1.000000
5476	1.000000
5477	1.000000
5478	1.000000
5479	1.000000
5480	1.000000
5481	1.000000
5482	1.000000
5483	1.000000
5484	1.000000
5485	1.000000
5486	1.000000
5487	1.000000
5488	1.000000
5489	1.000000
5490	1.000000
5491	1.000000
5492	1.000000
5493	1.000000
5494	1.000000
5495	1.000000
5496	1.000000
5497	1.000000
5498	1.000000
5499	1.000000
5500	1.000000
5501	1.000000
5502	1.000000
5503	1.000000
5504	1.000000
5505	1.000000
5506	1.000000
5507	1.000000
5508	1.000000
5509	1.000000
5510	1.000000
5511	1.000000
5512	1.000000
5513	1.000000
5514	1.000000
5515	1.000000
5516	1.000000
5517	1.000000
5518	1.000000
5519	1.000000
5520	1.000000
5521	1.000000
5522	1.000000
5523	1.000000
5524	1.000000
5525	1.000000
5526	1.000000
5527	1.000000
5528	1.000000
5529	1.000000
5530	1.000000
5531	1.000000
5532	1.000000
5533	1.000000
5534	1.000000
5535	1.000000
5536	1.000000
5537	1.000000
5538	1.000000
5539	1.000000
5540	1.000000
5541	1.000000
5542	1.000000
5543	1.000000
5544	1.000000
5545	1.000000
5546	1.000000
5547	1.000000
5548	1.000000
5549	1.000000
5550	1.000000
5551	1.000000
5552	1.000000
5553	1.000000
5554	1.000000
5555	1.000000
5556	1.000000
5557	1.000000
5558	1.000000
5559	1.000000
5560	1.000000
5561	1.000000
5562	1.000000
5563	1.000000
5564	1.000000
5565	1.000000
5566	1.000000
5567	1.000000
5568	1.000000
5569	1.000000
5570	1.000000
5571	1.000000
5572	1.000000
5573	1.000000
5574	1.000000
5575	1.000000
5576	1.000000
5577	1.000000
5578	1.000000
5579	1.000000
5580	1.000000
5581	1.000000
5582	1.000000
5583	1.000000
5584	1.000000
5585	1.000000
5586	1.000000
5587	1.000000
5588	1.000000
5589	1.000000
5590	1.000000
5591	1.000000
5592	1.000000
5593	1.000000
5594	1.000000
5595	1.000000
5596	1.000000
5597	1.000000
5598	1.000000
5599	1.000000
5600	1.000000
5601	1.000000
5602	1.000000
5603	1.000000
5604	1.000000
5605	1.000000
5606	1.000000
5607	1.000000
5608	1.000000
5609	1.000000
5610	1.000000
5611	1.000000
5612	1.000000
5613	1.000000
5614	1.000000
5615	1.000000
5616	1.000000
5617	1.000000
5618	1.000000
5619	1.000000
5620	1.000000
5621	1.000000
5622	1.000000
5623	1.000000
5624	1.000000
5625	1.000000
5626	1.000000
5627	1.000000
5628	1.000000
5629	1.000000
5630	1.000000
5631	1.000000
5632	1.000000
5633	1.000000
5634	1.000000
5635	1.000000
5636	1.000000
5637	1.000000
5638	1.000000
5639	1.000000
5640	1.000000
5641	1.000000
5642	1.000000
5643	1.000000
5644	1.000000
5645	1.000000
5646	1.000000
5647	1.000000
5648	1.000000
5649	1.000000
5650	1.000000
5651	1.000000
5652	1.000000
5653	1.000000
5654	1.000000
5655	1.000000
5656	1.000000
5657	1.000000
5658	1.000000
5659	1.000000
5660	1.000000
5661	1.000000
5662	1.000000
5663	1.000000
5664	1.000000
5665	1.000000
5666	1.000000
5667	1.000000
5668	1.000000
5669	1.000000
5670	1.000000
5671	1.000000
5672	1.000000
5673	1.000000
5674	1.000000
5675	1.000000
5676	1.000000
5677	1.000000
5678	1.000000
5679	1.000000
5680	1.000000
5681	1.000000
5682	1.000000
5683	1.000000
5684	1.000000
5685	1.000000
5686	1.000000
5687	1.000000
5688	1.000000
5689	1.000000
5690	1.000000
5691	1.000000
5692	1.000000
5693	1.000000
5694	1.000000
5695	1.000000
5696	1.000000
5697	1.000000
5698	1.000000
5699	1.000000
5700	1.000000
5701	1.000000
5702	1.000000
5703	1.000000
5704	1.000000
5705	1.000000
5706	1.000000
5707	1.000000
5708	1.000000
5709	1.000000
5710	1.000000
5711	1.000000
5712	1.000000
5713	1.000000
5714	1.000000
5715	1.000000
5716	1.000000
5717	1.000000
5718	1.000000
5719	1.000000
5720	1.000000
5721	1.000000
5722	1.000000
5723	1.000000
5724	1.000000
5725	1.000000
5726	1.000000
5727	1.000000
5728	1.000000
5729	1.000000
5730	1.000000
5731	1.000000
5732	1.000000
5733	1.000000
5734	1.000000
5735	1.000000
5736	1.000000
5737	1.000000
5738	1.000000
5739	1.000000
5740	1.000000
5741	1.000000
5742	1.000000
5743	1.000000
5744	1.000000
5745	1.000000
5746	1.000000
5747	1.000000
5748	1.000000
5749	1.000000
5750	1.000000
5751	1.000000
5752	1.000000
5753	1.000000
5754	1.000000
5755	1.000000
5756	1.000000
5757	1.000000
5758	1.000000
5759	1.000000
5760	1.000000
5761	1.000000
5762	1.000000
5763	1.000000
5764	1.000000
5765	1.000000
5766	1.000000
5767	1.000000
5768	1.000000
5769	1.000000
5770	1.000000
5771	1.000000
5772	1.000000
5773	1.000000
5774	1.000000
5775	1.000000
5776	1.000000
5777	1.000000
5778	1.000000
5779	1.000000
5780	1.000000
5781	1.000000
5782	1.000000
5783	1.000000
5784	1.000000
5785	1.000000
5786	1.000000
5787	1.000000
5788	1.000000
5789	1.000000
5790	1.000000
5791	1.000000
5792	1.000000
5793	1.000000
5794	1.000000
5795	1.000000
5796	1.000000
5797	1.000000
5798	1.000000
5799	1.000000
5800	1.000000
5801	1.000000
5802	1.000000
5803	1.000000
5804	1.000000
5805	1.000000
5806	1.000000
5807	1.000000
5808	1.000000
5809	1.000000
5810	1.000000
5811	1.000000
5812	1.000000
5813	1.000000
5814	1.000000
5815	1.000000
5816	1.000000
5817	1.000000
5818	1.000000
5819	1.000000
5820	1.000000
5821	1.000000
5822	1.000000
5823	1.000000
5824	1.000000
5825	1.000000
5826	1.000000
5827	1.000000
5828	1.000000
5829	1.000000
5830	1.000000
5831	1.000000
5832	1.000000
5833	1.000000
5834	1.000000
5835	1.000000
5836	1.000000
5837	1.000000
5838	1.000000
5839	1.000000
5840	1.000000
5841	1.000000
5842	1.000000
5843	1.000000
5844	1.000000
5845	1.000000
5846	1.000000
5847	1.000000
5848	1.000000
5849	1.000000
5850	1.000000
5851	1.000000
5852	1.000000
5853	1.000000
5854	1.000000
5855	1.000000
5856	1.000000
5857	1.000000
5858	1.000000
5859	1.000000
5860	1.000000
5861	1.000000
5862	1.000000
5863	1.000000
5864	1.000000
5865	1.000000
5866	1.000000
5867	1.000000
5868	1.000000
5869	1.000000
5870	1.000000
5871	1.000000
5872	1.000000
5873	1.000000
5874	1.000000
5875	1.000000
5876	1.000000
5877	1.000000
5878	1.000000
5879	1.000000
5880	1.000000
5881	1.000000
5882	1.000000
5883	1.000000
5884	1.000000
5885	1.000000
5886	1.000000
5887	1.000000
5888	1.000000
5889	1.000000
5890	1.000000
5891	1.000000
5892	1.000000
5893	1.000000
5894	1.000000
5895	1.000000
5896	1.000000
5897	1.000000
5898	1.000000
5899	1.000000
5900	1.000000
5901	1.000000
5902	1.000000
5903	1.000000
5904	1.000000
5905	1.000000
5906	1.000000
5907	1.000000
5908	1.000000
5909	1.000000
5910	1.000000
5911	1.000000
5912	1.000000
5913	1.000000
5914	1.000000
5915	1.000000
5916	1.000000
5917	1.000000
5918	1.000000
5919	1.000000
5920	1.000000
5921	1.000000
5922	1.000000
5923	1.000000
5924	1.000000
5925	1.000000
5926	1.000000
5927	1.000000
5928	1.000000
5929	1.000000
5930	1.000000
5931	1.000000
5932	1.000000
5933	1.000000
5934	1.000000
5935	1.000000
5936	1.000000
5937	1.000000
5938	1.000000
5939	1.000000
5940	1.000000
5941	1.000000
5942	1.000000
5943	1.000000
5944	1.000000
5945	1.000000
5946	1.000000
5947	1.000000
5948	1.000000
5949	1.000000
5950	1.000000
5951	1.000000
5952	1.000000
5953	1.000000
5954	1.000000
5955	1.000000
5956	1.000000
5957	1.000000
5958	1.000000
5959	1.000000
5960	1.000000
5961	1.000000
5962	1.000000
5963	1.000000
5964	1.000000
5965	1.000000
5966	1.000000
5967	1.000000
5968	1.000000
5969	1.000000
5970	1.000000
5971	1.000000
5972	1.000000
5973	1.000000
5974	1.000000
5975	1.000000
5976	1.000000
5977	1.000000
5978	1.000000
5979	1.000000
5980	1.000000
5981	1.000000
5982	1.000000
5983	1.000000
5984	1.000000
5985	1.000000
5986	1.000000
5987	1.000000
5988	1.000000
5989	1.000000
5990	1.000000
5991	1.000000
5992	1.000000
5993	1.000000
5994	1.000000
5995	1.000000
5996	1.000000
5997	1.000000
5998	1.000000
5999	1.000000
6000	1.000000
6001	1.000000
6002	1.000000
6003	1.000000
6004	1.000000
6005	1.000000
6006	1.000000
6007	1.000000
6008	1.000000
6009	1.000000
6010	1.000000
6011	1.000000
6012	1.000000
6013	1.000000
6014	1.000000
6015	1.000000
6016	1.000000
6017	1.000000
6018	1.000000
6019	1.000000
6020	1.000000
6021	1.000000
6022	1.000000
6023	1.000000
6024	1.000000
6025	1.000000
6026	1.000000
6027	1.000000
6028	1.000000
6029	1.000000
6030	1.000000
6031	1.000000
6032	1.000000
6033	1.000000
6034	1.000000
6035	1.000000
6036	1.000000
6037	1.000000
6038	1.000000
6039	1.000000
6040	1.000000
6041	1.000000
6042	1.000000
6043	1.000000
6044	1.000000
6045	1.000000
6046	1.000000
6047	1.000000
6048	1.000000
6049	1.000000
6050	1.000000
6051	1.000000
6052	1.000000
6053	1.000000
6054	1.000000
6055	1.000000
6056	1.000000
6057	1.000000
6058	1.000000
6059	1.000000
6060	1.000000
6061	1.000000
6062	1.000000
6063	1.000000
6064	1.000000
6065	1.000000
6066	1.000000
6067	1.000000
6068	1.000000
6069	1.000000
6070	1.000000
6071	1.000000
6072	1.000000
6073	1.000000
6074	1.000000
6075	1.000000
6076	1.000000
6077	1.000000
6078	1.000000
6079	1.000000
6080	1.000000
6081	1.000000
6082	1.000000
6083	1.000000
6084	1.000000
6085	1.000000
6086	1.000000
6087	1.000000
6088	1.000000
6089	1.000000
6090	1.000000
6091	1.000000
6092	1.000000
6093	1.000000
6094	1.000000
6095	1.000000
6096	1.000000
6097	1.000000
6098	1.000000
6099	1.000000
6100	1.000000
6101	1.000000
6102	1.000000
6103	1.000000
6104	1.000000
6105	1.000000
6106	1.000000
6107	1.000000
6108	1.000000
6109	1.000000
6110	1.000000
6111	1.000000
6112	1.000000
6113	1.000000
6114	1.000000
6115	1.000000
6116	1.000000
6117	1.000000
6118	1.000000
6119	1.000000
6120	1.000000
6121	1.000000
6122	1.000000
6123	1.000000
6124	1.000000
6125	1.000000
6126	1.000000
6127	1.000000
6128	1.000000
6129	1.000000
6130	1.000000
6131	1.000000
6132	1.000000
6133	1.000000
6134	1.000000
6135	1.000000
6136	1.000000
6137	1.000000
6138	1.000000
6139	1.000000
6140	1.000000
6141	1.000000
6142	1.000000
6143	1.000000
6144	1.000000
6145	1.000000
6146	1.000000
6147	1.000000
6148	1.000000
6149	1.000000
6150	1.000000
6151	1.000000
6152	1.000000
6153	1.000000
6154	1.000000
6155	1.000000
6156	1.000000
6157	1.000000
6158	1.000000
6159	1.000000
6160	1.000000
6161	1.000000
6162	1.000000
6163	1.000000
6164	1.000000
6165	1.000000
6166	1.000000
6167	1.000000
6168	1.000000
6169	1.000000
6170	1.000000
6171	1.000000
6172	1.000000
6173	1.000000
6174	1.000000
6175	1.000000
6176	1.000000
6177	1.000000
6178	1.000000
6179	1.000000
6180	1.000000
6181	1.000000
6182	1.000000
6183	1.000000
6184	1.000000
6185	1.000000
6186	1.000000
6187	1.000000
6188	1.000000
6189	1.000000
6190	1.000000
6191	1.000000
6192	1.000000
6193	1.000000
6194	1.000000
6195	1.000000
6196	1.000000
6197	1.000000
6198	1.000000
6199	1.000000
6200	1.000000
6201	1.000000
6202	1.000000
6203	1.000000
6204	1.000000
6205	1.000000
6206	1.000000
6207	1.000000
6208	1.000000
6209	1.000000
6210	1.000000
6211	1.000000
6212	1.000000
6213	1.000000
6214	1.000000
6215	1.000000
6216	1.000000
6217	1.000000
6218	1.000000
6219	1.000000
6220	1.000000
6221	1.000000
6222	1.000000
6223	1.000000
6224	1.000000
6225	1.000000
6226	1.000000
6227	1.000000
6228	1.000000
6229	1.000000
6230	1.000000
6231	1.000000
6232	1.000000
6233	1.000000
6234	1.000000
6235	1.000000
6236	1.000000
6237	1.000000
6238	1.000000
6239	1.000000
6240	1.000000
6241	1.000000
6242	1.000000
6243	1.000000
6244	1.000000
6245	1.000000
6246	1.000000
6247	1.000000
6248	1.000000
6249	1.000000
6250	1.000000
6251	1.000000
6252	1.000000
6253	1.000000
6254	1.000000
6255	1.000000
6256	1.000000
6257	1.000000
6258	1.000000
6259	1.000000
6260	1.000000
6261	1.000000
6262	1.000000
6263	1.000000
6264	1.000000
6265	1.000000
6266	1.000000
6267	1.000000
6268	1.000000
6269	1.000000
6270	1.000000
6271	1.000000
6272	1.000000
6273	1.000000
6274	1.000000
6275	1.000000
6276	1.000000
6277	1.000000
6278	1.000000
6279	1.000000
6280	1.000000
6281	1.000000
6282	1.000000
6283	1.000000
6284	1.000000
6285	1.000000
6286	1.000000
6287	1.000000
6288	1.000000
6289	1.000000
6290	1.000000
6291	1.000000
6292	1.000000
6293	1.000000
6294	1.000000
6295	1.000000
6296	1.000000
6297	1.000000
6298	1.000000
6299	1.000000
6300	1.000000
6301	1.000000
6302	1.000000
6303	1.000000
6304	1.000000
6305	1.000000
6306	1.000000
6307	1.000000
6308	1.000000
6309	1.000000
6310	1.000000
6311	1.000000
6312	1.000000
6313	1.000000
6314	1.000000
6315	1.000000
6316	1.000000
6317	1.000000
6318	1.000000
6319	1.000000
6320	1.000000
6321	1.000000
6322	1.000000
6323	1.000000
6324	1.000000
6325	1.000000
6326	1.000000
6327	1.000000
6328	1.000000
6329	1.000000
6330	1.000000
6331	1.000000
6332	1.000000
6333	1.000000
6334	1.000000
6335	1.000000
6336	1.000000
6337	1.000000
6338	1.000000
6339	1.000000
6340	1.000000
6341	1.000000
6342	1.000000
6343	1.000000
6344	1.000000
6345	1.000000
6346	1.000000
6347	1.000000
6348	1.000000
6349	1.000000
6350	1.000000
6351	1.000000
6352	1.000000
6353	1.000000
6354	1.000000
6355	1.000000
6356	1.000000
6357	1.000000
6358	1.000000
6359	1.000000
6360	1.000000
6361	1.000000
6362	1.000000
6363	1.000000
6364	1.000000
6365	1.000000
6366	1.000000
6367	1.000000
6368	1.000000
6369	1.000000
6370	1.000000
6371	1.000000
6372	1.000000
6373	1.000000
6374	1.000000
6375	1.000000
6376	1.000000
6377	1.000000
6378	1.000000
6379	1.000000
6380	1.000000
6381	1.000000
6382	1.000000
6383	1.000000
6384	1.000000
6385	1.000000
6386	1.000000
6387	1.000000
6388	1.000000
6389	1.000000
6390	1.000000
6391	1.000000
6392	1.000000
6393	1.000000
6394	1.000000
6395	1.000000
6396	1.000000
6397	1.000000
6398	1.000000
6399	1.000000
6400	1.000000
6401	1.000000
6402	1.000000
6403	1.000000
6404	1.000000
6405	1.000000
6406	1.000000
6407	1.000000
6408	1.000000
6409	1.000000
6410	1.000000
6411	1.000000
6412	1.000000
6413	1.000000
6414	1.000000
6415	1.000000
6416	1.000000
6417	1.000000
6418	1.000000
6419	1.000000
6420	1.000000
6421	1.000000
6422	1.000000
6423	1.000000
6424	1.000000
6425	1.000000
6426	1.000000
6427	1.000000
6428	1.000000
6429	1.000000
6430	1.000000
6431	1.000000
6432	1.000000
6433	1.000000
6434	1.000000
6435	1.000000
6436	1.000000
6437	1.000000
6438	1.000000
6439	1.000000
6440	1.000000
6441	1.000000
6442	1.000000
6443	1.000000
6444	1.000000
6445	1.000000
6446	1.000000
6447	1.000000
6448	1.000000
6449	1.000000
6450	1.000000
6451	1.000000
6452	1.000000
