35	616	714	859	1374	1409	1428	1435	2186	2396	2663	3111	3164	3256
50	190	256	271	292	569	724	1093	1401	1468	2033	2330	2436	2656	2701	2855	3296	3354	3478	3488	3547	3827	3843	3893	4181	4288	
121	126	480	948	1037	1220	2065	2086	2289	2329	2457	2471	2632	2798	2826	3072	3195	3421	3747	3967	
2	401	663	732	1838	1901	1960	2039	2510	2613	2690	2720	2915	3050	3194	3570	3613	
165	191	211	346	776	922	1130	1262	1316	1553	1693	1767	2254	2450	2494	2528	2574	2634	3302	3683	3823	3838	4048	4094	
57	497	513	598	675	713	753	1068	1193	1215	1513	1871	2064	2136	2537	2775	3051	3180	3196	3204	3283	3554	3824	4101	4214	4246	
44	266	597	747	884	1070	1710	2212	2257	2305	2722	2746	2852	3132	3267	3313	3449	3504	3579	3625	3772	3915	4106	4121	4179	4236	4291	4409	
173	213	415	866	1336	1497	1576	1613	2405	2680	2921	3021	3123	3240	3342	3513	3568	3895	3919	3995	4537	
5	260	580	810	885	1009	1128	1457	1551	1912	1956	2124	2442	2577	2729	2938	3332	3671	3950	
549	1008	1015	1019	1062	1241	2234	2318	2517	2901	3090	3168	3269	3282	
150	274	477	591	737	988	1043	1109	1183	1274	1278	1451	1533	1555	1589	1945	1984	2218	2335	2461	2583	2763	2767	3235	3297	3361	3588	3791	4003	4186	4290	4457	
367	682	1045	1139	1227	1230	1941	2023	2415	2544	2715	4889	
31	100	192	257	294	310	362	473	680	740	870	975	1050	1103	1194	1379	1676	1732	1819	2004	2018	2073	2076	2202	2240	2247	2296	2334	2353	2368	2595	2687	2702	2864	2995	3280	3300	3406	3471	3548	3729	3833	4034	4073	4293	4314	4375	4526	4572	4623	4666	4671	4749	4801	4845	4875	
70	474	802	878	902	980	1375	1459	1499	1519	1697	1829	2027	2075	2098	2412	2417	2445	2590	2671	2689	2730	2827	2887	2955	3036	3139	3321	3413	3434	3526	3908	4011	4167	4183	4264	4332	4440	4449	4602	4622	4651	4777	4788	4809	4842	
381	405	561	589	707	787	942	998	1047	1354	1586	1610	1612	1629	1635	1672	1752	1758	1880	2034	2090	2425	2477	2695	2778	2805	2873	2885	2898	2907	2972	2994	3076	3228	3328	3441	3479	3508	3534	3599	3639	3640	3674	3723	3759	3790	3821	3873	3889	4019	4024	4032	4105	4118	4162	4192	4277	4383	4386	4421	4443	4497	4498	4543	4637	4638	4659	4667	4668	4699	4701	4758	4893	4915	
42	163	430	557	683	862	908	984	1075	1153	1356	1493	1788	1846	2093	2134	2135	2359	2509	2648	2667	2757	2806	3169	3355	3438	3491	3567	3810	3960	4038	4165	4187	4239	4355	4394	4456	4588	4618	4629	4745	
263	386	604	715	749	775	880	924	999	1338	1473	1643	1645	1730	1834	2183	2363	2571	2608	2694	2853	2861	2882	2978	3061	3206	3363	3364	3476	3536	3550	3605	3637	4020	4042	4083	4086	4184	4257	4480	4507	4643	4669	4670	4734	4822	
102	518	720	793	887	1084	1173	1286	1729	1866	2102	2229	2265	2623	2681	2813	2908	3120	3153	3463	3603	3653	3783	3989	4052	4255	4501	
151	414	704	741	1225	1266	1312	1496	1596	1617	2115	2176	2228	2352	2355	2372	2490	2669	2678	2755	2905	3001	3063	3159	3208	3224	3281	3326	3349	3420	3636	3681	3710	3877	3891	3966	4075	4198	4252	4300	4307	4591	4611	4616	4619	4628	4664	4769	4805	4818	4826	4838	4867	4898	4927	4953	4959	4971	
114	335	469	542	582	595	782	1415	1554	1903	3317	
33	129	149	221	239	337	429	504	646	725	785	835	850	1002	1023	1054	1081	1494	1504	1525	1546	1654	1743	1796	1889	1892	1925	1964	1965	1987	1999	2089	2139	2294	2410	2575	2594	2658	2688	2850	2862	2910	2935	2996	3266	3341	3410	3473	3531	3539	3544	3561	3662	3839	3840	3849	3944	4049	4104	4185	4285	4365	4439	4514	4523	4590	4606	4615	4676	4803	4811	4881	4911	4916	4928	4931	4965	
326	674	1083	1736	1949	2024	2350	2564	2760	2845	4914	
299	614	627	801	1302	1827	2133	2160	2282	2364	2482	2503	2542	2679	2718	
29	186	302	412	573	1048	1104	1492	1933	2676	
684	748	797	1091	1332	1609	1686	1719	2003	2270	
98	955	996	1306	1888	1920	2022	2287	2295	2495	2573	2659	2916	
606	717	789	923	1441	1801	2061	2504	2626	2981	
301	823	1020	1071	1424	1480	1649	1778	2046	2147	2154	2404	2892	3201	3202	3232	3415	3687	3841	3855	3869	3952	4090	4182	4429	
69	1155	1271	1303	1391	1606	1856	1919	2165	2272	
148	300	395	525	537	547	666	770	927	1029	1107	1135	1291	1423	1558	1602	1709	1776	2113	2291	2292	2307	2314	2387	2389	2475	2502	2536	2606	2771	2848	2894	3121	3134	3144	3160	3249	3377	3414	3452	3457	3686	3703	3708	3899	4237	4238	4261	4299	4433	4490	4520	4564	4575	4601	4700	4703	4748	4768	4770	4772	4778	4882	4892	4899	4917	4980	4993	
4	40	78	109	168	209	639	657	659	759	905	1180	1188	1292	1500	1692	1766	1785	1870	1957	2026	2043	2182	2391	2447	2459	2529	2603	2642	2713	3048	3165	3258	3338	3464	3516	3546	3572	3629	3721	3766	3875	4028	4047	4097	4119	4163	4256	4522	4576	4584	4866	4907	4944	4946	
144	347	489	711	718	1018	1033	1299	1406	1462	1942	2178	2388	2871	3191	3255	3409	3819	3923	4039	4068	4069	4092	4251	4477	
56	396	425	439	617	739	939	1157	1345	1582	2125	2131	2245	2710	3052	3116	3379	3426	3622	3680	3694	3702	3770	4292	4326	
17	39	110	194	198	261	283	483	584	633	697	943	1034	1036	1097	1179	1300	1362	1563	1684	1775	1793	1911	1948	1977	2059	2084	2153	2241	2271	2341	2351	2513	2576	2779	2817	2838	3114	3291	3615	3736	3860	4001	4213	4361	4397	4438	4503	4617	4691	4717	4786	4813	4854	4923	4924	4985	
34	142	159	202	696	1164	1232	1238	1324	1478	1621	1695	1770	2203	2556	2692	2828	3378	3444	3498	3760	3845	4036	4303	
182	407	440	471	1041	1046	1098	1479	2025	2284	2348	2610	
171	226	419	687	760	899	1289	1522	2008	2167	2260	2349	2365	2719	3113	3368	
214	318	413	484	510	522	566	686	892	1032	1069	1172	1285	1474	1505	1527	1534	1795	1895	2014	2122	2273	2383	2392	2427	2435	2468	2515	2725	2784	2868	2906	3107	3147	3174	3203	3285	3316	3325	3655	3658	3753	3818	3820	3846	3866	3903	3927	3979	3999	4212	4217	4249	4271	4280	4322	4410	4612	4644	4660	4679	4732	4750	4832	4839	4847	4961	4962	4963	4978	
420	438	691	845	1280	1327	1469	1725	1926	2300	2316	2748	2944	3339	3631	4864	
86	308	361	494	567	1923	1993	2175	2315	
228	238	437	562	751	819	867	997	1739	1741	1899	2015	2210	2253	2281	2326	2384	2394	2443	2538	2543	2582	2640	2754	2951	3015	3273	3374	3549	3596	3611	3624	3739	3745	3769	3974	4124	4157	4176	4180	4254	4286	4434	4536	4541	4560	4594	4610	4636	4673	4719	4935	4947	
10	96	726	926	938	1022	1240	1681	1883	2249	2580	
341	370	384	621	655	890	970	1123	1236	1349	1620	1623	1651	1701	1762	1841	2118	2230	2317	2327	2403	2547	2598	2950	3143	3477	3692	3795	3859	3898	3968	3970	3996	4123	4266	4305	4358	4621	4682	4697	4737	
331	408	481	550	644	667	790	852	917	947	977	1671	1774	1821	1882	1914	2280	2379	2550	2655	3009	3343	3405	4067	4164	4171	4189	4222	4287	4312	4549	4580	
6	115	197	231	241	279	447	619	781	901	914	936	1000	1039	1131	1209	1310	1380	1410	1464	1530	1670	1764	1798	1807	1816	1887	1990	2158	2220	2222	2302	2453	2472	2474	2621	2696	2777	2832	2858	2865	2924	2992	3118	3226	3243	3485	3532	3545	3706	3768	3782	3867	4107	4127	4209	4250	4265	4308	4317	4333	4335	4338	4381	4419	4426	4463	4613	4635	4641	4678	4738	4761	4885	4950	
19	143	234	242	276	286	369	551	669	813	949	1001	1319	1381	1389	1421	1605	1721	1753	1970	2021	2032	2132	2148	2377	2385	2439	2877	3227	3229	3393	3480	3518	3523	3558	3779	3815	3835	3956	4010	4029	4066	4081	4136	4289	4310	4363	4486	4515	4690	4692	4798	4897	4901	4906	4908	4964	
444	552	681	786	1149	1295	1400	1828	2029	2168	2420	2886	3024	3087	3371	3714	3774	3872	
169	179	184	278	829	990	1403	1427	1867	2772	2934	3157	3236	3237	3428	3646	
73	253	307	398	424	612	643	803	916	1063	1154	1174	1247	1538	1544	1569	1720	1844	1994	2422	2644	2830	3014	3045	3069	3136	3261	3376	3387	3389	3446	3563	3885	3901	3925	4147	4242	4446	4746	4774	4775	4807	
27	174	418	723	827	935	958	1065	1373	1446	1548	1711	1726	1803	1817	1952	2087	2123	2130	2268	2290	2298	2319	2362	2446	2860	2914	3073	3125	3304	3350	3812	3943	3969	3980	4005	4021	4158	4178	4311	4339	4354	4405	4843	4848	4859	4874	
28	68	563	891	1101	1588	1685	1771	1924	2256	2512	2526	2591	2749	2795	3257	3433	3668	3837	3880	4058	4112	
1	462	780	1122	1348	1465	1823	1988	2367	2369	2467	2473	2854	2883	2985	3010	3031	3151	3626	4111	
76	112	225	327	357	685	855	872	974	1086	1087	1110	1187	1398	1518	1595	1646	1662	1815	1907	1969	1975	1986	2052	2126	2140	2144	2190	2221	2423	2479	2485	2616	2691	2743	2986	2998	3145	3178	3253	3345	3348	3407	3425	3641	3732	3851	3862	3878	3894	3904	3924	3947	4139	4168	4304	4329	4334	4360	4414	4424	4488	4519	4524	4566	4586	4672	4721	4741	4857	4873	4937	4955	4957	4960	4977	
153	592	931	1219	1350	1426	1836	2464	2670	2843	2847	3007	3252	3344	4532	
46	185	187	322	455	482	729	978	1206	1248	1361	1503	1575	1688	1704	1820	1839	1852	2072	2074	2406	2434	2465	2516	2592	2612	2672	2738	2839	2872	3066	3146	3158	3244	3394	3597	3792	3854	3870	4026	4051	4128	4218	4259	4270	4272	4306	4492	4539	4558	4573	4764	4887	4891	4998	
61	75	423	516	750	766	812	1089	1279	1315	1376	1541	1599	1641	1663	1698	1727	1777	1790	1826	1963	1997	2054	2428	2567	2726	2783	2789	2792	2833	2856	2857	3006	3167	3176	3212	3276	3294	3423	3493	3610	3619	3733	3765	3830	4040	4294	4313	4393	4552	4620	4655	4680	4771	4834	4863	4876	4921	4942	4943	4983	4989	
131	177	201	265	764	1010	1055	1211	1275	1304	1604	1734	1928	1959	1967	2020	2080	2091	2239	2636	2923	2954	3214	3293	3412	3499	3552	3874	3926	3930	4043	4146	4267	4432	
48	193	467	649	762	799	871	1117	1137	1204	1417	1611	1689	1918	1954	2170	2264	2499	2508	2769	2911	3008	3099	3264	3386	3456	3601	3649	3669	3689	3705	3750	3973	3977	4054	4098	4142	4161	4455	4571	4587	4675	4776	4823	
394	495	519	796	1567	1633	1812	2105	2343	2541	2555	2563	2654	2765	2974	3067	3155	3416	3673	3751	3868	3955	4000	4016	4072	4172	4241	4546	
298	475	570	583	662	757	830	900	1105	1125	1205	1290	1583	1627	1716	1951	2129	2189	2408	2846	2953	3277	3395	3515	3627	3730	4064	4117	4133	4188	4201	4229	4258	4418	4454	4528	4582	4683	4715	4763	
59	71	85	87	167	426	470	768	966	1004	1136	1169	1207	1229	1328	1370	1385	1568	1592	1636	1642	2197	2448	2735	2823	2912	3082	3091	3154	3162	3197	3408	3431	3442	3448	3776	3817	4006	4017	4055	4082	4113	4156	4175	4195	4453	4705	4888	4926	
141	1571	1624	1806	1840	2083	2173	2332	2339	2370	2386	2566	2917	3230	3555	
356	607	638	767	962	1250	1360	1394	1463	1572	1714	2169	2180	2395	2539	2540	2627	2802	2943	3002	3138	3142	3454	3460	3909	3928	3941	4095	4190	4200	4240	4428	4517	
22	41	147	320	333	410	553	625	698	699	913	1092	1405	1438	1742	1780	1946	2114	2224	2251	2262	2486	2605	2614	2863	3080	3177	3179	3188	3192	3931	3986	4088	4378	4391	4427	4465	4657	4663	4727	4795	4824	
403	695	989	1198	1242	1321	1334	2174	2205	2331	2522	2533	
127	130	246	339	355	422	449	665	734	861	883	972	1038	1132	1185	1485	1781	2201	2236	2345	2376	2500	2519	2552	2675	2949	3023	3185	3260	3311	3482	3632	3634	3711	3811	3850	3917	3962	3971	4015	4385	4435	4472	4530	4578	4817	4883	
139	650	804	1005	1151	1178	1367	2346	2535	2578	2683	2708	2849	2980	3108	3199	3520	3697	
93	344	568	826	945	991	1044	1165	1950	2237	2466	2527	3097	3225	3578	3620	
180	262	358	546	600	1668	1733	2127	2328	2336	2357	2390	2414	2565	2785	2831	2844	2851	2925	2975	3022	3173	3223	3353	3494	3700	3800	3858	4013	4022	4025	4060	4089	4130	4132	4151	4194	4202	4315	4476	4495	4555	4650	4689	4797	4831	4856	4910	
452	622	624	1007	1138	1639	1652	2107	2492	2589	2736	3049	
223	501	534	538	599	654	730	981	1017	1148	1243	1297	1696	1765	1865	1886	1955	1971	2067	2121	2233	2246	2279	2320	2324	2511	2514	2816	2928	2990	3018	3095	3382	3401	3665	3670	3749	3856	3929	4059	4084	4349	4399	4415	4466	4487	4535	4631	4647	4654	4808	4821	4844	4858	4890	4939	4974	4981	4987	5000	
140	634	818	1502	1557	1749	2094	2185	2402	2431	2437	2546	2797	2814	2888	3026	3081	3298	3372	3388	3430	3514	3617	3643	3744	3788	3888	3900	3905	3993	4166	4244	4276	4367	4401	4556	4634	4661	4674	
255	388	993	1665	1884	1916	2179	2880	3064	4342	4784	
83	97	166	252	679	828	940	1329	1342	1535	1893	2146	2215	2609	2661	3553	3675	3718	3910	4012	4227	
45	72	157	285	677	831	873	1197	1335	1501	1561	1600	1783	2707	3369	3392	3472	3501	3571	3591	3595	3709	3767	3907	3953	4027	4134	4204	4331	
20	371	427	446	545	651	688	743	1057	1161	1269	1273	1408	1445	1484	1528	1669	1936	2062	2161	2930	3618	3690	3887	3994	4007	4297	
200	312	329	441	479	623	982	1264	1433	1560	2104	2193	3058	
613	815	1191	1358	1520	1868	2013	2103	2217	2524	2739	2982	3000	3312	3385	3459	3892	
60	406	409	527	652	805	863	888	1208	1961	2006	2184	2192	2441	2764	2867	2879	3062	3254	3290	3538	3574	3983	4071	4148	4220	4231	4282	4364	4422	
154	315	397	511	514	593	673	738	791	800	807	879	1144	1217	1254	1307	1466	1632	1782	1800	1978	2010	2035	2085	2570	2932	3030	3032	3102	3137	3245	3440	3502	3609	3652	3722	3778	3933	3984	4352	4368	4373	4447	4478	4533	4609	4640	4653	4712	4716	4851	4872	4922	4936	4970	
277	458	499	554	576	615	971	1281	1284	1723	2001	2252	2381	2664	2927	3183	3512	3786	3896	4053	4087	
12	212	353	466	528	637	794	825	1012	1013	1547	1614	1791	1797	1830	1902	2055	2216	2242	2983	3678	3789	4033	4065	4131	4137	4273	4372	4407	4431	4511	4570	4577	4597	
122	219	507	647	784	915	1090	1195	1322	1659	1706	2099	2424	2497	2733	2747	2881	2884	2936	2962	3025	3402	3469	3484	3495	3585	3608	3676	3780	3922	3972	3975	4018	4155	4316	4505	4632	4814	
67	90	176	269	272	304	387	393	556	836	963	1027	1467	1549	1593	1699	1772	1794	2177	2195	2724	2929	3077	3122	3186	3329	3333	3383	3424	3437	3475	3481	3527	3562	3666	3716	3719	3804	3912	3913	3918	3937	4002	4014	4150	4226	4323	4343	4437	4485	4710	4718	4740	4744	4783	4790	4869	4871	4878	4894	4951	4991	4995	
107	293	363	372	402	459	490	660	661	664	840	846	973	1030	1099	1108	1258	1308	1404	1452	1506	1510	1566	1863	2100	2340	2380	2416	2432	2501	2586	2840	2918	2991	3029	3126	3198	3274	3314	3419	3422	3445	3556	3559	3939	3954	3976	3985	4050	4129	4404	4458	4512	4589	4713	4751	4752	4753	4796	4802	4806	4815	4816	4865	4905	4966	4997	
77	523	705	1094	1196	1448	1748	1754	2198	2430	2449	3038	3070	
175	181	309	476	843	1346	1594	1845	1849	2009	2476	2548	
24	432	763	811	1102	1333	1574	1578	1616	1661	1738	1763	1773	1910	1985	2053	2325	2463	2619	2684	2693	2745	3020	3231	3268	3288	3439	3584	3616	3834	3853	3861	3982	4102	4140	4197	4534	4723	4729	
43	91	377	472	486	539	543	670	671	693	961	1021	1272	1456	1587	1638	1647	1675	1750	2470	2782	2834	3451	3633	3796	3825	3828	4061	4318	4496	4510	4521	
235	417	517	703	1184	1263	1323	1337	1416	1460	1521	1598	1667	1890	2078	2321	2413	2561	2635	2703	2734	2808	2842	2896	2969	3184	3193	3218	3246	3604	3621	3713	3785	3965	4230	4301	4319	4494	4499	4508	4548	4562	4658	4767	
8	36	457	761	792	909	1257	1991	2037	2187	2293	2625	2766	2770	2919	3519	3667	3797	
58	104	465	515	526	742	814	851	854	857	1260	1453	1608	1995	2211	2756	2768	2793	3004	3128	3278	3517	3659	4144	
558	779	1118	1293	1325	1691	1731	1885	1981	2142	2342	2553	2762	3233	3467	3602	3677	3802	
280	443	524	771	944	950	1073	1666	2079	2159	
38	54	368	373	874	907	1080	1314	1707	2657	3039	3189	3215	3465	3541	
332	783	928	983	1042	1447	1622	2263	2297	2308	
611	672	706	736	897	953	1259	1351	1393	1524	2288	2662	2818	3217	3251	3384	3533	
421	456	630	716	869	1120	1181	1228	1454	1532	1634	2012	2204	2666	2875	3055	3323	3327	3890	
88	222	560	719	960	1425	1449	1564	1906	2250	
865	964	1146	1355	1998	2047	2171	2181	2303	
208	295	313	505	728	894	1313	1728	1992	2721	2796	2869	2984	3046	3207	3210	3318	3535	3607	3794	3806	
196	244	247	343	350	352	578	934	1006	1078	1124	1156	1301	1305	1317	1387	1837	1854	1864	1877	1897	1922	2007	2301	3013	3131	3161	3275	3712	3735	3809	4080	4103	4359	4370	4469	4504	4569	4598	4614	4711	
134	319	338	636	773	839	856	1142	1186	1708	1855	1857	2048	2116	2143	2258	2358	2588	2643	2699	2804	2993	3041	3299	3310	3587	3801	3805	3964	4283	4356	4374	4395	4459	4489	4493	4688	4693	
431	841	903	1077	1932	1972	2095	2266	2407	2650	2668	2697	2704	2959	3059	3511	3542	3543	3656	3752	3761	4211	4228	4281	
101	577	712	864	881	1076	1249	1265	1283	1615	1619	1700	1718	1873	1927	2214	2971	2997	3068	3148	3373	3902	4135	4224	
52	62	189	445	531	710	735	1168	1201	1486	1537	2017	2141	2639	2698	2780	3016	3265	4070	4078	4174	4253	4279	4340	4387	4441	
92	224	243	267	275	530	533	694	886	1067	1095	1246	1282	1352	1455	1509	1526	1703	2040	2088	2207	2304	2426	2480	2496	2581	2620	2651	2963	2967	2976	3096	3109	3110	3152	3466	3497	3576	3698	3814	3879	3914	3940	4023	4309	4366	4468	4484	4630	4833	4880	4902	
454	503	618	809	1176	1199	1386	1488	1979	2060	2429	2520	2630	2956	3003	
376	653	848	951	1450	1603	1760	1825	1930	2092	2108	2787	3042	3089	
14	287	311	832	847	959	1158	1664	1833	2005	2058	2411	2451	2602	2945	3037	3074	3127	3284	3375	3525	3728	3743	3816	3836	3936	4216	4269	4320	4392	4413	4423	4474	4527	4551	4567	4652	4759	4779	4799	4829	4835	
172	587	700	777	946	1059	1064	1066	1114	1175	
32	64	74	248	548	656	765	834	889	930	1082	1145	1177	1190	1340	1395	1542	1673	1787	1842	1938	1973	2111	2393	2478	2505	2711	2989	3005	3047	3083	3250	3295	3474	3566	3938	4114	4327	4380	4516	4568	4684	4696	4722	4760	4850	4879	4895	4912	4920	
23	95	1140	1330	1515	1929	1974	1996	2523	2584	2744	2891	
162	317	586	701	1422	1722	2077	2507	2700	3220	3289	3337	3505	3642	
79	146	254	259	491	602	608	778	808	822	1166	1239	1320	1420	1461	1517	1637	1740	1799	1822	1939	1953	2042	2223	2421	2742	2841	2937	3056	3241	3358	3682	3701	3717	3932	4057	4206	4262	4321	4351	4388	4461	4502	4545	4557	4585	4595	4665	4677	4702	4708	4743	4756	4766	4789	4827	4828	4918	4954	4992	
137	158	585	709	758	882	1040	1111	1253	1396	1440	1590	1755	1876	1968	2150	2259	2560	2940	3105	3242	3365	3489	3529	3724	3842	3844	
16	47	51	108	463	535	632	774	868	1343	1769	1835	2283	2366	2398	2599	2653	2968	3141	3583	3738	4009	4210	
3	120	136	161	233	290	746	932	985	1116	1134	1147	1189	1213	1218	1261	1270	1298	1443	1735	1879	2155	2274	2374	2469	2601	2876	2890	3098	3262	3309	3359	3509	3650	3679	3799	3829	3958	3992	4037	4120	4278	4298	4346	4436	4607	4642	4649	4698	4720	4735	4791	4903	4938	4940	4969	4984	4996	
383	690	1170	1368	1490	1508	1875	2219	2238	2375	2489	2572	
160	668	769	937	976	1088	1565	2066	2164	2397	2790	2822	2889	3381	3390	3586	
21	124	132	240	325	328	336	378	391	520	601	642	676	910	918	954	1003	1167	1202	1436	1512	1531	1539	1579	1674	1813	1921	1937	2267	2344	2587	2597	2618	2712	2731	2825	2961	3324	3347	3399	3455	3557	3564	3593	3598	3762	3961	4044	4056	4215	4219	4337	4344	4506	4550	4593	4599	4707	4780	4819	4820	4836	4853	4919	4952	4968	4975	
11	237	258	979	1126	1141	1159	1339	1495	1656	1715	1751	1850	1904	2371	2585	2660	2820	2970	3027	3117	3330	3356	3400	3458	3630	3657	3832	3884	4141	4199	4207	4396	4451	4481	4538	4592	4694	
7	195	210	270	284	288	297	448	596	965	969	1384	1437	1476	1559	1585	1761	1814	2452	2685	2807	2895	3012	3028	3222	3418	3623	3685	3748	3807	3852	3921	4004	4045	4243	4411	4473	4554	
345	571	1223	1353	1388	1653	1824	1872	2458	3034	3166	3450	3551	3565	
199	365	428	844	860	1072	1439	1677	1680	1687	1853	2200	2244	2356	2401	2579	2732	2740	3320	3335	3500	3577	3648	3699	3857	4085	4110	4138	4450	4563	4603	
18	250	303	416	755	788	806	817	956	1294	1625	1678	2011	2191	2226	2286	2347	2418	2438	2717	2900	2909	3094	3292	3351	3560	3582	3663	4031	4062	4116	4284	4482	4531	4553	4596	4646	4662	4685	4709	4733	4793	4849	
281	620	640	1212	1221	1397	1702	1744	2518	2899	3019	3078	3239	
49	205	605	610	745	1372	1483	1982	2156	2285	
138	230	251	411	442	488	752	1414	1419	1543	1655	1757	1802	1843	1858	1940	2068	2149	2199	2373	2562	2633	2781	2801	2893	2957	3043	3130	3170	3486	3521	3592	3614	3734	3847	3876	3957	4008	4074	4154	4232	4325	4350	4390	4412	4417	4425	4467	4542	4605	4624	4725	4739	4787	4800	4810	4904	4973	4976	4990	
485	689	921	933	1025	1759	1908	2276	2278	2419	2534	2751	3436	3490	3524	
117	217	273	340	359	433	435	506	957	1096	1182	1252	1347	1359	1390	1516	1804	1881	1943	1966	2071	2101	2255	2645	2815	3172	3219	3272	3303	3336	3396	3403	3427	3483	3573	3693	3695	3715	3886	4046	4091	4100	4196	4348	4384	4389	4757	4840	4846	4860	4862	
66	155	188	478	492	512	536	992	1014	1630	2456	2596	2811	2859	3182	3287	
65	178	594	631	1051	1192	1234	1418	1475	2631	2939	3044	3112	3397	
207	215	342	744	1150	1200	1580	1626	2038	2487	2677	3065	3247	3352	
82	400	436	628	820	1311	1545	1631	2057	2637	
236	264	268	360	493	521	544	581	772	893	968	1129	1276	1369	1382	1444	1458	1679	1683	1768	1851	1909	1934	2137	2208	2433	2488	2545	2622	2682	2705	2819	2824	2922	3213	3216	3492	3522	3530	3628	3731	3755	3920	4093	4115	4170	4275	4336	4347	4376	4406	4470	4475	4518	4565	4755	4762	4837	4909	4932	4948	
37	81	84	105	152	156	170	306	316	324	390	461	559	575	603	721	727	754	833	842	967	1121	1143	1309	1431	1477	1540	1591	1660	1860	2172	2188	2554	2558	2559	2628	2652	2709	2761	2776	2821	2965	3071	3106	3115	3163	3175	3331	3380	3575	3606	3645	3660	3787	3863	3991	4063	4108	4263	4324	4330	4402	4403	4559	4574	4724	4742	4765	4773	4925	4941	4967	4982	4988	
375	590	733	919	1255	1383	1399	1430	1472	1717	1805	1913	2000	2081	2120	2615	2624	3205	3391	3429	3432	3581	3707	3897	4143	4191	4235	4247	4357	4379	4400	4448	4525	4681	
9	55	296	323	364	508	579	692	875	912	952	986	1112	1251	1268	1287	1529	1536	1552	1601	1628	1737	1848	1859	1896	1931	1962	2028	2049	2225	2243	2378	2382	2491	2716	2737	2741	2836	2920	3084	3306	3322	3346	3704	3740	3746	3775	3781	3916	3935	3963	4122	4205	4248	4260	4274	4416	4500	4625	4626	4645	4706	4825	4884	4896	4930	4958	4994	
183	451	678	731	1085	1233	1235	1471	1487	1498	1514	1905	1958	2145	2706	2714	3462	3540	3664	3726	3808	3881	3883	3998	4208	4225	
26	334	348	351	453	502	529	588	722	994	1115	1296	1407	1434	1570	1648	1818	1862	1983	2152	2231	2306	2484	2773	2800	2870	2902	2931	2958	3057	3060	3085	3307	3362	3496	3600	4149	4221	4234	4442	4452	4581	4687	4792	4812	4877	
113	450	629	708	987	1024	1277	1378	1482	1507	1581	1756	1779	1811	1832	1869	1878	1891	1980	2051	2097	2117	2454	2525	2557	2674	2799	2809	2812	2926	3133	3149	3190	3334	3360	3367	3468	3506	3590	3594	3757	3784	3793	3864	3951	4077	4145	4159	4233	4341	4345	4371	4377	4445	4464	4513	4600	4604	4627	4633	4686	4714	4730	4747	4782	4886	4933	4999	
305	379	460	626	1053	1171	1402	1523	1550	1650	2050	2400	
496	1231	1357	1556	1874	2506	2532	2629	2753	2835	3101	3319	
203	574	895	911	929	1162	1658	2196	2206	2235	2878	2904	3053	3150	3209	
125	218	434	468	904	906	920	1058	1106	1119	1364	1470	1489	1705	1810	1894	2019	2036	2163	2338	2531	2593	2641	2665	2794	2810	2829	2960	3308	3357	3404	3773	3798	3831	3959	4328	4353	4483	4547	4648	4656	4695	4704	
135	385	565	1026	1244	1344	1607	1640	1713	1789	2337	2498	2752	3103	3443	3447	3510	3647	3672	3826	3882	3988	
540	555	816	837	941	1152	1597	1746	1784	2056	2261	2948	2979	2999	3221	
53	216	229	354	404	877	1035	1222	1256	1267	1341	1657	2044	2194	2673	2803	2837	2941	2942	3093	3315	3507	3537	3589	3638	4152	4153	4268	4369	4444	
103	106	118	123	564	821	849	1079	1127	1216	1429	1432	1491	1584	1690	2096	2112	2119	2128	2399	2455	2647	2903	2946	2977	2987	3017	3305	3635	3727	3737	3741	3848	3906	3948	4041	4079	4099	4223	4491	4579	4608	4726	4728	4785	4855	
99	164	204	645	1052	1792	2031	2209	2277	2607	2611	3033	3092	3181	3234	3461	3487	3661	3754	
111	289	1060	1847	2069	2248	2440	2462	2568	3156	3270	3286	3366	3644	
321	399	609	824	1113	1618	2269	
116	282	330	349	382	498	532	572	896	898	995	1016	1160	1210	1511	1900	1917	1944	1947	2082	2110	2138	2312	2333	2530	2569	2774	2947	2952	3129	3453	3470	3688	3696	3720	3742	3945	3987	4030	4035	4125	4126	4169	4173	4203	4302	4398	4561	4804	4830	4861	4868	4913	4956	
13	133	220	227	648	1392	1442	1786	1898	2063	2106	2309	2727	2728	2973	3011	3079	3398	3411	3417	3580	3871	4160	4362	4430	
249	389	756	876	1031	1237	1682	1694	1808	1915	2016	2151	2166	2311	2759	2897	3054	3086	3211	3612	
145	206	366	374	838	858	1214	1226	1288	1363	1371	2460	2600	2649	3040	3171	3301	3340	3777	3813	3911	3942	3981	4076	4245	
15	89	128	291	509	635	641	658	795	1028	1061	1133	1365	1377	1562	1644	1724	2030	2070	2109	2157	2162	2275	2444	2549	2604	2686	2788	2874	2913	2966	3119	3135	3187	3370	3435	3528	3651	3654	3764	3771	3978	3997	4193	4420	4460	4462	4479	4529	4583	4639	4754	4781	4794	4841	4852	4870	4900	4929	4934	4945	4949	4972	4979	4986	
25	94	487	1011	1203	1224	1411	1481	1577	1712	1747	2002	2041	2045	2360	2361	2481	2483	2493	2617	2866	2933	2964	3075	3263	3279	3756	3758	3763	3803	3822	3946	4096	4109	4296	4471	4540	4731	4736	
63	80	119	392	464	500	925	1318	1331	1366	1413	1831	1976	1989	2232	2521	2646	2750	3035	3238	3949	3990	4177	4295	4382	4408	4509	
245	314	702	798	1163	1245	1412	1573	1861	1935	2227	2322	2409	2723	3104	3124	3200	
30	232	380	541	853	1049	1056	1074	1100	1326	1745	1809	2213	2299	2310	2313	2323	2354	2551	2638	2758	2786	2791	2988	3088	3100	3140	3248	3259	3271	3503	3569	3684	3691	3725	3865	3934	4544