262	799	808	941	1006	1310	1313	1717	1874	2239	2245	2648	2929	3078
157	307	409	800	1389	1641	1682	1753	1895	1987	2438	2472	2668	2669	2973	2997	3149	3331	3577	3699	3874	3989	4058	4114	4177	4213	
703	1130	1312	1801	2441	2536	2852	2860	3032	3057	3225	3275	3401	3412	3516	3658	3761	3895	3934	4183	
11	442	525	1210	1327	1652	1971	2516	2855	3019	3154	3276	3372	3441	3458	3598	3610	
173	374	388	497	611	671	1139	1167	1457	1918	2237	2451	3012	3100	3236	3312	3489	3504	3581	3600	3719	3721	3785	3884	3978	4158	4165	4194	4235	4388	4486	4580	4962	4984	
10	52	111	386	591	597	779	1512	1581	1739	1905	1997	2068	2550	2739	2792	2874	3118	3197	3444	3520	3589	3653	3798	3808	4284	
535	770	1151	1168	1181	1222	1286	1472	1582	1650	2100	2315	2440	3027	3205	3569	3633	3667	3685	3976	4143	4144	4212	4262	4348	4349	
4	87	218	1034	1039	1053	1207	1249	1462	1552	2165	3040	3222	3281	3286	3393	3470	3523	3820	4992	
253	331	385	542	1084	1628	1833	2080	2202	2269	2843	2885	2989	3089	3119	3407	3626	3746	4739	
79	304	715	767	818	1299	1421	1428	1505	2288	2303	2619	3016	3144	
25	99	124	377	461	490	633	634	778	946	1179	1238	1447	1473	1665	1722	1765	2354	2368	2448	2492	2593	2635	2794	2932	3274	4028	4131	4234	4372	4413	
18	201	459	656	1513	1715	1832	2123	2332	2706	2888	2904	
101	119	207	256	320	346	558	600	613	959	1095	1198	1209	1333	1754	1909	2122	2197	2290	2454	2501	2557	2636	2806	2925	3212	3496	3853	3897	3965	3987	4034	4138	4178	4250	4280	4329	4358	4377	4402	4572	4604	4634	4644	4763	4784	4800	4820	4871	4872	4913	4934	4952	
85	133	187	356	554	683	705	820	893	943	1146	1349	1655	1848	1964	2004	2140	2238	2282	2470	2514	2748	2803	2829	2890	2937	3052	3340	3354	3359	3381	3698	3758	3990	4017	4018	4182	4442	4462	4564	4641	4675	4680	4700	4803	4846	
178	191	406	463	488	550	552	580	797	842	1190	1226	1243	1307	1342	1427	1619	1929	1975	2025	2194	2264	2327	2426	2486	2491	2537	2552	2614	2616	2691	2817	3146	3153	3178	3259	3432	3437	3615	3640	3672	3825	3859	3998	4016	4024	4047	4123	4149	4220	4253	4318	4340	4357	4469	4488	4516	4533	4535	4539	4550	4619	4629	4687	4711	4759	4804	4824	4855	4898	4959	4978	4987	4999	
37	653	672	701	904	996	1120	1122	1193	1320	1436	1437	1750	1990	2135	2294	2333	2632	2696	2875	2887	2899	2907	3138	3150	3195	3258	3888	3925	4030	4046	4086	4239	4282	4639	4649	4741	4771	
301	347	632	635	813	872	968	1275	1292	1308	1309	1341	1488	1767	2042	2216	2232	2233	2287	2330	2462	3204	3490	3613	3663	3684	3735	3797	3858	3981	4094	4151	4155	4394	4396	4435	4454	4463	4542	4574	4618	4663	4752	4799	4839	4848	4854	
96	134	165	318	404	449	515	630	698	782	825	1597	2060	2192	2601	2638	2680	2857	2900	3006	3167	3256	3364	3440	3969	3980	3994	
189	466	638	666	670	700	718	750	752	763	768	823	882	949	953	983	1027	1028	1157	1413	1429	1434	1585	1630	1743	1938	1946	2072	2105	2730	2761	2815	3007	3088	3133	3160	3474	3620	3701	3787	3912	3932	4027	4037	4174	4199	4281	4287	4381	4444	4445	4704	4735	4828	4867	4895	4930	
861	875	961	1051	1724	2085	2398	2413	2512	2850	3664	
97	162	196	325	328	375	381	477	510	526	557	617	629	722	773	822	856	900	984	1015	1136	1188	1357	1435	1502	1544	1640	1760	1782	1936	1980	2205	2313	2361	2376	2386	2542	2672	2724	2939	2977	3290	3390	3461	3501	3671	3921	3954	3961	4020	4021	4079	4091	4277	4298	4347	4393	4409	4412	4440	4494	4497	4515	4613	4656	4762	4766	4801	4831	4835	4849	4868	4904	4916	4927	4965	4990	4993	
68	223	448	764	964	994	1306	1772	2112	2571	2741	2818	
277	369	1032	1110	1446	1769	1912	2249	2559	2686	3096	3140	
682	1058	1224	1318	1390	1508	1843	1849	1857	2314	
636	674	1129	1469	1522	1777	1840	2034	2041	2258	
80	231	483	1020	1380	1590	1593	1889	2070	2117	2126	2790	
127	168	217	592	1602	1951	1989	2297	
20	107	349	527	562	824	863	1072	1284	1334	1356	1410	1671	1806	2027	2452	2737	2863	2963	3215	3486	3555	3654	3689	3733	3737	3754	3771	4390	
549	589	851	1031	1187	1449	1510	1867	2044	
17	41	60	76	93	176	188	190	202	267	452	704	771	837	859	1560	1654	1725	1803	1814	1864	1906	2077	2311	2359	2507	2705	2756	2799	2824	2869	3010	3142	3341	3383	3386	3399	3426	3464	3531	3551	3580	3593	3669	3692	3745	3837	3908	4029	4036	4085	4089	4101	4118	4126	4229	4429	4579	4594	4617	4732	4740	4798	4830	4878	4882	4969	
109	198	292	631	835	1183	1277	1322	1561	1747	2147	2184	2199	2334	2400	2498	2621	2650	2721	2740	2766	2793	2892	2896	2956	2978	2995	3047	3168	3170	3226	3237	3245	3261	3278	3280	3335	3508	3514	3629	3750	3876	4180	4224	4557	4678	4696	4719	4770	4774	4796	4863	4906	4943	
285	294	439	581	717	751	1247	1331	1503	1872	1941	2056	2169	2549	2620	2809	2827	3039	3073	3308	3369	3591	4108	4132	4166	4254	
92	312	355	393	841	885	999	1647	1716	1755	1908	2031	2598	2607	2733	2882	3008	3009	3130	3219	3333	3358	3400	3660	3711	4014	4137	
3	74	132	242	295	379	399	507	905	976	985	1087	1148	1164	1245	1262	1363	1533	1584	1599	1666	1793	1955	1957	2137	2254	2306	2343	2409	2474	2548	2662	2903	2992	3269	3479	3683	3714	3832	3877	3901	3957	3979	3999	4009	4067	4398	4401	4476	4478	4479	4695	4815	4892	4914	4924	4926	
152	197	811	849	974	995	1311	1480	1781	1786	1935	2017	2145	2240	2323	2329	2391	2430	2642	3172	3283	3537	3845	3964	4057	4267	
185	417	532	694	831	926	1104	1662	1675	2411	2762	
151	263	396	460	857	1055	1182	1204	1732	1996	2125	2247	3174	3439	3460	
28	51	67	293	296	338	450	667	759	934	1000	1011	1248	1281	1418	1474	1606	1623	1775	1830	2028	2210	2242	2372	2387	2396	2524	2581	2653	2689	2720	2763	2808	2936	2998	3092	3098	3105	3115	3322	3353	3397	3427	3462	3499	3540	3606	3637	3790	3794	3872	3880	3907	4215	4344	4371	4404	4439	4492	4551	4565	4581	4693	4753	4806	4808	4842	4880	4919	4938	4946	4983	4996	
108	420	514	988	1439	1550	1822	2346	2594	2760	2905	3265	3404	3525	3526	3674	3751	3796	
234	431	445	574	582	608	1701	1836	1855	2086	
30	181	272	570	711	734	804	920	1073	1178	1195	1651	1692	1759	1815	2093	2150	2168	2459	2480	2490	2606	2625	2711	2767	2912	2964	3131	3227	3355	3428	3564	3588	3646	3673	3693	3707	3780	3892	3940	3986	4305	4316	4397	4546	4576	4597	4662	4703	4717	4795	4922	4944	
98	128	309	512	1314	1355	1385	1808	2082	2236	2312	
49	164	212	324	498	543	686	901	1259	1370	1478	1499	1999	2120	2246	2366	2435	2569	2586	2617	2647	3112	3148	3334	3342	3559	3584	3748	4323	4330	4362	4487	4502	4509	4517	4583	4599	4643	4669	4726	
247	1036	1352	1500	1690	1751	2139	2158	2160	2272	2572	2639	2958	2971	3176	3186	3201	3409	3416	3447	3574	3578	3739	3792	3843	3867	3883	3974	4015	4184	4248	4317	
54	72	222	300	415	546	569	595	643	681	714	756	785	908	1093	1218	1296	1324	1577	1612	1967	2075	2138	2217	2331	2379	2429	2475	2504	2657	2819	2897	2948	2981	3091	3123	3194	3196	3243	3321	3349	3357	3495	3535	3585	3601	3608	3763	3827	3846	4013	4113	4292	4303	4327	4332	4376	4407	4410	4418	4468	4570	4601	4734	4750	4778	4797	4810	4816	4862	4866	4890	4942	4948	4967	
34	78	102	118	206	414	503	932	1014	1140	1236	1332	1336	1486	1543	1557	1679	1930	1943	1949	2090	2104	2196	2277	2304	2726	2750	2851	3055	3061	3111	3257	3329	3374	3379	3645	3677	3713	3862	3866	3982	4164	4205	4300	4561	4592	4607	4777	4814	4818	4822	4834	4932	4951	4961	
286	482	583	838	936	1402	1493	1546	1618	2568	2600	2626	2822	2877	2909	2986	3408	3539	3736	
175	193	659	975	1001	1328	1419	1794	2119	3004	3120	3294	3310	3528	3618	3744	3786	
44	322	602	618	729	735	741	865	898	1172	1227	1255	1270	1509	1726	1974	2065	2221	2226	2349	2659	2693	2757	2980	3041	3126	3255	3350	3352	3469	3506	3752	4072	4087	4104	4276	4365	4417	4481	4484	4491	4636	4638	4725	
24	26	103	387	646	685	760	1239	1589	1697	1893	1917	1981	2089	2365	2587	2624	3023	3210	3292	3338	3438	3497	3560	3603	3631	3772	3811	3842	3910	3936	3991	4006	4055	4232	4333	4345	4537	4540	4541	4584	4605	4738	4749	4779	4843	4900	
139	454	986	1010	1096	1108	1295	1528	1816	1823	1926	3059	3199	3301	3388	3389	3475	3524	3740	3860	4022	4173	
61	172	687	1153	1256	1261	1649	1696	2310	2431	2503	2673	2710	2831	3398	3553	3691	3918	3947	4019	
106	122	159	416	521	766	786	894	952	1041	1154	1199	1302	1335	1396	1460	1627	1632	1771	1969	2172	2447	2453	2532	2547	2556	2592	2655	2670	2679	2688	2699	2789	2800	2928	3028	3060	3068	3181	3242	3300	3319	3384	3433	3554	3650	3655	3731	3805	3890	3951	4007	4041	4056	4203	4225	4236	4241	4249	4275	4343	4353	4421	4482	4522	4566	4571	4587	4765	4794	4844	4950	4974	4975	
6	534	690	691	794	897	991	1030	1563	1862	2115	2273	2356	2363	2717	
105	241	317	405	469	758	836	843	877	972	1176	1251	1269	1285	1340	1520	1540	1635	1705	1931	2007	2066	2108	2156	2241	2339	2395	2421	2445	2702	2837	3018	3077	3209	3272	3467	3702	3782	3840	3923	3968	4012	4098	4099	4130	4319	4331	4346	4364	4373	4384	4431	4493	4495	4755	4776	4809	4865	4918	4982	
33	194	367	394	403	435	708	944	960	1004	1099	1242	1364	1386	1487	1495	1525	1634	1741	1923	2193	2235	2345	2493	2510	2630	2777	2797	2952	2975	2994	3184	3240	3249	3380	3453	3466	3471	3556	3612	3944	4033	4040	4050	4078	4122	4191	4223	4244	4342	4408	4458	4512	4563	4596	4600	4728	4829	4832	4910	4968	4981	
1	235	266	412	626	777	981	1061	1367	1517	1646	1656	2071	2182	2502	2506	2746	2778	2921	3101	3113	3270	3382	3392	3624	3852	3879	3889	3962	3992	4060	4209	4459	
7	77	144	147	246	323	411	575	709	862	1143	1763	1785	2014	2069	2133	2252	2371	2488	2489	2499	2787	2906	2934	3158	3220	3235	3371	3377	3549	3688	3749	3765	3778	3806	4115	4146	4291	4356	4456	4485	4511	4514	4528	4786	4856	4858	
113	275	383	479	585	614	776	868	884	925	1138	1359	1680	1883	2214	2280	2535	2567	2842	2961	3164	3287	3567	3568	3573	3595	3712	4430	4483	4549	
149	361	473	509	566	755	816	1043	1202	1235	1283	1298	1403	1425	1459	1611	1694	1718	2324	2500	2564	2646	2664	2931	3036	3093	3185	3252	3254	3494	3543	3643	3659	3670	3865	4023	4243	4293	4315	4428	4651	4706	4707	
65	163	213	226	486	492	970	1008	1117	1123	1214	1290	1416	1507	1580	1645	1672	1685	1709	1792	2055	2357	2370	2618	2658	2675	2731	2743	2816	2965	3147	3191	3403	3463	3513	3917	3924	3956	4005	4031	4190	4432	4451	4589	4631	4658	4751	4764	4802	4837	4891	
370	410	499	511	596	689	866	993	1600	1601	2382	2416	2786	3229	3247	3509	
36	69	150	236	276	446	513	680	762	790	1013	1040	1042	1461	1547	1576	1713	1805	2175	2360	2974	2996	3043	3145	3183	3295	3378	3530	3799	3914	4386	4471	4520	
14	200	327	421	438	516	560	740	784	957	1212	1451	1558	1565	1688	1736	1784	1789	2011	2166	2604	2784	2804	2983	3271	3332	3346	3542	3621	3789	3801	3817	3839	4063	4198	4237	4279	4290	4423	4437	4452	4538	
70	306	326	530	781	992	1870	2092	2107	2342	2764	
167	182	195	252	264	333	336	489	737	855	864	918	1048	1147	1192	1420	1573	1742	2037	2083	2157	2261	2477	2555	2597	2694	2773	2871	3493	3546	3638	3639	3665	3802	3893	3953	4134	4197	4208	4211	4240	4354	4586	4805	4841	
1260	1613	1681	1831	1896	1945	2005	2010	2109	2206	2218	2466	2858	3214	3221	3231	3323	3661	3822	
125	268	648	880	1596	1745	1856	1859	1866	2419	2884	3206	3293	3318	3457	3759	
5	27	46	156	260	402	573	620	640	769	805	848	951	1019	1213	1354	1387	1422	1834	1932	2095	2838	3029	3117	3367	3492	3656	3679	3697	3793	3831	3868	4109	4125	4266	4350	4603	4645	4647	4690	4722	4813	4852	4864	4903	
9	340	427	854	860	963	1481	1609	2128	2178	2456	2590	
31	136	274	289	368	892	917	937	982	1007	1300	1404	1471	1661	1752	1809	1959	1960	2101	2153	2154	2170	2256	2321	2344	2374	2394	2508	2528	2608	2656	2683	2725	2820	2873	2894	3001	3171	3361	3423	3429	3552	3616	3635	3648	3804	3848	4100	4251	4297	4321	4325	4406	4503	4521	4642	4666	4731	4937	4977	
91	199	221	457	485	933	1091	1135	1200	1201	1430	1658	1699	1804	1947	2302	2511	2595	2839	2991	3080	3104	3747	3807	3815	3873	3882	3967	4000	4004	4035	4095	4355	4443	4498	4508	4526	4611	4686	
43	210	265	384	480	609	1885	2013	2023	2134	2142	2407	
146	161	291	660	887	919	924	1414	1571	1727	1903	2026	2048	2709	2745	2911	2947	2955	3051	3715	3755	3931	4102	4135	
607	721	990	1066	1276	1407	1604	1642	1674	1733	1861	1877	1968	1992	2081	2243	2545	2665	2922	2946	3015	3058	3110	3134	3190	3709	4119	4201	4218	4263	4400	
363	753	754	950	989	1026	1088	1369	1555	1900	1927	2127	2144	2228	2305	2348	2917	3024	3106	3330	3391	4084	4363	4374	4415	4420	4424	4433	
13	358	696	699	787	1271	1282	1482	1625	1953	2485	2758	
171	453	472	474	647	815	858	1442	1657	2449	2791	2893	3179	3198	3315	3456	3511	3527	3703	
359	725	881	962	1116	1142	1432	1838	1853	2335	2460	3103	3339	3405	3435	3507	3558	3662	3830	3993	4039	4121	4129	4255	4273	4328	4338	4380	4436	4460	
15	58	62	145	243	279	391	493	494	500	627	791	903	1033	1124	1534	1626	1778	1839	1993	2113	2219	2265	2271	2285	2364	2471	2538	2558	2736	2742	2953	2985	3005	3054	3282	3411	3485	3690	3730	3734	3760	3828	3886	4049	4375	4477	4536	4559	4688	4691	4694	4713	4879	4935	4940	4941	4972	4976	
126	131	160	186	561	623	641	802	807	1297	1405	1548	1583	1817	1882	2096	2613	2723	3035	3048	3136	3538	3592	4088	
38	224	382	443	744	809	907	921	1005	1069	1399	1444	1774	1937	1958	2030	2225	2276	2714	2840	2935	3031	3044	3099	3124	3344	3415	3532	3678	3708	3855	3878	3948	4192	4278	4307	4593	
64	244	373	504	556	622	973	1063	1090	1531	1575	1610	1776	2183	2213	2222	2299	2350	2377	2422	2674	2765	2805	2910	2916	2927	2951	2966	3320	3436	3521	3571	3652	4069	4076	4172	4204	4270	4720	4736	4775	4782	
21	123	169	321	451	545	593	724	749	789	814	948	1074	1240	1244	1301	1377	1393	1735	1821	1829	1851	1901	1934	1983	2229	2326	2369	2375	2482	2519	2580	2987	3067	3090	3095	3097	3121	3217	3250	3264	3299	3417	3452	3480	3510	3753	3975	4117	4156	4216	4369	4447	4588	4598	4630	4640	4659	4660	4698	4730	4790	4836	4923	4966	4994	
39	63	104	248	305	315	522	544	719	954	1079	1094	1121	1155	1171	1237	1304	1346	1431	1468	1514	1529	1532	1549	1570	1629	1710	1802	1811	1812	1922	2227	2267	2279	2446	2527	2615	2826	2848	2895	3021	3087	3347	3368	3424	3473	3576	3587	3705	3710	3743	3847	4011	4083	4238	4272	4304	4337	4405	4474	4616	4637	4699	4714	4768	4850	4861	4989	
269	914	969	1097	1417	1615	2015	2207	2902	3022	3050	
506	845	1624	2473	2605	2728	2771	2923	2942	2968	3053	3163	3187	3343	
143	261	270	271	319	332	334	390	599	657	688	832	876	1118	1196	1246	1411	1748	1888	1970	2073	2130	2388	2544	2676	2713	2833	2834	2879	2881	3211	3363	3959	4026	4081	4285	4322	4399	4729	
255	335	389	540	712	940	997	1077	1272	1537	1631	1664	1687	1714	1844	1925	2244	2525	2652	3084	3279	3302	3448	3519	3594	3644	3668	3819	4111	4188	4341	4568	
117	154	204	313	661	801	909	1111	1174	1184	1274	1467	1542	1756	1847	1860	1921	2063	2094	2275	2392	2415	2497	2644	2768	3017	3094	3360	3472	3522	3695	3928	4010	4107	4128	4169	4179	4560	4667	4745	4787	4817	4826	
16	59	135	343	487	1454	1890	1939	1952	2009	2191	2322	3116	3157	3459	3784	
116	251	418	433	625	821	895	942	1049	1057	1216	1622	1691	1700	1762	1764	1963	2518	2715	2835	3046	3291	3317	3764	
100	395	495	652	697	1137	1165	1353	1382	1744	1875	2425	2609	2684	2704	2941	3348	3529	
148	408	730	1381	1638	1798	1827	1961	1986	2187	
53	137	576	676	833	874	1076	1113	1740	2173	2289	2782	2962	3182	3193	3451	
82	192	536	812	913	1161	1191	1824	2340	2476	2641	
310	350	413	710	1131	1170	1203	1464	1881	2352	2443	3356	3541	3582	
209	528	1082	1115	1566	1607	1813	1873	2079	2230	2300	2402	2433	2437	2637	2769	2938	3056	3159	3534	3937	4074	
440	1044	1376	1388	1567	1780	1783	1852	2257	
48	430	693	847	910	939	967	1163	2260	
239	1225	1319	1374	1511	1538	1979	2020	2043	2067	2149	2164	2268	2677	2828	2898	3002	3143	3720	3777	3850	3851	3856	
380	541	677	871	1047	1075	1211	1293	1466	1490	1559	1586	1985	2019	2186	2274	2283	2579	2584	2589	2795	2889	2976	3284	3946	4042	4075	4110	4206	4258	4302	4438	4506	4524	4543	4545	4615	4626	4652	4692	4761	
362	577	621	726	761	829	883	1068	1112	1158	1162	1186	1208	1366	1768	1796	1828	1940	2403	2541	2654	2700	2982	3045	3074	3137	3156	3336	3483	3634	3821	4070	4467	4489	4499	4670	
502	559	639	869	1103	1668	1757	1795	2016	2018	2200	2414	2439	2458	2622	2732	2950	3267	3298	3575	3723	3985	4092	4219	4296	4553	
83	551	654	886	1052	1078	1194	1278	1338	1343	1358	1734	2035	2570	2781	2918	3114	3230	3345	3814	3823	4008	4097	4181	4361	
22	29	45	273	376	392	437	470	716	747	788	826	1156	1441	1497	1731	1845	2188	2575	3169	3241	3536	3911	4082	4140	4210	4286	4389	4449	
205	342	484	524	603	605	679	684	772	850	879	1316	1423	1554	1673	1810	1869	1898	2078	2179	2209	2295	2317	2450	2523	2596	2602	2690	2695	2754	2915	3165	3413	3476	3627	3642	3945	3996	4032	4038	4065	4171	4257	4260	4466	4475	4518	4625	4682	4833	4847	4860	4876	4883	4899	4958	
249	311	612	796	1372	1614	1617	2057	2098	2152	2286	2546	2633	2825	2866	3502	
353	523	586	792	846	1268	1329	2116	2341	2417	2543	2591	2716	2990	
465	508	658	731	765	853	1003	1024	1215	1360	1492	1527	1539	1592	1595	1712	1868	1984	2167	2171	2779	2785	2957	3014	3081	3328	3465	3487	3550	3619	3647	3675	3844	3891	3935	4167	4392	4414	4534	4575	4709	4744	4772	
66	153	302	828	870	1321	1521	1854	2189	
8	254	467	606	888	987	1021	1523	1535	1553	1865	1871	1878	2021	2039	2103	2198	2223	2320	2408	2444	2531	2697	2802	2926	3224	3244	3477	3590	3657	3717	3741	3836	3902	4080	4186	4261	4370	4490	4510	4578	4591	4677	4708	4756	4785	4811	4873	4877	4887	4921	
184	278	958	1145	1351	1588	1819	2215	2412	2432	2560	2735	2960	
284	378	678	966	1221	1279	1978	2062	2250	2355	2566	3003	3395	3422	3547	3623	
81	121	455	519	529	663	774	830	947	1050	1337	1378	1400	1477	1484	1491	1518	1639	1659	1660	1766	2002	2292	2351	2712	2729	2862	3037	3083	3085	3376	3394	3512	3651	3700	3769	3813	3816	3864	3958	4112	4217	4222	4227	4313	4324	4334	4450	4480	4519	4620	4627	4654	4668	4827	4840	4885	4902	4954	
130	177	429	594	1397	1412	1448	1730	1879	2136	2301	2522	2823	2933	3013	3082	3234	3273	3309	3425	3625	3810	3926	3960	4246	4335	4366	4547	
366	434	538	644	1017	1169	1234	1424	1541	1663	1846	1944	2050	2533	2865	3069	3203	3303	3517	3617	3930	4025	4154	
179	345	354	360	520	563	692	723	742	819	827	889	912	1149	1526	1551	1591	1676	1737	1787	1920	1965	2259	2401	2701	2814	2864	2870	3307	3468	3545	3628	3649	3718	3791	3826	3875	3922	3984	4150	4231	4245	4283	4306	4411	4425	4500	4501	4529	4608	4681	4701	4760	4793	4838	4955	4963	4964	4973	4985	
555	584	757	840	928	1219	1315	1837	2162	2255	2836	2846	
158	1067	1465	1791	2076	2337	2526	2611	2645	2649	2707	3125	3127	3253	3288	
23	47	84	86	155	238	365	601	727	915	1056	1071	1114	1348	1456	1498	1603	1608	1998	2051	2190	2336	2554	2583	2643	2661	2722	2755	2780	2914	3108	3208	3373	3450	3481	3500	3515	3579	3622	3632	3682	3729	3742	3788	3899	4093	4148	4187	4193	4265	4326	4391	4523	4558	4590	4610	4622	4623	4672	4673	4683	4733	4748	4780	4859	4870	4905	4908	4933	4949	4953	
73	141	180	208	220	344	578	615	1002	1022	1037	1133	1217	1266	1695	1749	1799	2036	2038	2539	2832	2924	3033	3132	3362	3566	3596	3795	3904	4124	4175	4247	4268	4352	4573	4621	4653	4655	4716	
337	352	447	642	665	955	1016	1086	1180	1197	1361	1384	1677	1977	2074	2181	2220	2231	2404	2666	2703	2810	2872	3232	3268	3366	3636	3725	3809	3913	3920	4001	4168	4554	4674	4689	4727	
610	916	1132	1438	1489	1644	2110	2201	2464	2623	2845	2856	2940	3189	3565	
50	71	425	428	444	651	706	906	977	1205	1232	1479	1678	1711	1721	1779	2097	2478	2718	3207	3387	3488	3561	3641	3896	4053	4145	4147	4314	4360	4544	4602	4612	
357	462	604	743	803	891	896	923	1029	1102	1258	1289	1391	1483	1516	1579	1729	1820	2064	2143	2423	2812	2876	2920	3175	3313	3314	3430	3686	3916	3973	4064	4127	4153	4214	4259	4320	4351	4532	4562	4746	4789	4857	
501	565	1119	1323	1761	2008	2118	2131	2177	2262	2573	2631	3442	
129	339	616	695	971	1458	1707	1907	1919	
587	702	713	745	931	1023	1064	1152	1263	1264	1347	1368	1394	1395	1440	1515	1703	1723	1738	1746	1891	2029	2099	2180	2325	2328	2390	2468	2540	2801	2859	2944	2954	3075	3216	3239	3260	3316	3370	3414	3449	3599	3824	3881	3903	3939	4071	4161	4170	4195	4221	4233	4310	4552	4743	4825	4901	4956	4960	4979	
518	553	645	1185	1350	1470	1569	1928	2185	2278	2338	2436	2479	2759	2959	
228	505	564	590	733	746	844	867	1101	1250	1401	1409	1485	1496	1578	1689	1966	2248	2588	2612	2629	2751	2880	2901	2913	2999	3025	3064	3129	3238	3285	3296	3306	3583	3803	4077	4106	4116	4311	4336	4464	4585	4633	4671	4710	4715	4747	4781	4915	4925	4929	
419	1098	1463	1598	1797	1850	1948	2132	2174	2397	2465	2483	2487	2681	2738	2830	3072	
42	783	806	873	1426	1476	1633	2410	2428	2744	3066	3155	3263	3421	
1085	1100	1330	1475	1728	1902	2001	2161	2319	2520	2678	2719	3086	3102	
142	282	481	669	1012	1228	2059	2309	2347	2494	2509	2811	
225	298	398	426	441	567	839	1054	1060	1081	1280	1325	1455	1524	1564	1620	1706	1758	1899	1954	2155	2316	2515	2610	3011	3070	3192	3251	3327	3406	3419	3445	3604	3681	3732	3770	3783	3870	3950	4048	4073	4142	4378	4385	4461	4470	4496	4530	4531	4650	4664	4742	4767	4819	4886	4893	4907	4928	4931	4980	4986	4988	4991	
2	12	240	259	664	675	739	878	1038	1046	1126	1144	1241	1273	1305	1317	1373	1398	1572	1910	1916	2022	2102	2111	2224	2270	2281	2380	2389	2393	2463	2628	2682	2891	3151	3311	3337	3418	3484	3548	3614	3696	3775	3781	3915	3938	3942	4044	4066	4090	4152	4159	4160	4189	4200	4299	4434	4446	4504	4507	4527	4614	4721	4723	4737	4851	4875	4884	4888	5000	
237	400	464	662	668	736	1035	1106	1173	1265	1443	1453	1826	1982	2058	2146	2159	2442	2529	2585	2685	2698	2783	2868	2969	2970	3694	3727	3767	3949	3966	4141	4157	4264	4525	
57	75	183	214	456	571	579	588	650	798	834	945	1083	1160	1303	1501	1686	1807	2000	2124	2284	2367	2427	2513	2517	2603	2651	2708	2774	2788	2844	2878	2908	2993	3139	3162	3180	3188	3233	3246	3396	3478	3498	3572	3607	3800	3829	3977	4105	4120	4139	4202	4252	4256	4269	4294	4368	4416	4419	4465	4548	4685	4783	4807	4812	4869	4894	4897	4936	4957	4997	4998	
475	548	655	1107	1257	1371	1556	1702	1719	1904	2045	2046	2296	2418	2565	2660	2753	2849	2930	3079	3107	3434	3630	3812	3887	3905	4309	4383	
90	94	140	174	203	290	297	476	568	598	810	927	935	1177	1189	1344	1345	1383	1392	1643	1876	2003	2208	2383	2406	2484	2577	2867	2886	2945	3030	3177	3503	3533	3563	3849	3952	3988	4062	4136	4196	4271	4289	4339	4648	4697	4718	
32	227	230	283	341	364	371	496	539	619	624	775	780	1230	1291	1450	1545	1653	1683	2024	2040	2052	2106	2148	2253	2266	2358	2420	2457	2495	2553	2563	2747	2770	2813	2821	2949	2979	3218	3262	3482	3562	3597	3774	3857	3863	3900	3929	3955	4003	4051	4176	4274	4382	4426	4582	4595	4635	4679	4702	4712	4724	4757	4758	4773	4791	4874	4881	4920	4947	4970	
170	216	547	911	1065	1253	1287	1684	1924	2671	2692	2853	
40	88	330	572	1080	1433	1445	1648	2318	2424	2505	2798	3141	3248	
110	166	436	728	2212	2521	2576	2599	2640	2734	2847	3042	3173	3443	
401	422	423	890	979	1092	1621	1825	1841	1842	1892	1913	1933	1976	1995	2006	2251	2298	2378	2634	3020	3109	3166	3213	3365	3385	3491	3602	3704	3757	3768	3898	3909	4002	4043	4207	4441	4453	4455	4457	4769	4792	4821	4823	
281	517	628	732	1134	1408	1616	1669	1704	1788	1858	1884	1897	2211	2467	2562	2727	2841	3325	3410	3609	3861	3983	4068	
229	288	308	902	1339	1636	1770	1790	1973	2012	2049	2772	2861	2972	2984	
138	314	458	471	478	537	1504	1863	2291	2481	2496	2534	2574	2663	2943	3000	3297	3305	3375	3518	3557	3570	3738	3756	3762	3818	3970	4103	
35	219	257	299	303	407	720	1018	1128	1223	1267	1605	1835	1880	1887	1894	1915	1942	2054	2088	2141	2405	2530	2627	2919	2967	3063	3122	3223	3454	3680	3726	3841	3943	4054	4061	4228	4242	4301	4513	4555	4556	4628	4632	4665	4676	4853	
348	637	1025	1070	1574	1698	1818	2163	2384	2561	2752	3062	3135	3455	3833	3834	3894	3933	
215	424	432	673	930	1519	1587	1708	1886	2061	2263	2362	3076	3228	3324	3326	3611	3666	
211	329	956	978	1141	1693	1720	2084	2293	
95	112	114	250	372	491	738	899	938	1059	1220	1365	1494	1506	1637	1667	1670	1950	1962	1991	2204	2308	2469	2551	2582	2687	2749	3128	3402	3676	3706	3722	3724	3766	3773	3854	3869	3871	3885	3941	3971	4096	4359	4379	4395	4422	4448	4569	4646	4788	4845	4889	4909	4911	4939	
115	232	258	316	351	533	748	795	998	1252	1254	1288	1536	1773	1956	2047	2307	2776	2854	3049	3152	3161	3266	3289	3544	3963	4288	4427	
19	55	56	245	468	817	1379	1568	2203	2353	2381	2385	2455	2988	3034	3202	3277	3304	3776	4052	
287	1009	1062	1127	1175	1206	1229	1233	1294	1452	1594	2091	2151	2434	2461	2667	2807	3065	3420	3431	3835	3995	4133	4163	
89	120	233	397	922	929	965	1045	1089	1105	1125	1150	1159	1166	1231	1362	1375	1530	1800	1911	1972	1988	2053	2087	2114	2121	2129	2176	2234	2796	3026	3071	3200	3351	3505	3605	3716	3728	3779	3838	3919	3927	3972	4059	4162	4226	4312	4387	4403	4472	4473	4505	4567	4577	4606	4657	4684	4754	4896	4912	4917	4945	4971	4995	
280	531	649	707	793	852	980	1109	1326	1406	1415	1562	1914	1994	2032	2033	2195	2373	2399	2578	2775	2883	3038	3446	3586	3687	3906	3997	4045	4185	4230	4295	4308	4367	4609	4624	4661	4705