466	931	1147	1239	1264	1323	1461	1777	2297	2842	2931	3089	3106	3254
68	124	644	700	948	1021	1332	1392	1835	2110	2307	2407	2409	2462	2487	2756	2770	2827	2860	2987	3345	3390	3722	3911	3987	4267	
62	106	250	269	462	1415	1673	2035	2706	3097	3135	3218	3617	3620	3622	3666	3675	3703	3824	4111	
101	991	1143	1482	1531	1538	1542	1677	1696	1812	2100	2380	2436	2978	3061	3204	3679	
2	81	175	189	198	418	556	804	1109	1167	1220	1527	1695	2279	2335	2456	2546	2550	2588	2720	2747	2775	2809	2947	3158	3357	3379	3641	3885	4049	4150	4179	4461	4552	4880	
166	240	268	302	360	363	731	802	954	967	973	1281	1295	1472	1686	1800	2065	2204	2213	2269	2379	2995	3960	4116	4210	4719	
73	473	501	521	578	592	607	926	975	1003	1025	1219	1660	1879	2274	2345	2375	2577	2729	2784	2796	2896	2946	3661	3859	4009	4063	4204	
292	321	1051	1348	1464	1553	1653	1711	2029	2457	2543	2757	2886	3004	3424	3458	3649	3749	3807	3879	3947	
107	286	385	550	612	638	1624	1786	1857	1977	2058	2495	2773	2881	2892	3380	3685	3706	4496	
38	59	516	930	1042	1270	1460	1544	2549	2623	2732	2960	3243	4902	
10	330	333	621	793	821	904	938	952	1206	1550	1742	1827	2010	2680	2745	2768	2902	2945	3033	3047	3188	3201	3391	3542	3616	3671	3714	3892	3964	4167	4183	
91	740	1628	1670	1714	1907	1971	2093	2120	2325	2526	2592	
35	70	79	87	167	402	558	647	763	855	1338	1730	1738	1775	1927	2079	2192	2256	2271	2365	2612	2664	2888	2906	2990	3027	3313	3328	3353	3373	3411	3437	3574	3606	3700	3754	3764	3774	3874	3903	3914	4010	4127	4287	4322	4390	4520	4525	4529	4637	4754	4772	4810	4878	4921	4949	
47	74	125	323	411	523	548	589	698	744	994	1094	1215	1528	1547	1672	1729	1965	2194	2485	2492	2538	2638	2736	2977	3092	3156	3246	3335	3488	3546	3600	3647	3743	3786	3820	3910	4343	4414	4578	4610	4621	4739	4791	4838	4839	4844	
282	291	312	416	493	645	898	977	1026	1104	1121	1133	1212	1344	1402	1490	1514	1530	1773	1810	1844	1846	1873	1886	1976	1990	2069	2118	2290	2295	2308	2315	2547	2639	2741	2823	2880	2893	2981	3147	3193	3219	3241	3289	3323	3427	3482	3521	3580	3594	3751	3956	3980	4000	4008	4098	4173	4217	4255	4272	4352	4584	4605	4611	4729	4747	4760	4774	4793	4883	4911	4940	4992	4995	4996	
1	232	662	693	972	1235	1369	1433	1436	1649	1764	1792	1909	1953	1967	2164	2410	2445	2683	2814	3010	3025	3065	3151	3235	3392	3532	3545	3588	3618	3628	3735	3842	3946	4034	4060	4141	4251	4348	4358	4372	
78	165	265	311	489	569	627	704	742	827	849	1136	1216	1245	1383	1391	1702	1763	1771	1950	2103	2426	2486	2570	2615	2837	2943	3259	3267	3359	3436	3489	3508	3687	3707	3810	3858	3986	3989	4110	4221	4314	4359	4646	4675	4703	4865	
284	320	337	405	482	492	807	881	889	920	1114	1414	1635	1678	1781	2186	2214	2324	2498	2610	2676	3460	3502	3750	3904	4249	4332	
251	255	272	343	565	648	678	759	769	798	864	894	1122	1185	1221	1229	1259	1262	1276	1296	1510	1664	1681	1758	1803	1866	2071	2113	2224	2300	2347	2695	2873	2921	2955	3069	3100	3159	3177	3276	3575	3604	3663	4057	4065	4215	4263	4309	4313	4362	4636	4853	4909	4923	4926	4958	4959	4980	4985	
117	434	661	965	1159	1173	1440	1587	2061	2206	2554	
97	120	313	338	356	519	654	714	761	792	970	1017	1054	1190	1249	1456	1743	1774	1900	1930	1931	1939	1968	2000	2137	2157	2207	2215	2310	2413	2576	2669	2709	2766	2879	2936	3099	3130	3141	3144	3155	3187	3193	3206	3214	3228	3361	3570	3758	3781	3922	4004	4028	4256	4355	4360	4368	4395	4408	4489	4519	4526	4531	4577	4614	4683	4751	4753	4756	4788	4812	4843	4848	4856	4897	4938	4955	4990	
96	127	183	342	361	533	868	905	966	1785	2321	2614	
190	220	602	995	1105	1301	1399	1525	1734	1759	2128	2679	2825	2833	3223	
140	159	431	971	1007	1050	1642	1875	2233	2272	
141	180	598	677	679	1432	1799	2125	2494	4342	
131	195	317	517	1044	1101	1567	1688	1744	2053	2162	3087	3455	
104	238	252	450	748	1063	1345	1698	1710	2116	
173	373	536	1338	1443	1591	1703	1740	1935	2153	2399	2427	2661	2951	3024	3224	3358	3501	3547	3670	3684	3740	3794	3962	3975	4050	4152	4377	4396	
287	428	551	672	1124	1599	1632	1659	1915	4719	
45	197	224	259	262	322	357	433	486	518	526	610	636	872	1048	1127	1182	1327	1333	1351	1477	1551	1721	1766	1780	1822	1970	1999	2050	2156	2245	2312	2596	2690	2701	2790	2832	2838	2864	2988	3112	3261	3337	3347	3397	3406	3433	3895	4042	4067	4093	4120	4154	4202	4300	4424	4440	4446	4502	4591	4616	4628	4648	4659	4720	4870	4898	4909	4977	
18	23	186	421	520	545	845	903	913	1272	1355	1418	1471	1517	1535	1556	1667	1751	1948	2098	2142	2159	2247	2291	2327	2593	2716	2725	2835	2916	2974	3020	3028	3169	3307	3315	3403	3503	3584	3683	3710	3773	3966	4328	4378	4402	4460	4487	4505	4541	4675	4718	4867	4941	4952	
15	444	577	729	821	982	1284	2037	2670	2876	2970	3034	3202	3209	3284	3396	3473	3676	3817	3996	4019	4111	4149	4254	4265	4284	
14	39	157	813	988	1172	1789	1845	1876	2273	2830	2959	2979	3016	3102	3131	3339	3366	3435	3598	3607	3633	3701	3804	3814	4147	4319	
225	241	412	430	567	600	706	848	874	897	1199	1610	1706	1707	1911	1984	2060	2066	2091	2094	2136	2544	2656	2687	2696	2762	2776	2841	2905	3109	3110	3193	3226	3264	3351	3417	3431	3455	3474	3557	3561	3590	3765	3800	3958	4006	4380	4485	4491	4537	4670	4709	4805	4806	4807	4827	4873	4957	4981	
148	202	474	498	514	906	964	969	989	1692	1788	1938	1942	2465	2761	3216	3369	3629	3696	3763	3791	3796	4044	4169	4219	4291	
37	277	488	528	984	1547	1684	1893	2402	2468	2662	4923	
726	901	1045	1638	1690	1736	1756	1830	2102	2618	2654	2702	2966	3072	3195	3266	
43	185	192	219	245	274	314	387	456	485	619	711	766	877	880	945	949	976	1000	1074	1142	1269	1350	1361	1506	1508	1524	1545	1558	1578	1604	1616	1625	1650	1718	1745	1982	2591	2806	2821	3082	3163	3293	3310	3317	3486	3543	3638	3686	3772	3880	3905	3940	4020	4043	4069	4075	4115	4119	4163	4185	4370	4371	4413	4449	4470	4481	4510	4669	4701	4820	4854	4931	4975	4984	
58	407	650	765	1260	1748	1914	2313	2330	2362	2417	2590	3011	3136	3263	3549	3654	4496	
41	477	487	936	1449	1584	1689	2030	2227	2248	
367	386	391	583	618	724	727	734	737	775	891	1257	1294	1331	1376	1546	1665	1732	1843	1883	2217	2258	2626	2703	2805	2849	2850	2904	2980	3103	3232	3301	3536	3833	3896	3951	4017	4041	4097	4143	4164	4293	4306	4340	4381	4473	4623	4644	4719	4742	4759	4896	4940	4944	
505	796	835	911	1049	1138	1271	1411	2026	2246	2288	
32	61	129	130	200	256	395	460	497	625	752	814	916	922	937	947	950	1208	1657	1917	2014	2028	2203	2419	2452	2847	2875	3626	3785	3886	4187	4212	4243	4262	4428	4445	4551	4583	4655	4766	4770	
21	246	253	588	741	839	1166	1325	1467	1566	1575	1849	1852	2067	2244	2354	2594	2684	2968	3091	3777	3784	3863	3984	4026	4059	4404	4407	4438	4469	4486	4556	4559	
170	182	204	248	369	393	496	606	611	620	702	768	918	946	1055	1072	1137	1154	1269	1287	1484	1615	1770	1833	1889	1921	1958	2136	2230	2287	2343	2473	2489	2560	2653	2798	2829	3051	3094	3154	3320	3389	3469	3738	3776	3782	3811	3957	3961	4016	4029	4161	4339	4356	4436	4472	4523	4585	4602	4604	4702	4707	4712	4738	4804	4813	4857	4862	4863	4879	4905	4918	4920	4925	4929	4943	4979	
112	114	119	151	227	234	290	327	699	783	974	1084	1135	1310	1338	1430	1541	1594	1617	1713	1757	1951	1958	2054	2057	2172	2240	2276	2352	2372	2459	2481	2633	2657	2820	2964	2982	3070	3190	3376	3505	3577	3639	3702	3736	3829	3993	4035	4106	4171	4393	4425	4430	4474	4511	4816	4836	4899	
123	657	747	832	1175	1561	1614	1656	1966	2229	2377	3225	3342	3463	3525	3612	3839	3898	3941	
656	660	771	800	959	1059	1480	1855	1896	2059	2357	2613	2856	3255	3367	3452	3799	4111	
113	294	331	899	907	1076	1130	1157	1183	1224	1385	1505	1645	1750	1926	1959	2077	2136	2223	2370	2424	2429	2585	2780	2797	2854	2954	3104	3117	3371	3917	3944	3977	4130	4157	4264	4433	4524	4533	4571	4582	4594	4694	4787	
90	100	194	365	587	643	686	746	751	799	812	831	963	983	1189	1289	1919	2048	2171	2575	2581	2688	2689	2813	2922	2957	2985	3455	3481	3495	3522	3553	3610	3760	3930	4090	4161	4241	4295	4331	4384	4468	4492	4499	4535	4588	4635	4719	4730	4885	
13	57	332	370	539	562	572	631	659	818	1611	2480	2519	2642	3054	3167	3511	3609	3837	3906	4036	4496	
325	404	463	483	503	1243	2185	2422	2518	2616	2636	2748	2923	2938	3062	3107	3292	3420	3699	4077	4105	4129	
9	49	216	276	288	420	459	593	608	666	707	805	821	828	921	933	1061	1093	1096	1357	1483	1529	1647	1722	1760	1814	1954	1989	2063	2086	2281	2298	2404	2447	2503	2510	2617	2844	2934	2984	2991	3105	3196	3258	3344	3377	3408	3426	3449	3657	3744	3806	3822	3830	3870	3877	3963	4021	4064	4095	4144	4190	4238	4247	4311	4325	4345	4599	4620	4684	4699	4771	4818	4928	4945	4956	4968	4969	4993	
162	215	789	873	1037	1366	1421	2225	2430	2474	2556	2603	3149	3174	3227	
24	67	794	809	821	882	900	902	1241	1246	1285	1336	1346	1352	1648	1761	1838	1860	1879	2040	2078	2425	2453	2493	2546	2726	2803	2824	2874	2894	2933	2986	3083	3215	3280	3352	3438	3568	3581	3619	3621	3718	3729	3742	4084	4125	4188	4224	4281	4333	4382	4539	4565	4596	4598	4687	4731	4755	4903	4948	4997	
199	244	447	692	719	721	861	1018	1145	1313	1315	1322	1324	1359	1536	1671	1798	1887	1916	1940	2039	2191	2212	2222	2336	2393	2514	2522	2559	2660	2711	2818	3123	3146	3236	3326	3395	3413	3484	3498	3510	3558	3723	3730	3857	3869	3890	4070	4096	4207	4290	4363	4691	4740	4763	4765	4835	4869	4924	4934	4939	4946	4964	4966	4967	4998	
75	222	296	944	1146	1184	1603	1903	1963	1974	1986	2025	2226	3001	3193	3299	3394	3432	3440	3674	3790	3821	3826	3836	3871	4094	4208	4336	4375	4437	4448	4497	4575	4580	
12	85	508	554	616	688	722	753	837	842	985	1148	1269	1305	1450	1462	1562	1571	1572	1863	2015	2018	2084	2369	2505	2961	2972	3130	3306	3448	3552	3623	3640	3665	3763	3805	4027	4038	4158	4456	4464	4476	4647	4667	4723	4745	4783	
931	997	1040	1337	1511	1537	1540	1559	1583	1816	2259	2316	2317	2439	2440	2471	2525	2792	2975	3108	3233	3613	3658	3780	3834	3952	3994	4275	4385	4475	4498	4839	
206	355	507	663	806	836	885	1077	1200	1339	1958	2135	2353	2411	2677	2749	2801	2883	3012	3042	3050	3064	3145	3457	3518	3562	3652	3733	3808	3907	4111	4142	4159	4162	4364	4457	4536	4579	4641	4654	4708	4721	4724	4728	
218	280	425	448	512	605	713	990	1012	1034	1038	1080	1229	1435	1458	1580	1878	2218	2513	2646	3080	3178	3185	3283	3362	3393	3421	3509	3583	3611	3650	3812	3938	3939	4083	4112	4203	4216	4276	4342	4557	4570	4603	4630	4715	4735	4762	4800	4817	4819	4858	4901	
143	472	544	668	754	1001	1240	1473	1539	2106	2257	2395	2994	3013	3134	3534	
437	844	1158	1328	1749	1946	2044	2140	2299	2405	2441	2624	2742	2785	2799	2928	2956	2998	3130	3415	3523	3627	3656	3853	4172	4177	4211	4222	4266	4287	4316	4379	4439	4593	
207	264	384	892	1108	1110	1292	1316	1644	1730	1894	1898	1920	2088	2250	2282	2318	2346	2364	2367	2421	2512	2555	2589	2739	3533	3692	3712	3728	3795	3934	3974	3978	4012	4030	4175	4225	4246	4399	4503	4600	4662	4714	4902	
1006	1140	1309	1455	1623	2072	2083	2152	2292	2478	2537	2721	
116	142	152	308	586	697	718	866	1268	1321	1396	1499	1879	2130	2323	2383	2423	2463	2719	2851	3030	3041	3057	3071	3093	3171	3256	3282	3354	3538	3556	3831	3945	3965	4025	4072	4080	4091	4109	4386	4465	4482	4650	4808	4811	4824	4845	4880	
247	390	850	961	1014	1479	1481	1646	2167	2389	2580	2602	2674	2753	2811	2909	3660	3891	3935	4839	
126	388	531	601	723	846	1053	1089	1253	1899	2122	2261	2731	3180	3483	3614	3644	
231	237	396	453	623	919	1152	1256	1574	1577	1601	1820	1856	1928	2161	2231	2338	2532	2681	2715	2890	2891	3125	3170	3346	3348	3512	3517	3582	3589	3615	3646	3943	3955	4002	4054	4134	4161	4199	4341	4447	4516	4544	4563	4566	4573	4590	4706	4768	4850	4904	
236	297	803	1401	1439	1945	2255	2280	2672	2755	2953	2969	3193	
84	149	235	263	309	467	502	529	665	756	801	888	929	1005	1019	1066	1095	1141	1210	1593	1808	1818	1877	1997	2108	2139	2188	2301	2306	2339	2368	2546	2870	3009	3031	3044	3207	3212	3399	3447	3669	3704	3763	3899	3971	4024	4126	4137	4153	4279	4287	4307	4365	4431	4495	4532	4589	4671	4829	4833	4851	4864	4872	
136	160	179	208	380	458	838	943	1010	1087	1203	1248	1442	1491	1533	1581	1746	1794	1851	2034	2242	2289	2340	2350	2509	2627	2794	3244	3468	3752	3755	3793	3872	3897	3923	4257	4261	4302	4528	4909	
17	1204	1343	1379	1637	2123	2277	2433	2584	2671	2828	2871	3058	
52	289	403	475	772	778	909	999	2051	2228	2451	2497	2572	2691	2734	2788	3086	3242	3309	3342	3423	3803	3845	3921	3990	
362	394	597	736	1193	1364	1543	1897	2006	2011	2033	2219	2254	2387	2464	2852	3157	3205	3208	3499	3554	3631	3715	3753	4001	4074	4201	4366	4376	4418	4496	
69	181	196	527	649	712	784	834	935	1071	1125	1842	2294	2435	2524	2845	2907	3114	3269	3414	3524	3578	3901	4111	4232	4315	4334	4405	4426	
191	504	549	590	685	884	939	1858	1998	2008	2151	2200	4882	
137	184	316	476	739	1027	1397	1448	1488	1731	1802	2001	2253	2772	3181	3303	3422	3563	3884	
50	299	522	730	860	956	1236	1420	1634	1904	2009	2016	2021	2637	2714	2789	2804	2939	2948	2983	3032	3164	3189	3419	3465	3550	3601	3847	4422	4441	4452	4839	
392	468	883	923	1035	1181	1254	1406	1512	1548	1708	1784	1795	1979	2046	2265	2333	2432	2504	2516	2551	2558	2763	2859	2900	3038	3234	3308	3319	3329	3383	3494	3634	3651	3695	3717	3756	3763	3798	4082	4107	4114	4121	4133	4214	4244	4287	4346	4353	4388	4394	4572	4656	4677	4795	4831	4860	4908	4916	4963	
27	31	293	298	478	580	626	1112	1489	1640	1676	1805	1868	2358	2932	3095	3129	3455	3664	3843	3950	4018	4166	4195	
158	427	640	642	817	1120	1131	1302	1318	1419	1427	1466	1496	1501	1663	1972	2143	2309	2527	2529	2595	2918	2935	3130	3176	3194	3295	3305	3492	3982	4031	4102	4104	4351	4398	4450	4601	
144	285	359	397	767	833	914	925	928	1113	1151	1297	1564	1620	1654	1697	1804	2252	2388	2455	2557	2678	3045	3138	3240	3470	3507	3645	3882	3954	4138	4270	4303	4310	4337	4369	4389	4417	4483	4508	4550	4627	4780	
20	30	36	98	161	254	499	637	691	820	825	1180	1214	1237	1474	1626	1666	1682	1755	1850	1879	1992	2117	2443	2523	2600	2641	2704	2733	2911	3008	3139	3265	3334	3439	3513	3576	3691	3732	3887	3936	4106	4197	4227	4292	4392	4421	4444	4567	4586	4634	4664	4693	4748	4767	4821	4822	4846	4877	4893	4894	4906	4910	4919	4922	4930	4994	
111	261	315	354	441	452	596	680	797	1086	1187	1347	1349	1386	1425	1522	1668	1723	1809	2005	2133	2177	2181	2211	2360	2469	2521	2530	2534	2568	2606	2658	2666	2699	2718	2758	2836	2897	3034	3119	3152	3220	3229	3493	3497	3535	3624	3637	3673	3694	3920	4068	4081	4117	4148	4196	4218	4282	4305	4342	4527	4561	4607	4609	4673	4680	4726	4917	4942	4960	5000	
48	64	349	603	932	1519	1769	1793	1880	2500	2786	2942	4106	
4	163	442	546	570	705	782	878	993	1079	1854	2105	2141	3128	
89	121	424	840	890	980	1269	1303	1380	1596	1825	1839	2049	2087	2438	2502	2973	3002	3085	3120	3126	3245	3312	3327	3564	3802	3976	4023	4128	4131	4182	4229	4289	4327	4338	4373	4427	4521	4534	4540	
11	375	555	563	653	859	1117	1213	1300	1365	1400	1403	1588	1778	1824	1885	1956	1961	2041	2174	2304	2326	2396	2710	2826	2910	2915	3034	3355	3725	3809	3850	3999	4205	
122	584	728	852	1011	1075	1186	1573	1598	1606	1701	2196	2283	2351	2382	2499	2599	2629	2652	2659	2738	3275	3374	3544	3593	3642	3672	3719	3769	3862	3991	3992	4013	4078	4088	4230	4252	4530	4581	4587	4649	4705	4719	4734	4782	
172	307	324	464	500	591	857	1453	1712	1847	1918	2475	2751	2912	2997	3332	3467	3655	
276	350	738	762	1195	1437	1502	1978	2374	2843	2855	2861	2996	3098	3401	3444	3456	3577	3595	3677	3757	3835	4052	4062	4387	
319	378	455	893	917	1342	1358	1370	1382	1495	1560	1853	2004	2887	3122	3238	3429	3480	
451	495	615	854	1073	1176	1476	1494	1605	3710	
1228	1457	1463	1504	1526	1685	1819	2621	2645	2686	2919	3035	3060	3148	3500	4923	
102	128	585	1067	1091	1211	1244	1441	1515	1782	2385	
8	44	257	401	491	694	962	1119	1163	1520	1586	1890	2075	2296	3153	3382	3466	3745	
414	510	951	1100	1232	1312	1547	1579	2132	2332	2337	2484	2531	2644	2759	2848	3078	3455	3710	3787	3854	3937	
99	334	398	422	633	816	1103	1563	1715	2109	
82	547	787	788	1013	1205	1409	1693	2243	4839	
509	1168	1518	1595	1621	1720	1754	1906	2190	2234	2390	2533	2816	3116	3210	3252	3285	3384	3519	3855	3883	4055	4085	
60	105	266	379	399	780	1031	1160	1165	1308	1340	1374	1459	1600	1768	1881	1983	1995	2356	2384	2476	2536	2810	2901	2971	3037	3113	3272	3388	3476	3680	3797	3915	4011	4161	4239	4269	4299	4406	4509	4522	4564	4652	4778	4828	
86	209	211	377	383	490	635	822	965	976	1730	1884	1937	2042	2055	2096	2802	2877	2930	3034	3040	3262	3340	3341	3472	3597	3876	3998	4118	4277	4296	4374	4562	4642	4653	4698	4725	4909	4923	
94	358	470	594	716	1234	1582	1719	1929	1969	2076	2349	2461	2542	2707	2712	2783	2884	3115	3182	3279	3321	3900	3929	3969	4106	4161	
829	867	927	1033	1444	1486	1980	2073	2392	2571	2578	2675	3143	3336	3365	3450	3528	3537	3573	3625	3635	3788	3894	3916	3981	4258	4342	
109	278	750	940	1217	1255	1655	1964	2442	2491	2508	2540	2541	2608	2697	2746	2808	2857	3271	3461	3464	3485	3852	3875	3878	4048	4160	4259	4387	
28	83	258	276	279	559	670	715	749	760	777	960	1016	1065	1178	1209	1279	1828	1933	2064	2501	2750	2917	2941	3036	3039	3090	3142	3165	3199	3451	3569	3734	3770	3771	3918	4039	4040	4145	4176	4231	4233	4268	4298	4320	4454	4606	4665	4675	4797	4799	4849	4874	4891	4912	4932	4940	
92	154	791	1149	1207	1747	1962	1993	2080	2779	2795	2869	3043	3294	3527	4882	
229	720	992	1320	1465	1487	1552	2092	2112	2166	2236	2620	2754	2889	
22	66	524	575	609	785	821	1170	1223	1227	1772	1932	2038	2097	2175	2331	2414	2668	2777	2878	3173	3363	3405	3434	3555	3716	3815	3889	4005	4071	4180	4191	4226	4280	4330	4423	4496	4618	4626	4629	4674	4776	4792	4802	4940	
210	457	573	695	968	1107	1174	1222	1815	2074	
42	71	77	306	410	696	1060	1153	1250	1509	1622	1662	1840	1895	1941	2023	2124	2189	2209	2239	2267	2278	2359	2477	2605	2722	2765	2840	2898	3005	3026	3046	3248	3330	3372	3402	3409	3428	3548	3599	3746	3928	3983	4007	4053	4165	4248	4294	4419	4455	4513	4794	4834	
103	348	479	1171	1434	1523	1590	1902	1991	2303	2454	2651	2862	
213	465	876	896	1229	1311	1585	1661	1691	1726	1944	2361	2926	2929	3162	3585	4882	
33	34	511	579	773	824	979	1008	1009	1090	1128	1196	1198	1314	1353	1377	1451	1478	1554	1791	1797	1811	1826	1861	1888	1943	1949	2036	2145	2202	2241	2705	2846	2965	2967	3023	3029	3124	3133	3183	3200	3274	3286	3318	3567	3667	3801	3973	4271	4285	4361	4387	4477	4549	4555	4576	4678	4692	4855	4935	4950	4965	
133	146	242	671	675	851	965	1032	1231	1627	1813	1874	2002	2099	2131	2266	2448	2717	2728	3076	3160	3559	3648	3932	3972	3988	4022	4106	4312	4484	4923	
54	352	513	976	1317	1319	1373	1375	1521	1832	2045	2155	2940	3066	3250	3531	3596	3662	3775	3828	4037	4076	4135	4198	4242	
55	56	201	270	295	400	481	494	622	687	725	770	915	987	1116	1242	1371	1407	1423	1609	1817	1958	2095	2182	2197	2260	2311	2334	2552	2597	2601	2604	2649	2752	3059	3198	3342	3381	3632	3643	3678	3708	3838	3846	3848	3979	4073	4087	4209	4387	4391	4458	4547	4632	4716	4744	4784	4841	4882	4900	
534	667	689	875	1238	1492	2431	2598	2632	2693	2807	2999	
641	757	1534	1694	1735	2081	2173	2348	2394	2582	2694	3074	3191	3203	3378	4880	
25	50	118	187	260	267	382	389	423	745	755	811	886	1046	1229	1233	1416	1438	1468	1547	1651	1739	1910	1925	2027	2115	2160	2205	2305	2408	2466	2496	2563	3067	3079	3168	3184	3260	3314	3349	3443	3453	3529	3602	3668	3724	3726	3747	3768	3789	3997	4124	4213	4234	4237	4308	4383	4518	4619	4666	4675	4690	4736	4741	4823	4871	4895	4907	4951	4972	4986	4989	
16	176	223	525	823	856	870	934	1123	1139	1226	1286	1334	1356	1384	1424	1498	1555	1674	2031	2056	2180	2193	2286	2517	2630	3017	3530	3566	3571	3832	4200	4301	4342	4410	4471	4613	4615	4679	4733	
7	155	300	435	628	634	732	941	958	978	1278	1338	1557	1569	1936	2127	2371	2648	2667	2782	2793	2924	2958	2976	3003	3021	3056	3172	3636	3727	3778	3864	3868	4286	4344	4658	4660	4697	4880	
5	40	72	147	177	230	432	1422	1675	2150	2391	2587	2700	2882	3479	3520	
205	283	535	690	710	815	1082	1252	1326	1389	1405	1532	1636	1841	2104	2169	2467	2609	2937	3077	3297	3364	3459	3763	3783	3823	3873	3908	4015	4047	4186	4420	4479	4507	4542	
65	80	145	193	515	564	709	758	895	1041	1367	1570	1607	1669	2024	2107	2237	2511	2944	3015	3034	3137	3291	3356	3506	3560	3792	3818	3844	3925	4003	4123	4136	4181	4273	4349	4357	4415	4504	4676	4686	4700	4758	4764	4777	4781	4842	
3	339	841	1030	1047	1081	1126	1404	1806	2262	2546	2774	3247	3300	4391	
135	419	471	931	1177	1413	1630	2168	2238	4909	
29	46	156	413	553	574	582	781	1002	1057	1058	1258	1261	1267	1282	1470	1547	1762	1867	1870	1879	1996	2003	2119	2208	2268	2363	2376	2400	2444	2561	2583	2724	2908	2925	3000	3197	3253	3257	3268	3322	3477	3540	3766	3867	3933	4032	4193	4236	4253	4260	4335	4416	4478	4493	4501	4512	4595	4713	4722	4915	4936	4971	4978	
614	639	651	673	1118	1150	1251	1431	1652	2101	2708	2962	3096	3270	3370	3445	
276	540	566	953	986	1085	1156	1197	1225	1269	1274	1360	1408	1417	1493	1507	1629	1680	1700	1801	1913	1973	1985	2020	2146	2198	2285	2302	2314	2458	2723	2903	3053	3111	3368	3587	3608	3919	3924	3926	3949	3970	4014	4045	4066	4086	4089	4099	4170	4391	4732	4746	4752	4786	4796	4962	
571	676	708	826	1298	1779	1783	2043	2472	2506	2663	3014	3454	3471	3496	3539	3577	
188	484	655	735	830	998	1837	2144	2416	2647	2740	3132	3140	3577	
174	328	1194	1497	1728	1872	1901	2129	2470	2515	2565	2913	3006	3350	3407	
53	108	110	171	346	480	537	703	1179	1987	2567	2713	
169	221	276	344	345	409	449	469	557	561	632	658	1266	1378	1589	1834	1947	2019	2022	2148	2195	2210	2220	2235	2322	2437	2449	2564	2781	3287	3418	3514	3541	3577	3603	3710	3711	3737	3741	3759	3819	3881	3942	3968	4058	4103	4304	4391	4432	4466	4480	4506	4608	4645	4689	4779	4809	4814	4837	4847	4868	4880	4914	4927	4973	4982	4988	
50	132	271	310	326	417	454	538	581	669	1023	1036	1068	1132	1161	1290	1372	1395	1452	1709	1730	1737	1821	1905	1981	2111	2275	2341	2373	2386	2446	2490	2548	2622	2634	2643	2650	2760	2771	2791	3048	3217	3290	3333	3360	3430	3586	3688	3690	3693	3713	3840	3912	3913	3953	4033	4146	4192	4206	4350	4387	4443	4490	4638	4651	4789	4861	4887	4888	4889	4937	4953	4954	4974	4983	4987	4991	
353	461	542	604	664	743	862	887	1052	1247	1354	1485	1565	1613	1704	1716	1823	2355	2398	3166	3298	3412	3710	3720	3762	3893	4235	4250	4287	4367	4538	4543	4545	4568	4569	4643	4657	4682	
63	76	164	228	301	376	613	629	652	810	931	965	1015	1218	1265	1275	1280	1338	1387	1393	1428	1612	1741	1765	1796	1859	1952	2068	2090	2158	2403	2406	2535	2545	2619	2631	2635	2858	2867	2992	3088	3161	3231	3239	3251	3288	3342	3572	3605	3697	3698	3721	4108	4151	4223	4288	4429	4463	4494	4500	4514	4546	4597	4625	4704	4710	4717	4743	4773	4785	4798	4826	4832	4875	4892	4970	
51	178	239	341	408	552	786	1043	1164	1291	1304	1410	1592	1727	1767	1871	2017	2319	2401	2628	2685	2800	2863	3273	4189	4318	4321	4324	4882	
138	243	304	335	440	541	701	790	819	853	981	1020	1092	1099	1188	1230	1549	2047	2138	2176	2179	2232	2320	2418	2573	2989	3179	3249	3277	3281	3302	3343	3515	3579	3653	3767	3927	3931	3985	4184	4194	4323	4347	4612	4617	4681	4801	4815	4852	4902	4913	
6	50	203	303	336	347	406	436	576	646	865	924	976	1088	1162	1192	1263	1398	1503	1568	1730	1829	1848	1892	2062	2089	2126	2147	2165	2187	2221	2397	2460	2482	2488	2507	2698	2744	2993	3019	3022	3052	3186	3316	3404	3490	3526	3866	3902	4113	4132	4168	4178	4245	4283	4462	4467	4560	4622	4631	4633	4672	4685	4761	4775	4803	4859	4876	4881	4886	4890	4947	4999	
139	351	364	368	1299	1381	1429	1631	1643	2136	2553	2812	
674	795	1202	1957	1960	2134	2344	2378	2434	2520	2579	3055	3121	3222	
340	1097	1329	1445	2007	2178	2420	2539	2764	2872	2899	2927	3237	3375	3516	
415	429	764	776	1029	1134	1363	1426	1576	1597	1864	1975	2136	2149	2163	2170	2183	2483	2528	2692	2950	3101	3175	3304	3325	3385	3591	3592	3731	3739	3748	3827	3948	4434	4488	4515	4548	4553	4554	4574	4592	4624	4711	4750	4790	
683	858	912	1064	1733	1787	1869	1922	1924	2052	2082	2412	2569	2787	2885	3324	3475	3504	3825	3860	4051	4100	4101	4228	4391	
445	595	684	957	1004	1335	1513	1687	1725	1831	2853	2949	3075	3127	3213	
214	233	443	630	682	1111	1633	1752	1862	1891	1908	2479	2822	2868	3018	3073	3221	3278	3398	3410	3425	3888	4079	4155	4240	4297	4317	4397	4442	4940	
153	374	879	955	965	1024	1078	1288	1390	1447	1454	1776	1865	1934	1955	1988	2251	2284	2566	2586	2625	2727	2737	2743	2834	3007	3400	3491	3659	3705	3856	3861	3995	4056	4156	4174	4220	4278	4326	4329	4400	4403	4435	4453	4668	4727	4840	4866	
217	281	506	733	1022	1069	1129	1362	1469	2013	2640	2817	2963	3084	3386	3441	3442	3462	3682	3909	
50	88	446	560	599	996	1028	1102	1169	1330	1341	1619	2121	2216	2328	2366	2415	3150	
93	371	863	908	1083	1388	1446	1836	2264	2546	
134	366	543	869	910	1056	1115	1277	1306	1307	1368	1394	1602	1679	1705	1790	1807	2070	2154	2184	2201	2293	2329	2342	2611	2682	2735	2819	2914	3118	3130	3230	3478	3689	3761	3851	3967	4046	4061	4092	4140	4274	4409	4411	4517	4661	4663	4688	4696	4737	4749	4757	4769	4884	4902	4961	
226	530	843	871	931	1191	1500	1516	1608	1639	1724	1753	2270	2428	2607	2673	2767	2866	3063	3068	3331	3565	3709	3779	3841	3865	4139	4401	4675	
26	249	717	1039	1098	1412	1475	1618	1658	1683	1717	1882	1958	2032	2249	2263	2381	2778	3192	3296	3816	
115	150	329	439	532	624	681	779	1070	1106	1201	1229	1273	1293	1641	1699	1994	2012	2114	2831	2865	2895	3211	3681	3849	
19	95	168	212	273	275	305	318	372	381	426	438	568	617	774	808	847	942	976	1062	1144	1155	1283	1912	1923	2085	2199	2450	2562	2574	2655	2665	2730	2769	2815	2839	2920	2952	3049	3081	3311	3338	3342	3387	3416	3446	3487	3551	3630	3813	3959	4122	4354	4412	4451	4459	4558	4639	4640	4695	4825	4830	4902	4933	4976