70	361	928	1464	1507	2124	2162	2427	2524	2850	3034	3074	3242	3570
63	853	908	924	948	1199	1206	1211	1486	1752	2100	2161	2228	2348	2574	2662	2894	3049	3196	3331	3667	3823	3861	3904	4090	4110	
33	91	291	539	565	1011	1155	1176	1679	1914	1929	1931	2040	2089	2107	2208	2243	3601	3856	4133	
117	272	374	986	1204	1378	1766	2753	2934	3041	3305	3319	3427	3577	3642	3752	3829	
255	287	350	403	460	610	723	803	916	955	980	1104	1340	2231	2294	2594	2699	2754	2863	2884	3295	3573	3673	3735	4029	4104	4174	4293	4413	4549	4636	4659	4949	4978	
248	724	929	958	996	1201	1286	1365	1812	1823	1838	2078	2847	2996	3101	3227	3235	3343	3641	3766	3835	4120	4151	4194	4283	4402	
291	641	838	950	1099	1301	1516	1681	1695	2200	2246	2276	2376	2528	2719	3502	3521	3647	3724	3747	4010	4032	4136	4149	4351	4355	4517	4978	
29	166	174	455	852	1419	1519	1914	2006	2397	2421	2510	2704	2759	3156	3268	3452	3738	3853	4166	4989	
239	456	537	630	732	977	1194	1321	1383	1533	1536	1668	1753	2122	2393	2400	3609	3646	4671	
157	386	512	763	1112	1190	1270	1721	1889	2114	2229	2286	2323	3516	
71	123	252	276	540	672	1084	1146	1400	1587	1821	1865	1967	2062	2349	2391	2408	2481	2615	2907	2968	3570	3669	3702	3737	3901	4167	4252	4258	4434	4565	4642	
274	365	499	624	1034	1284	1613	2241	2365	2609	2737	2842	
118	291	479	500	553	581	591	716	768	779	897	984	1110	1221	1236	1306	1505	1596	1793	1874	2058	2091	2142	2215	2349	2383	2445	2512	2523	2670	2691	2692	2833	2991	3326	3375	3441	3486	3505	3518	3775	3820	3829	3906	4105	4299	4353	4390	4392	4505	4724	4832	4852	4960	4969	4971	
238	421	571	751	809	878	968	1071	1191	1266	1329	1568	1677	1807	1828	1908	2008	2011	2091	2109	2251	2382	2394	2556	2646	2648	2849	2950	3068	3078	3083	3243	3508	3650	3693	3785	3842	3847	3911	4380	4473	4573	4574	4734	4752	4848	4874	
49	108	139	493	583	584	603	653	669	971	1042	1216	1318	1410	1569	1621	1638	1646	1756	1814	1835	1928	2130	2309	2350	2549	2839	3071	3087	3131	3231	3258	3264	3381	3433	3439	3632	3633	3653	3696	3730	3755	3768	3818	3829	3830	3833	3860	3889	3945	3995	4018	4100	4103	4112	4276	4378	4415	4424	4452	4623	4625	4631	4649	4692	4714	4742	4785	4803	4804	4856	4907	4931	4966	4999	
561	639	1036	1125	1243	1357	1407	1498	1552	1564	1594	1745	1910	2081	2091	2258	2341	2353	2401	2541	2576	2671	2750	3057	3091	3418	3423	3553	3580	3606	3680	3702	3707	4085	4214	4532	4575	4576	4628	4721	4949	
1	222	310	315	408	489	520	818	858	1044	1067	1081	1153	1202	1234	1313	1426	1462	1599	1627	1634	1784	1846	1916	2281	2328	2333	2478	2595	2713	2725	2828	3058	3121	3216	3262	3306	3449	3533	4001	4235	4249	4265	4317	4346	4437	4792	
36	153	497	848	910	949	1076	1157	1212	1258	1303	1372	1430	1438	1484	1840	2141	2303	2336	2900	3044	3246	3277	3378	3480	3583	3918	
5	21	87	144	443	566	589	674	745	787	790	826	862	990	1337	1345	1395	1527	1649	1652	1938	1998	2015	2017	2183	2466	2551	2666	2780	2846	2902	2917	2972	3006	3099	3110	3616	3661	3672	3684	3702	3789	3795	3928	3955	3999	4011	4129	4224	4382	4552	4672	4683	4696	4799	4804	4878	4977	4980	
72	73	146	496	658	1051	1060	1731	1943	2250	3425	
27	55	292	293	300	401	461	480	572	632	700	711	831	926	1316	1339	1393	1483	1485	1570	1589	1607	1883	1950	1959	1991	2007	2029	2033	2066	2172	2390	2419	2496	2642	2643	2994	3029	3039	3175	3177	3187	3251	3341	3362	3389	3477	3574	3591	3660	3880	3921	3952	4230	4305	4308	4341	4364	4421	4448	4454	4523	4550	4598	4638	4645	4647	4688	4689	4698	4745	4747	4779	4835	4858	4893	4904	4991	
253	345	431	879	983	1628	1697	2138	2221	2838	2856	2974	
234	571	813	876	1390	1592	1819	1830	1837	2004	2690	2954	3128	3425	4904	
149	647	940	976	1023	1151	1214	1235	1290	2502	
1126	1220	1380	1490	1566	1615	1854	2098	2283	2450	
837	1095	1356	1593	1825	2261	2313	2525	2794	3075	3076	3178	3425	
133	290	1045	1064	1451	1501	1653	2257	4133	4671	
80	477	563	587	969	1028	1134	1195	1256	1269	1387	1482	1671	1727	1820	1863	2198	2557	2564	2653	2663	2798	3003	3032	3410	3503	4142	4279	4391	
35	201	383	492	824	960	1691	2037	2091	2177	
10	17	20	120	349	396	400	534	588	619	650	775	882	1024	1097	1118	1143	1188	1440	1876	1996	2123	2186	2195	2266	2277	2280	2461	2463	2721	2808	2833	3007	3097	3100	3144	3150	3191	3358	3403	3522	3568	3594	3599	3805	3885	4000	4013	4014	4038	4056	4137	4173	4250	4301	4320	4328	4331	4396	4463	4466	4701	4804	4821	4864	4912	4970	4981	4993	
112	230	254	368	389	460	488	842	946	992	1141	1436	1471	1562	1781	1831	1844	2025	2214	2259	2499	2526	2618	2818	2824	2885	2975	3143	3230	3245	3307	3308	3309	3357	3520	3586	3731	3844	3858	3929	4048	4049	4089	4122	4449	4498	4646	4673	4678	4809	4868	4873	4884	4950	4952	
173	216	324	381	1224	1248	1351	1549	1684	1948	2149	2678	3017	3241	3249	3493	3527	3708	3725	3801	3810	3972	4079	4121	4403	4420	
8	85	95	145	710	1105	1260	1551	1606	1768	1799	1804	1850	2016	2289	2422	2426	2661	3183	3297	3445	3589	3722	3760	3912	4147	4161	
71	313	459	526	793	798	821	881	889	1092	1131	1164	1288	1320	1503	1629	1794	1951	2069	2140	2205	2207	2270	2292	2298	2327	2363	2384	2534	2535	2688	2736	2836	3015	3090	3118	3225	3247	3293	3359	3391	3461	3576	4034	4253	4312	4368	4395	4501	4551	4599	4648	4723	4820	4904	4920	4941	4947	4996	
61	172	673	823	845	1047	1193	1271	1292	1463	1591	2049	2197	2586	2634	2796	3453	3474	3720	3748	3940	3988	4181	4273	4358	4388	
462	718	1453	1496	1544	1583	1732	1856	1976	2273	2349	2554	
79	246	899	1281	1724	1762	1857	1882	2479	2531	2931	2948	3280	3370	3484	4628	
66	113	182	217	242	243	423	438	446	495	622	646	808	850	922	935	1093	1116	1130	1297	1425	1497	1514	1580	1647	1652	1657	1660	1754	1802	1806	1900	2165	2178	2222	2288	2570	2575	2610	2624	2722	2728	2774	2859	3221	3284	3292	3363	3364	3458	3471	3522	3643	3796	3915	3966	4006	4043	4271	4502	4546	4579	4595	4604	4640	4700	4726	4727	4777	4823	4928	4929	4942	4983	4988	
457	529	548	694	864	894	1058	1612	1718	1895	1909	2112	2655	2771	3122	3347	3654	3804	
196	199	411	533	695	919	1090	1241	1412	2129	
420	468	552	585	717	994	1016	1108	1421	1861	1868	1974	2083	2210	2310	2676	2752	2793	2823	2911	2977	3091	3377	3631	3758	3809	3870	3883	3896	3902	3986	4042	4044	4109	4154	4242	4365	4374	4504	4521	4529	4635	4675	4687	4710	4788	4811	4871	4887	4917	4934	4943	4976	4990	
369	839	931	1041	1449	1475	1559	1899	2030	2196	2942	
206	235	304	379	1005	1183	1200	1368	1447	1450	1582	1725	1760	1921	2278	2284	2302	2385	2695	2882	3140	3146	3167	3199	3361	3625	3665	3816	4067	4083	4102	4192	4205	4285	4379	4471	4601	4712	4764	4794	4904	
83	360	416	618	701	735	917	1213	1459	1548	1609	2537	2785	2811	2852	2870	2904	2918	2925	3201	3210	3468	3478	3635	3941	4002	4274	4352	4376	4568	4605	4616	4804	
31	60	74	99	422	467	469	474	486	571	664	772	817	855	884	1098	1165	1267	1287	1328	1455	1560	1659	1757	1761	1769	1774	2023	2082	2133	2252	2270	2300	2301	2331	2354	2491	2584	2600	2731	2740	2875	3035	3155	3170	3244	3301	3338	3437	3554	3715	3723	3779	3971	4015	4097	4175	4213	4311	4361	4412	4453	4469	4492	4711	4718	4754	4784	4826	4844	4853	4862	4866	4890	4892	4919	4979	
11	393	511	772	779	828	890	1169	1219	1300	1389	1429	1460	1467	1557	1599	1631	1713	1801	1852	1993	2108	2263	2317	2359	2503	2658	2819	2854	3019	3165	3226	3490	3529	3551	3623	3655	3713	3721	3772	3777	3876	4040	4050	4199	4261	4370	4527	4537	4586	4612	4644	4653	4889	4940	4948	4958	4972	
178	215	376	424	524	545	720	1103	1247	1315	1751	2202	2443	2606	2763	3020	3404	3636	3788	
154	240	1111	1435	2131	2312	2431	2685	2963	3106	3148	3303	3456	3530	3544	3734	3957	4989	
93	106	209	342	506	597	816	847	1119	1198	1474	1528	1892	2034	2080	2212	2296	2434	2732	2807	3257	3298	3320	3365	3371	3525	3692	3718	3792	3799	3908	3936	3970	4058	4077	4263	4423	4438	4676	4717	4765	4780	4833	4881	
262	388	829	925	957	1310	1353	1602	1650	1674	1884	1901	1914	2079	2168	2407	2517	2625	2672	2701	2901	2912	2915	2957	3082	3198	3416	3488	3541	3626	3668	3745	3784	3829	3866	4165	4217	4240	4389	4509	4512	4614	4627	4693	4702	4718	4776	4786	4828	4831	
241	301	328	1035	1039	1289	1499	1737	1816	1866	2050	2264	2514	2946	3030	3217	3548	3850	3895	3914	3927	4210	
9	125	281	305	460	815	825	902	923	1758	2118	2611	2832	2851	3108	3314	3438	3570	3867	3931	4170	4200	
40	56	98	119	152	284	405	590	615	659	660	725	728	1136	1276	1333	1386	1392	1461	1512	1539	1633	1694	1719	1736	1740	1759	1816	2019	2028	2042	2057	2128	2403	2424	2436	2448	2619	2680	2766	3004	3018	3091	3139	3153	3157	3169	3205	3279	3379	3396	3464	3475	3539	3562	3567	3770	3783	3832	3915	3998	4062	4063	4236	4452	4520	4525	4538	4582	4589	4628	4652	4703	4708	4763	4772	4923	4975	4984	
1008	1021	1259	1268	1312	1465	2038	2395	2473	2597	2937	3256	3387	3535	3564	
7	24	67	129	165	297	437	458	517	580	623	750	767	801	830	1029	1062	1121	1223	1261	1330	1632	1645	1696	2061	2064	2085	2086	2187	2255	2332	2366	2477	2726	2756	2964	3031	3171	3207	3283	3321	3590	3651	3702	3939	3962	4022	4026	4078	4281	4298	4306	4465	4487	4545	4618	4655	4685	4704	4817	4965	
54	189	233	312	538	586	835	846	1065	1075	1089	1144	1363	1487	1563	1565	1707	1888	1938	1961	2046	2051	2233	2249	2339	2347	2380	2439	2456	2459	2519	2768	2827	2857	2920	3077	3219	3225	3267	3346	3405	3560	3640	3740	3871	4037	4080	4160	4195	4204	4282	4330	4470	4471	4503	4556	4584	4663	4718	4810	4838	4843	4927	4937	4955	4962	
86	273	588	671	1495	1618	1808	1832	1853	1927	2340	2345	2398	2511	2639	2640	2711	3021	3093	3151	3194	3203	3355	3706	3762	3869	3900	3978	3991	4096	4234	4324	4528	4654	
134	138	147	231	319	380	404	476	633	686	812	936	947	1192	1335	1541	1558	1662	1716	1750	1930	2143	2268	2620	2668	2903	2944	2962	3046	3064	3073	3127	3285	3339	3483	3584	3806	3877	3878	4065	4384	4405	4497	4617	4731	4768	4875	
46	282	478	557	558	764	970	1385	1405	1526	1743	2066	2509	2589	2809	3130	3270	3705	3710	3791	3855	3923	4031	4124	4207	4303	4445	4496	4511	4580	4630	4804	
109	226	258	364	374	542	702	753	776	805	895	1079	1293	1778	1904	1936	1957	2077	2094	2175	2433	2441	2470	2538	2664	2762	2888	3253	3336	3470	3531	3550	3552	3619	3679	3938	4125	4168	4211	4216	4270	4439	4662	4855	
53	224	266	343	440	541	645	665	703	762	1025	1215	1525	1658	1661	1942	2120	2248	2464	2474	2858	3182	3340	3376	3446	3482	3572	3678	3711	3750	3811	3944	4201	4241	4416	4455	4478	4499	4632	4682	4686	4713	4718	4769	4816	4836	4841	4849	4882	4939	4951	4967	
329	771	909	1263	1361	1747	1790	2169	2311	2438	2568	2727	2790	3149	3236	3558	
76	77	183	188	392	426	427	481	523	727	1013	1050	1149	1925	2287	2442	2465	2571	2598	2660	2739	2982	3447	3932	4020	4021	4028	4074	4208	4226	4327	4522	4666	4989	
12	39	121	356	374	487	494	505	742	747	851	978	1100	1117	1156	1299	1382	1651	1700	1809	1947	2054	2209	2227	2238	2650	2865	3088	3260	3431	3615	3682	3761	3815	4132	4225	4339	4426	4430	4728	4733	4744	4842	4989	
94	264	338	635	953	1522	1827	1845	2826	2959	3009	4452	
140	336	394	471	535	592	628	1186	1239	1349	1476	1742	1803	1816	1990	2001	2306	2449	2467	2513	2760	2928	2973	3062	3238	3335	3399	3425	3443	3479	3506	3600	3829	3973	4141	4158	4251	4411	4431	4486	4680	4709	4730	4736	4819	4825	4897	4916	
501	568	616	875	898	1032	1160	1172	1785	1817	1858	1969	2097	2153	2483	2707	3349	3566	4070	4721	
275	640	746	1073	1478	1492	1797	1887	1890	1937	1986	2308	2415	2898	3454	3639	3722	
88	170	227	228	278	299	617	779	849	915	1078	1132	1295	1334	1530	1686	1744	1765	1907	1914	2285	2318	2349	2414	2428	2501	2520	2616	3233	3374	3435	3522	3557	3598	3743	4086	4087	4323	4333	4471	4485	4494	4562	4607	4741	4758	4781	4795	4900	4938	4978	
176	374	397	1230	1388	1688	2136	2173	2181	2755	2786	3116	3123	
43	71	269	322	334	395	412	429	514	551	688	693	719	739	791	797	808	1398	1427	1494	1542	1620	1712	1788	1833	1913	1965	1987	2247	2596	2772	2783	2833	2883	2892	3045	3072	3275	3565	3659	3742	3826	3899	3989	4023	4159	4190	4286	4321	4335	4401	4464	4489	4577	4592	4610	4661	4677	4722	4760	4895	4905	4986	
71	249	442	451	546	885	972	1113	1162	1255	1454	1579	1608	1664	1783	1822	2105	2126	2566	2635	2717	3008	3302	3367	3614	3648	3967	4052	4139	4245	4247	4490	4514	4516	4553	4572	4761	4771	4778	4801	
453	547	999	1654	1764	1912	2026	2921	3037	3197	3239	3397	3722	
34	156	309	357	466	498	744	1018	1147	1254	1399	1771	1917	2220	2675	3125	3192	3312	3386	3813	4118	4243	4284	4315	4978	
38	398	709	1102	1163	1217	1285	1298	1683	2036	2203	2275	2304	2377	2418	2476	2891	2983	3023	3261	3316	3408	3465	3630	3937	4152	4171	4367	4394	4456	4524	
18	110	116	250	530	573	814	844	1448	1554	1630	1672	1958	2096	2305	2804	2941	3028	3360	3571	3756	3872	3979	3983	4053	4399	4475	4537	4571	
609	657	1049	1428	1816	2346	2480	2497	2724	2743	2978	3117	3126	
102	131	945	1376	1655	1701	1988	2299	2583	2673	2705	3065	3142	3152	3266	3369	3675	3716	4045	
32	371	503	569	697	780	843	966	1068	1166	1575	1975	2199	2216	2501	2542	3188	3332	3455	3498	3537	3561	3793	3821	3874	3907	3977	4164	4238	4537	4560	4620	
132	190	377	525	613	636	638	707	713	891	941	959	1017	1031	1142	1178	1187	1445	1782	1813	1877	2106	2111	2237	2256	2372	2444	2560	2630	2689	2729	2747	3047	3080	3174	3255	3311	3345	3383	3532	3699	3803	3864	3894	3997	4130	4371	4372	4425	4452	4460	4495	4533	4558	4583	4669	4750	4814	4915	4936	
127	236	288	296	987	1456	1611	1678	1708	2075	2184	2338	2342	2591	2633	3027	3472	3575	3578	3868	3925	3953	4119	4183	
163	171	340	483	593	799	930	1373	1953	1980	2000	2240	2279	2440	2561	2923	2967	2985	3053	3066	3288	3540	3595	4016	4033	4057	4157	4178	4255	4268	4417	4554	4569	4629	4670	4732	4746	
260	325	472	475	796	802	962	1472	1625	1637	1640	1641	1706	1938	1956	2045	2135	2361	2458	2545	2559	2742	2789	2797	2799	2908	2949	2969	2999	3038	3237	3421	3495	3514	3545	3879	4008	4123	4232	4534	4656	4729	4770	
75	180	237	295	366	373	484	594	598	607	781	927	1019	1401	1424	1468	1480	1540	1690	1739	1834	1847	1985	2084	2244	2486	2527	2579	2587	2601	2628	2792	2795	2831	2866	2929	2976	2979	2981	3119	3274	3417	3485	3519	3644	3649	3719	3800	3968	4144	4256	4269	4275	4292	4302	4435	4488	4544	4597	4602	4695	4719	4737	4766	4767	4954	4989	
30	92	137	205	247	391	621	730	795	859	868	921	979	1066	1124	1196	1218	1291	1446	1470	1643	1669	1699	1842	1897	1914	1966	2074	2137	2322	2364	2462	2501	2515	2644	2735	2778	2815	2830	3081	3095	3159	3211	3248	3250	3272	3313	3515	3517	3528	3605	3628	3690	3698	3714	3771	3862	3980	3990	4061	4073	4202	4218	4329	4643	4859	4886	4902	4913	4949	4961	
159	738	880	1227	1322	1723	1989	2159	2552	2631	3398	4079	4133	
193	473	485	1167	1184	1278	1408	1437	1576	2060	2580	2940	3050	3424	
82	314	363	367	432	491	662	944	1168	1458	1702	2003	2324	2362	2423	2447	2565	2612	2958	2986	2992	3092	3108	3507	3538	3794	3825	3836	3854	3994	4069	4182	4318	4432	4436	4578	4588	4634	4805	4824	
191	311	333	375	470	975	998	1133	1138	1354	1420	1491	1841	2270	2316	2405	2472	2507	2607	2745	2773	2936	3392	3434	3658	3797	3841	3863	4076	4128	4322	4471	4564	4664	
126	337	439	748	782	808	900	932	988	1009	1072	1207	1656	1933	2262	2330	2410	2469	2501	2516	2716	3025	3209	3333	3384	3610	3776	3827	3886	4005	4092	4134	4148	4153	4212	4296	4377	4433	4500	4535	4658	4690	4691	4743	4790	
71	187	413	571	794	811	1086	1538	1979	2145	2157	2269	2485	2805	2893	3132	3629	3704	
118	436	550	612	620	649	729	820	1038	1106	1114	1182	1553	1999	2150	2355	2435	2775	2952	3158	3543	3662	3807	3910	4035	
708	973	1396	1504	1556	1619	1859	2055	2139	2188	2614	2860	2878	3354	3512	3587	3851	3890	
302	754	1481	1537	1855	1872	1939	1949	2176	2437	
58	271	428	602	608	833	841	918	2027	2104	2163	2375	2712	3048	3287	3780	
169	204	1150	1159	1509	1601	1994	2020	2370	2550	2693	
194	772	779	789	1567	1775	1791	1816	2066	2125	2152	2192	2371	2880	3366	3491	3694	3887	
19	130	160	268	330	352	685	822	1120	1154	1622	1709	2154	2757	3056	3129	3462	3492	3727	3926	3960	4113	
528	737	1251	1676	1848	2194	2272	2282	2388	4721	
168	280	627	1128	1311	1359	2409	2469	2622	2738	
6	16	195	245	306	326	574	595	933	1294	1432	1550	1839	1940	2558	2657	2862	2947	3055	3448	3556	3732	4114	
14	118	211	374	417	600	645	757	773	961	1020	1317	1500	1581	1704	1798	1860	1923	1945	1946	1984	1997	2056	2092	2099	2218	2501	2659	2881	2914	2922	3026	3133	3411	3652	3782	3930	4237	4480	4482	4493	4651	4802	4830	4865	
69	207	544	699	860	886	964	1077	1175	1639	1675	1879	1905	1964	2115	2254	2402	2604	2632	2748	2941	2965	3223	3265	3291	3419	3622	3624	3992	4262	4288	4343	4360	4387	4478	4606	4628	4697	4775	
348	515	903	1233	1384	1598	2101	2325	2585	2710	2788	2812	3042	3054	3114	3138	3212	3254	3282	3328	3337	3893	4143	4223	4319	4530	4537	
192	220	518	588	683	836	854	1129	1735	2225	2295	2374	2460	2572	2956	3234	3676	3786	3916	3993	4054	4072	4079	4138	4290	4294	4451	
62	115	251	327	519	549	670	956	1026	1413	1605	1885	2132	2498	2504	2543	2871	2939	2997	3232	3426	3500	3769	3831	3917	4009	4019	4260	4450	
2	135	294	303	351	516	555	575	652	755	1061	1161	1173	1324	1532	1561	1635	1663	1711	1728	1749	1954	1971	2053	2146	2314	2536	2608	2825	2905	2938	3147	3304	3356	3409	3429	3476	3549	3563	3579	3846	3915	3954	4146	4180	4228	4344	4428	4458	4561	4593	4798	4808	4827	4839	4908	4914	
347	625	1069	1246	1305	1610	2378	2553	2592	2784	3033	3098	3603	3657	3677	3685	
41	167	317	415	869	1506	1746	1826	2024	2201	2352	2429	2816	3555	
197	425	599	645	736	807	1006	1057	1074	1229	1249	1262	1875	2190	2224	2321	2379	2532	2667	2700	2955	3160	3200	3208	3289	3323	3390	3570	3604	3638	3764	3843	3903	3961	4068	4127	4145	4222	4397	4406	4407	4408	4603	4735	4762	
570	655	1698	1977	2213	2319	2392	2417	2563	3108	
42	136	308	384	726	800	806	832	883	888	1304	1358	1367	1443	1577	1789	1869	1893	1898	1992	2102	2396	2399	2412	2767	2887	3224	3276	3296	3450	3460	3509	3559	3569	3621	3674	3697	3712	3767	3798	4060	4082	4155	4215	4444	4446	4478	4596	4694	4721	4818	4891	4973	
760	920	967	1059	1087	1360	1786	1894	2021	2167	2674	2746	3102	
44	353	409	676	681	698	907	1040	1148	1938	2110	2291	2530	2769	2899	3012	3022	
3	50	81	463	510	691	1091	1137	1226	1231	1252	1275	1722	1862	2022	2066	2072	2103	2144	2171	2191	2386	2647	2706	2720	2730	2927	2932	2951	3070	3225	3300	3373	3444	3496	3588	3717	3808	3828	3865	3882	3933	3951	3976	4012	4106	4133	4254	4477	4541	4608	4624	4657	4660	4748	4806	4807	4822	4850	4901	4946	4968	
318	320	447	513	588	634	1140	1331	1513	2093	2381	2387	2416	2654	2800	2890	2961	3016	3294	3299	3406	3581	3617	3683	3754	4047	4079	4084	4297	4350	4471	
107	244	576	906	1253	1574	1938	2041	2090	2274	2290	2430	2733	2813	2980	3415	3524	3722	3873	3913	3969	4115	4187	4357	4373	
52	64	331	522	626	644	692	731	774	857	1002	1030	1037	1139	1181	1203	1244	1314	1441	1595	1600	1692	1738	1815	1886	1903	1934	2002	2360	2413	2452	2547	2617	2627	2629	2761	2820	2822	2840	2848	3036	3043	3181	3202	3380	3440	3513	3607	3733	3942	4039	4041	4266	4418	4443	4555	4800	4829	4860	4924	
667	952	995	1152	1242	1457	1479	2059	2602	2801	2998	3186	
861	1001	1493	1878	1955	2014	2270	2638	2877	3051	3259	3348	3353	3401	3463	3523	
100	118	155	185	200	283	435	444	579	629	722	785	912	991	1004	1048	1245	1364	1411	1473	1818	2013	2087	2193	2235	2253	2373	2562	2578	2603	2651	2686	2714	2841	2933	2953	3052	3162	3218	3220	3395	3436	3467	3637	3701	3739	3778	3812	3898	3946	4101	4186	4193	4304	4393	4507	4515	4536	4613	4619	4668	4739	4749	4783	4851	4861	4885	4896	4911	4944	4974	4987	
175	186	203	285	714	804	951	1027	1122	1208	1355	1369	1370	1573	1652	1710	1741	2032	2148	2155	2204	2206	2329	2590	2605	2694	2770	3000	3002	3290	3322	3351	3611	3881	4108	4116	4383	4409	4447	4615	
47	229	993	1014	1015	1237	1729	1920	2035	2182	2270	2533	2636	2682	2751	2971	2987	3059	3135	3225	3229	3269	3368	3469	3501	3547	3689	3751	3759	3859	3909	3958	4150	4280	4484	4491	4518	4585	4679	
733	1546	1571	1599	1648	1960	1962	2039	2067	2068	3094	3103	3124	3608	3744	3774	
65	97	212	232	355	554	582	749	893	913	1063	1179	1381	1488	1511	1518	1867	1911	2088	2134	2406	2791	2810	2926	2941	2989	3432	3459	3582	3943	4017	4221	4227	4278	4628	
161	267	578	734	788	1000	1197	1531	1720	1776	2071	2351	2358	2806	3005	3063	3107	3161	3215	3329	3393	3394	3412	3522	3536	3570	3596	3965	4003	4030	4051	4219	4314	4479	4537	4542	4559	4600	4621	4674	4720	4738	4782	4834	4845	4870	4904	
111	362	588	758	1307	1767	1824	2091	2116	2217	2495	2656	2864	3206	3664	
321	668	679	779	827	2073	2232	2411	2420	2567	
162	177	202	399	450	460	543	556	559	675	684	741	989	1127	1145	1238	1502	1510	1545	1642	1652	1810	2009	2179	2230	2334	2475	2518	2540	2548	2626	2696	2697	2702	2718	2787	2869	2874	2895	3108	3204	3352	3372	3382	3430	3489	3763	3963	3996	4176	4189	4191	4246	4264	4356	4474	4587	4591	4773	4787	4791	4797	4978	4995	
323	808	867	1056	1096	1673	1926	2043	2164	2234	2677	2782	2896	3330	3494	3499	
344	390	465	614	721	772	911	914	939	1053	1555	1590	1604	1644	1714	1787	1972	1981	2010	2180	2453	2469	2482	2484	2505	2645	2709	2843	2876	2916	2990	3024	3061	3069	3091	3184	3442	3702	3845	3920	4098	4198	4248	4289	4337	4340	4375	4441	4508	4699	4721	4740	4756	4774	4953	4992	
402	507	648	756	1185	1338	1379	1469	1770	1896	1918	2539	2577	2777	2960	3060	3695	
786	1341	1347	1348	1624	1703	2343	2715	2764	2779	3179	3213	3457	3497	
150	214	265	316	382	656	765	766	1043	1115	1391	1944	2468	2873	4079	
4	256	1282	1418	1439	2031	2151	2245	2271	2492	3111	3228	
26	45	141	221	223	335	359	460	509	571	601	605	642	740	778	840	1003	1010	1022	1189	1302	1346	1416	1466	1517	1534	1572	1717	1733	1796	1864	1973	2076	2166	2174	2344	2425	2649	2665	2833	2835	2913	2941	2984	3040	3096	3180	3190	3195	3318	3324	3542	3840	3884	4036	4196	4400	4419	4467	4483	4753	4847	4872	4876	4918	4963	4985	
57	89	96	105	198	261	263	434	663	772	783	808	965	974	985	1012	1083	1170	1240	1308	1523	1623	2012	2018	2147	2219	2349	2469	2506	2569	2802	2803	2814	2868	2909	2919	3001	3109	3163	3173	3214	3487	3522	3546	3722	3956	3959	3964	4135	4203	4209	4259	4272	4309	4332	4348	4354	4359	4398	4414	4422	4530	4705	4716	4725	4793	4813	4815	4837	4854	4869	4921	4933	4957	4959	4994	5000	
122	124	219	339	385	452	761	1046	1080	1272	1417	1603	1616	1922	2493	2546	2687	2941	2943	3014	3091	3166	3741	3824	3839	3919	4156	4163	4179	4185	4188	4310	4313	4326	4478	4581	4715	4751	
78	103	151	164	225	270	406	464	596	631	687	759	1054	1319	1343	1344	1362	1452	1515	1730	1881	1941	1982	1983	2189	2236	2369	2500	2522	2581	2613	2652	2741	2833	2844	2845	2910	2945	2966	3013	3105	3108	3136	3141	3154	3342	3420	3585	3592	3703	3757	3857	4059	4064	4133	4177	4291	4336	4342	4366	4459	4472	4539	4543	4547	4641	4650	4718	4867	4898	4899	4930	4935	4982	4997	4998	
22	51	257	560	792	856	887	982	1174	1280	1350	1374	1520	1535	1849	1880	2265	2267	2315	2320	2326	2776	3145	3425	3753	4025	4172	4349	4362	
13	645	777	905	943	1082	1210	1279	1805	1843	1873	1891	2307	2494	2669	2698	2703	2861	2886	2924	3120	3193	3281	3400	3597	3613	3666	3691	3922	4007	4117	4162	4184	4295	4325	4381	4442	4452	4519	4563	4633	4671	4755	4812	4879	4880	4906	4925	4926	4949	4956	
286	332	378	418	419	433	449	482	502	508	611	654	677	705	904	963	1052	1109	1409	1442	1508	1597	1795	1963	1968	2063	2117	2226	2242	2260	2487	2683	2684	2734	2749	2821	2829	2872	2993	3222	3317	3402	3473	3504	3593	3620	3686	3687	3726	3790	3888	3975	3981	3984	3987	4055	4066	4071	4088	4287	4386	4462	4513	4530	4557	4622	4671	4707	4840	4877	4894	4903	4964	
532	651	810	1055	1094	1477	1932	2293	2489	2723	2758	2897	
358	567	604	896	1205	1667	1680	1755	1870	2044	2070	2127	2744	3185	
445	536	743	1225	1585	1599	1919	2065	2337	2573	2679	2781	2988	3011	3115	
48	143	213	346	387	410	521	678	696	870	872	1033	1158	1171	1277	1296	1423	1792	1851	1902	2356	2446	2508	2555	2621	2837	3263	3278	3422	3451	3481	3948	4046	4094	4169	4347	4363	4385	4410	4481	4530	4570	4665	4684	4796	
104	291	712	1283	1323	1327	1402	1705	1772	1773	1811	2471	2490	2641	2765	2970	3315	3834	3849	3875	3892	3897	4140	4229	4316	
277	448	871	901	1107	1123	1524	1693	1734	1924	2521	2906	3079	3089	3526	
25	407	680	690	866	877	1085	1101	1180	1264	1352	1599	1726	2052	2357	2708	2834	2855	2879	3189	3385	3510	3618	3671	3700	4081	4107	4300	4427	4478	
114	142	208	643	645	666	704	706	873	997	1397	1404	1406	1415	1529	1829	1935	2005	2119	2158	2160	2223	2488	2529	2582	2853	2930	2935	3134	3137	3252	3271	3388	3414	3428	3773	3819	3935	3947	4075	4404	4476	4510	4609	4667	4789	4888	4909	
118	179	307	527	531	577	1586	2113	2623	2867	3112	3273	3327	3656	3817	3838	3915	3974	4091	4126	
504	819	937	1007	1274	1377	1578	1614	1626	1871	1978	2185	3168	3466	3511	3602	3688	3848	
28	210	259	562	1309	1444	1670	1777	2469	2588	
158	414	430	490	606	689	1265	1273	1336	1371	1403	1433	1489	1547	1617	1636	1652	1666	1682	1685	1689	1763	1779	1970	1995	2048	2368	2404	2637	2995	3067	3172	3176	3240	3325	3612	3709	3749	3765	3802	4095	4099	4111	4131	4257	4277	4334	4369	4566	4594	4611	4626	4759	4883	4910	4922	
37	770	1232	1250	1332	1342	1366	1375	1588	1836	1906	2156	2367	2457	3010	3084	3310	3822	3852	3905	3949	3982	4231	4345	4457	4461	4526	4548	4949	
68	181	289	291	372	454	863	938	1584	1748	2239	2297	2335	3086	3164	3286	3728	3736	3787	4093	4220	
148	218	341	354	370	564	637	752	769	874	954	981	1088	1135	1209	1222	1687	2121	2211	2454	3407	3634	3837	4239	4530	
59	279	298	661	682	715	892	934	942	1070	1177	1257	1325	1326	1414	1422	1434	1665	1915	2047	2432	2451	2593	2681	2817	2889	3085	3113	3334	3344	3350	3413	3534	3627	3645	3781	3814	3924	3950	3985	4004	4024	4206	4233	4267	4307	4338	4429	4440	4468	4506	4540	4567	4590	4637	4639	4671	4681	4706	4757	4846	4857	4863	4932	4945	
15	23	84	90	101	128	184	441	784	834	865	1228	1394	1431	1521	1543	1715	1780	1800	1952	2066	2095	2170	2389	2455	2544	2599	3104	3225	3663	3670	3681	3729	3746	3891	3915	3934	4027	4197	4244	4531