243	420	421	1351	1515	1536	1639	1784	2009	2309	2566	2781	3065	4716
509	873	923	1659	1668	1705	1838	2154	2473	2729	3054	3201	3203	3225	3256	3484	3490	3676	3679	3764	3790	3884	4083	4275	4541	4718	
35	148	944	1061	1284	1348	1406	1544	1923	2069	2147	2230	2719	2940	3261	3469	3670	3694	3857	3873	
61	280	881	1056	1223	1466	1539	1712	1805	2220	2269	2315	2378	2440	2494	2557	3635	
91	217	337	366	641	1030	1188	1351	1418	1491	1566	1571	1578	1640	1759	1793	1847	1870	2641	2738	3097	3169	3174	3588	3710	3924	3934	4080	4170	4255	4269	4298	4310	4376	4379	4573	4675	4693	4716	4725	
311	424	441	723	780	1360	1504	1921	2270	2318	2418	2634	2685	2766	2784	2796	2826	2846	3010	3019	3494	4045	4096	4193	4277	4693	
33	53	101	251	672	693	759	771	1020	1073	1095	1217	1306	1590	1786	1823	1905	1957	2159	2218	2307	2502	3236	3652	3700	3743	3936	4271	
325	468	581	698	745	903	1739	2373	2530	2598	2815	2954	2962	2977	3056	3084	3440	3624	3894	4867	4969	
252	306	407	426	1067	1141	1234	1523	2026	2028	2035	2107	2259	2465	3009	3071	3104	3252	3911	
26	290	1175	1321	1821	1939	1961	2987	3137	3145	3183	4347	4423	4642	
54	110	119	241	769	1058	1372	1452	1524	1599	1602	1903	1918	1936	2013	2284	2338	2357	2443	2609	2663	2675	3202	3443	3727	3913	4006	4020	4164	4176	4308	4515	
30	60	297	600	754	910	1336	1839	2108	2558	2851	2986	
120	181	286	425	539	724	747	764	808	1108	1147	1353	1450	1538	1617	1767	1889	2108	2118	2135	2159	2434	2531	2720	2727	2885	2919	2928	3290	3344	3370	3426	3432	3464	3478	3506	3539	3570	3598	3654	3720	3772	3791	3946	3983	4340	4344	4396	4501	4527	4618	4685	4805	4839	4881	4958	
102	106	145	211	233	286	331	425	533	616	701	908	1004	1320	1397	1597	1631	1983	1985	2131	2328	2333	2636	2760	3199	3376	3453	3688	3728	3977	4010	4052	4233	4331	4358	4407	4415	4423	4440	4477	4488	4502	4612	4696	4855	4859	4966	
294	425	554	654	659	713	787	820	847	861	941	1038	1050	1169	1180	1208	1312	1330	1352	1430	1505	1548	1638	1708	1779	1812	1947	1982	2123	2190	2287	2296	2424	2480	2505	2570	2755	2822	3060	3076	3153	3183	3221	3305	3343	3374	3455	3537	3862	3920	3963	4021	4087	4119	4162	4202	4283	4300	4338	4507	4510	4686	4732	4800	4819	4876	4897	4906	4935	4953	4968	4977	4980	4981	4982	
80	81	258	907	1044	1174	1292	1427	1465	1514	1671	2061	2077	2216	2274	2311	2536	2733	2815	3126	3450	3505	3566	3921	3995	4123	4191	4371	4465	4511	4533	4581	4597	4637	4652	4658	4696	4741	4744	4882	4932	
136	355	515	854	860	882	1200	1466	1492	1678	1681	1775	1893	1981	2188	2368	2673	2702	2718	2789	2918	2936	2961	2974	3099	3101	3107	3120	3201	3212	3417	3536	3606	3612	3756	3893	3983	4074	4086	4184	4195	4482	4526	4710	4773	4826	4831	
122	341	370	663	1389	1450	1714	1841	1914	1955	2015	2139	2343	2435	2982	3000	3168	3427	3990	4085	4163	4233	4293	4317	4889	4891	4965	
224	495	496	649	670	808	869	944	986	1124	1186	1429	1450	1468	1548	1770	1894	1910	1958	2215	2243	2422	2460	2526	2657	2831	2909	2938	3021	3130	3143	3155	3194	3223	3263	3271	3338	3360	3441	3662	3749	3775	3948	4005	4147	4496	4636	4646	4665	4678	4707	4727	4763	4802	4909	4913	4919	4983	4991	
459	607	713	857	865	989	1253	1256	1626	4170	4204	
6	66	82	105	151	210	278	366	438	488	745	790	806	816	846	993	1179	1195	1402	1449	1501	1600	1669	1679	1778	2106	2144	2177	2189	2199	2313	2370	2430	2506	2555	2600	2618	2629	2683	2729	2821	2900	3133	3153	3172	3209	3262	3333	3396	3410	3443	3549	3605	3729	3798	3954	4106	4192	4233	4284	4331	4353	4365	4402	4418	4452	4540	4621	4627	4674	4694	4765	4786	4842	4851	4891	4910	4998	
200	275	464	1114	1324	1413	2066	2229	2608	2623	2696	4906	
692	762	1209	1287	1390	1619	1841	2440	2802	2815	2957	3227	3548	4891	4999	
141	216	222	889	1112	1252	1889	2737	4325	4735	
15	314	368	563	1621	1622	1651	1729	1951	2074	
34	393	588	714	716	1163	1338	1700	1701	2519	2613	2753	3040	
223	1042	1214	1467	1518	1526	2411	2436	2665	3570	
389	484	691	946	999	1076	1187	1378	1398	1543	1791	2108	2222	2701	3085	3121	3390	3405	3443	3487	3505	3666	3888	3967	4023	4170	4245	4421	4441	
47	160	752	1024	1351	1436	1469	1917	2326	3384	
103	184	369	584	596	657	748	768	824	932	994	1011	1041	1119	1388	1456	1500	1557	1593	1605	1610	1641	1695	1819	1852	1911	2195	2209	2234	2490	2495	2554	2576	2728	2859	2899	3000	3011	3415	3559	3641	3704	3782	3992	4057	4170	4180	4244	4261	4266	4287	4302	4375	4451	4453	4480	4593	4615	4618	4638	4654	4747	4828	4836	4837	4871	4883	4969	4993	
13	175	388	573	597	625	662	674	766	830	858	922	962	1164	1207	1251	1264	1404	1573	1665	1843	1899	1978	2117	2138	2160	2241	2249	2381	2387	2575	2584	2660	2806	2938	3115	3152	3403	3638	3641	3655	3848	3863	3968	3995	4088	4112	4114	4236	4260	4410	4530	4600	4681	4894	
379	491	599	684	740	892	1289	1737	2238	2300	2412	2746	2756	2896	2943	3373	3481	3638	3709	3787	3802	3829	4073	4232	4892	4981	
43	158	516	619	726	770	1364	1487	1546	1803	2017	2021	2757	2847	2885	3205	3238	3254	3284	3351	3540	3585	3630	4332	4423	4652	4914	
75	209	255	319	343	437	532	644	652	876	921	1081	1263	1344	1396	1488	1501	1699	1828	1891	1936	2121	2282	2415	2426	2572	2615	2852	2885	2962	3139	3244	3312	3323	3395	3414	3443	3456	3648	3677	3897	3990	4061	4127	4182	4330	4522	4568	4595	4740	4775	4777	4792	4856	4857	4905	4941	4949	4950	
163	425	447	514	713	1110	1124	1272	1334	1865	1909	2033	2188	2439	2617	3013	3317	3330	3437	3553	3675	3905	4226	4304	4319	4965	
130	134	736	1105	1134	1176	1365	1382	1490	2277	2447	3000	
21	203	295	428	894	1019	1055	1328	1855	2120	2205	2320	2884	2946	3194	3260	
68	239	263	355	451	483	492	551	634	656	763	859	866	901	1023	1181	1247	1248	1254	1278	1282	1322	1426	1479	1519	1612	1660	1897	2000	2042	2377	2589	2651	2725	2737	2807	2827	2912	2934	2988	3030	3070	3219	3242	3471	3488	3576	3700	3771	3812	3818	3865	3922	3951	3985	4113	4157	4202	4471	4490	4552	4642	4683	4690	4702	4735	4749	4883	4884	4898	4931	4939	4940	4948	4969	
194	292	390	434	605	658	904	1508	1655	1943	2227	2523	2540	2661	2693	2737	2898	3641	
427	959	968	971	1219	1711	1728	2073	2175	4867	
131	376	519	579	730	733	850	881	934	1041	1071	1126	1133	1383	1453	1648	2009	2075	2284	2564	2664	2670	2701	2824	2910	2984	3053	3094	3197	3291	3578	3728	3741	3769	3770	3914	3953	4017	4041	4079	4151	4201	4217	4251	4389	4427	4430	4514	4567	4858	4872	4893	4914	4956	
24	155	565	718	1279	1445	1522	2142	2586	3344	3992	
74	293	398	688	1150	1178	1345	1537	1581	1650	1858	2124	2166	2182	2279	2302	2350	2461	2591	2662	3066	3119	3200	3205	3315	3475	3567	3713	3725	3761	4097	4424	4536	4569	4587	4611	4652	4680	4716	4883	4906	
271	272	431	807	816	899	1194	2130	2153	2173	2588	2750	2837	3176	3275	3335	3425	3435	3493	3584	3665	3719	3786	3851	3887	3912	4061	4066	4108	4357	4554	4642	4863	
4	156	199	286	303	366	397	559	781	783	808	877	957	976	997	1038	1189	1191	1257	1343	1350	1354	1370	1387	1403	1442	1476	1480	1930	2183	2219	2430	2706	2811	2885	2925	3142	3205	3229	3292	3321	3427	3472	3491	3531	3721	3820	3879	4000	4017	4028	4067	4081	4099	4116	4173	4409	4427	4473	4537	4594	4599	4635	4677	4698	4708	4716	4753	4818	4863	4865	4901	4915	4962	4963	4964	4965	
170	177	323	445	448	587	743	829	834	1052	1066	1074	1090	1210	1290	1381	1497	1501	1548	1564	1576	1756	1911	2084	2240	2278	2353	2430	2454	2637	2830	2879	3024	3151	3341	3379	3382	3401	3568	3585	3691	3722	3762	3949	3970	4082	4146	4252	4302	4359	4489	4560	4584	4619	4662	4706	4830	4879	
410	419	453	734	983	1017	1525	1547	1575	1683	1755	1997	2101	2401	3149	3153	3639	3714	3757	
433	494	715	1031	1121	1574	2156	2224	2273	2431	2595	2656	2817	3522	3570	3692	3893	4965	
315	402	745	831	871	1117	1697	1744	1845	1868	2004	2329	2488	2527	2632	2815	3063	3083	3239	3337	3340	3411	3441	3554	3634	3672	3685	3705	3728	3752	3793	3880	3909	4140	4161	4273	4329	4347	4403	4516	4793	4811	4914	4969	
46	164	206	526	582	712	757	844	960	1061	1158	1291	1395	1415	1688	1689	1818	2036	2122	2133	2225	2236	2284	2440	2504	2628	2653	2689	3000	3165	3217	3243	3327	3368	3372	3931	4267	4280	4289	4355	4363	4420	4547	4590	4641	4688	4714	4723	4734	4917	
257	595	944	1099	1333	1434	1510	1644	1670	1904	1908	2366	2395	2804	2926	3068	3331	3359	3591	3898	4024	4072	
64	321	344	609	786	943	963	1579	1594	1614	1937	2119	2336	2551	2695	2951	3425	3515	3518	3585	3935	4078	
208	414	558	629	744	777	784	819	856	995	1149	1152	1220	1243	1411	1438	1520	1528	1548	1617	1645	1741	1747	1840	1869	1936	2012	2023	2043	2071	2076	2453	2462	2528	2545	2590	2604	2621	2978	2998	3015	3023	3025	3171	3205	3243	3413	3443	3470	3522	3581	3597	3602	3724	3733	3805	3868	4007	4223	4382	4399	4481	4487	4504	4570	4623	4682	4721	4731	4746	4780	4848	4863	4868	4870	4895	4930	4938	4974	
184	205	408	803	822	1171	1358	1687	2129	2512	2647	3050	3314	3412	4012	
94	191	252	328	444	450	489	498	549	864	1047	1232	1255	1261	1630	1746	1780	1848	1872	2006	2132	2203	2262	2289	2457	2683	2862	2892	2938	2950	3018	3092	3189	3270	3354	3377	3508	3653	3717	3731	3745	3979	3999	4011	4027	4093	4133	4166	4238	4254	4309	4394	4428	4483	4490	4499	4889	4916	4954	4995	4999	
218	245	360	493	729	773	881	890	933	944	1001	1016	1158	1375	1527	1664	1889	2090	2163	2245	2344	2390	2393	2456	2468	2492	2498	2516	2761	2941	3014	3116	3148	3210	3307	3361	3384	3386	3423	3439	3474	3645	3658	3697	3775	3966	3982	3987	4061	4069	4124	4313	4450	4503	4601	4655	4657	4743	4770	4772	4806	4917	4929	4955	4961	4990	
225	232	259	511	687	707	746	874	1550	1658	1889	2122	2180	2276	2440	2635	2644	2681	2744	2759	3186	3253	3272	3274	3608	3638	3664	3807	3840	3872	3992	4425	4551	4716	
262	355	366	510	513	974	1033	1091	1268	1309	1432	1463	1750	2060	2191	2193	2407	2430	2478	2510	2626	2742	3017	3100	3110	3280	3466	3507	3594	3668	3765	3883	3927	3998	4175	4187	4296	4325	4497	4588	4667	4715	4733	4759	4771	4889	4892	
127	356	487	823	868	880	1018	1144	1187	1211	1691	1975	2223	2358	2482	3045	3093	3525	3742	3831	3864	3872	3896	3901	3995	4181	4341	4380	4406	4445	4718	4818	
387	455	456	592	626	906	917	1043	1053	1158	1170	1562	1567	1763	2342	2507	2535	2657	2717	2803	3038	3141	3178	3211	3429	3522	3543	3971	3993	4179	4247	4326	4341	4387	4398	4414	4435	4521	4592	4622	4701	4718	4724	4882	
52	183	373	642	647	705	745	867	1231	1283	1303	1329	1369	1401	1441	1559	1584	1598	1606	1696	1814	1888	1935	1964	2095	2262	2292	2574	2716	2763	2922	3026	3266	3325	3479	3535	3686	3810	3866	4043	4065	4122	4194	4207	4222	4335	4429	4523	4782	4833	4852	4874	
332	555	1198	1204	1266	2008	2159	2705	2745	2985	3278	3367	3406	3529	3623	3893	
276	366	750	1103	1425	1549	1565	1617	1675	1966	2068	2082	2114	2179	2204	2474	2701	2736	2770	2964	3000	3001	3022	3105	3404	3682	3753	3816	3932	4012	4308	4341	4484	4693	
27	229	250	520	721	731	847	935	1038	1288	1349	1501	1529	1616	1636	1676	1718	1915	1953	2233	2485	2588	3153	3232	3310	3334	3342	3500	3542	3610	3636	3766	3806	3937	4168	4190	4225	4242	4411	4459	4493	4508	4709	4717	
79	220	454	523	710	948	1554	1851	2188	2351	4190	4882	
28	252	319	531	590	737	795	918	926	932	1158	1257	1399	1481	1552	1682	1700	1948	2091	2134	2251	2257	2319	2469	2471	2860	3132	3205	3216	3248	3512	3558	3616	3854	3874	3891	3975	4089	4098	4129	4248	4297	4325	4367	4374	4590	4808	4891	
19	252	411	497	505	646	704	932	1294	1813	1860	2661	2765	2995	3204	3544	3822	3856	3925	3976	
334	552	1085	1446	1596	1920	2057	2454	2464	2603	2713	2832	3023	3230	3625	3627	4822	
89	150	153	244	249	355	467	475	536	624	667	673	953	1026	1135	1315	1582	1583	2083	2268	2337	2416	2568	2588	2687	2735	2749	2775	2782	2856	2935	2953	2989	3049	3391	3547	3614	3684	3744	3799	3988	4263	4336	4475	4492	4494	4524	4590	4630	4877	4932	
260	821	1081	1555	2096	2137	2252	2280	2392	2454	2983	3641	4325	
140	300	739	799	977	1046	1106	1177	1245	1246	1290	1438	1451	1482	1509	1611	1702	1791	1960	2214	2217	2391	2402	2410	2445	2524	2658	2659	2723	2805	2882	2929	3002	3194	3308	3316	3336	3422	3448	3592	3642	3747	3833	3919	3924	3950	3992	4077	4278	4424	4442	4603	4659	4697	4699	4756	4786	4818	4832	4878	4925	4960	4989	
296	350	365	473	881	1081	1083	1094	1109	1428	1545	1618	2041	2048	2193	2403	2518	2548	2596	2610	2625	2657	2674	3192	3362	3363	3449	3513	3754	3881	3890	3923	3964	4075	4084	4148	4174	4341	4639	4679	
530	676	719	1301	1393	1431	1842	2438	2599	2672	3077	3924	4552	
184	313	466	932	1340	1438	1533	1798	1856	1878	1915	1936	2229	2275	2454	2737	2827	2895	2948	3190	3339	3418	3433	3860	4262	
65	261	371	556	920	993	1124	1331	1502	1561	1604	1833	1911	2240	2408	2552	2768	2917	3346	3804	4046	4059	4150	4308	4352	4393	4465	4541	4718	4755	4917	
77	83	697	742	791	828	1039	1196	1455	1677	1720	1877	1907	2198	2345	2347	2399	2668	2752	3177	3302	3509	3587	3640	4019	4025	4101	4696	4755	
246	1084	1162	1540	1692	2162	2193	2197	2248	2425	2455	2562	4763	
198	603	755	848	1197	1392	1437	1459	1776	2169	2501	3226	3463	3794	3845	3886	3892	4359	4541	
12	126	309	593	747	794	936	1003	1025	1190	1635	1956	2019	2360	2614	2665	3031	3061	3081	3124	3136	3574	3596	3782	3819	3821	3983	3994	4138	4532	4543	4891	
45	121	165	207	237	317	405	481	570	610	863	1296	1419	1560	1656	1693	1870	1886	1926	2080	2100	2122	2212	2284	2533	2607	2732	2777	2829	2862	2937	3021	3067	3095	3111	3267	3393	3485	3699	3739	3748	3765	3824	3969	4008	4051	4092	4102	4230	4241	4321	4405	4436	4474	4535	4598	4605	4689	4739	4752	
219	327	330	412	566	852	1041	1168	1503	1507	1835	2029	2260	2665	2815	2823	2888	3233	3541	3560	3768	4004	4015	4206	
56	221	310	507	630	638	788	804	808	847	980	1068	1127	1257	1366	1435	1722	1977	2305	2322	2470	2627	2639	2808	3003	3023	3116	3183	3243	3785	4105	4118	4491	4500	4529	4966	4989	
147	227	277	525	612	797	1471	1609	1753	1883	1945	1965	2104	2155	2208	2404	2881	2979	3052	3250	3311	3329	3348	3381	3424	3532	3550	3557	3751	3877	3904	4032	4137	4423	4464	4556	4656	4692	4693	4776	4822	4932	4966	
112	172	214	254	295	363	452	545	681	774	812	916	940	1061	1227	1608	1791	1831	2176	2188	2652	2683	2729	2735	2754	2776	2924	3096	3112	3162	3182	3188	3287	3419	3726	3728	3750	3978	4076	4152	4190	4243	4295	4311	4404	4443	4486	4550	4585	4604	4607	4632	4696	4715	4735	4755	4761	4804	4820	4825	4885	4924	4926	4937	4952	4970	4979	
14	17	168	274	336	348	465	517	527	749	811	842	936	942	1061	1218	1229	1267	1368	1376	1407	1428	1450	1493	1570	1740	1762	1940	1963	2097	2151	2188	2346	2362	2388	2420	2432	2544	2867	2915	3033	3041	3062	3125	3231	3511	3582	3626	3712	3765	3842	3869	3915	4144	4249	4253	4271	4282	4290	4299	4443	4557	4583	4711	4763	4781	4827	4844	4920	4946	4994	
118	269	706	818	1193	1484	1513	1588	1673	2525	2585	2611	3064	
425	900	966	1142	2196	2240	2605	2694	2764	2783	2858	2903	2945	4331	
7	111	236	302	760	833	1131	1189	1242	1926	2622	2648	2735	2843	2966	3023	3196	3259	3561	3570	3718	3957	3959	4170	4187	4196	4213	4246	4302	4320	4334	4437	4490	4613	4661	4720	4722	4736	4737	4932	
10	50	146	453	528	542	713	970	1072	1428	1603	1830	1832	2020	2165	2509	2522	2602	2797	2997	3183	3399	3458	3674	3774	3789	3813	3846	3878	4307	4360	4385	4455	4914	
38	169	212	316	335	345	567	575	936	1037	1433	1494	1748	2044	2240	2834	2854	2883	2907	2913	3173	3307	3355	3447	3473	3498	3572	3607	3855	3875	3974	4017	4064	4071	4091	4171	4204	4208	4325	4408	4503	4518	4785	4812	4817	
380	604	813	1089	1185	1189	1239	1346	1377	1459	1799	1987	2334	2667	2801	2835	2862	3460	
143	289	460	870	878	964	973	1259	1337	1732	1796	1863	1933	2281	2655	2731	2994	3151	3328	3407	3503	3703	4035	4117	4220	
295	789	805	897	1351	1686	1938	2272	2298	2386	2541	2682	3427	3468	3533	3590	3601	3700	
90	378	981	1104	1215	1516	1530	1804	1927	2264	
240	242	329	346	522	801	945	1054	1086	1408	1512	1770	2031	2581	3186	4187	
107	115	215	512	518	560	1380	1685	2330	2496	4302	
63	322	631	847	1051	1385	1810	2208	2296	2327	2372	2559	2923	3258	3446	3643	4372	4382	
93	193	931	950	1064	1202	1216	1438	1725	1837	1850	1879	2374	2593	2597	2710	2724	3680	3689	3844	3961	4443	
124	182	382	758	888	1097	1356	1384	2014	3522	
270	299	439	613	1674	1992	2018	2240	4202	4786	
88	284	508	598	715	851	1558	1698	1928	1934	2312	2359	2588	2704	2735	3127	3286	3297	3534	3683	3775	3996	4229	
96	255	353	354	435	500	637	665	901	905	936	1036	1130	1300	1496	1498	1926	2122	2167	2184	2317	2529	2550	2649	2688	3019	3048	3074	3089	3299	3425	3430	3452	3579	3631	3736	3745	3872	4234	4465	4490	4565	4651	4863	4867	
100	312	351	469	486	557	561	949	985	1093	1240	1342	1355	1857	1912	1926	2010	2429	2933	3306	3384	3421	3604	3803	3815	3849	3870	4009	4145	4204	4285	4390	4426	4434	4564	4586	4668	4712	4892	
71	142	298	457	1277	1318	1326	2005	2058	2194	2612	3122	3164	3388	3555	3642	3781	3801	3958	4012	4063	4130	4177	4312	4340	4786	4999	
226	264	477	615	635	725	901	1257	1262	1466	1703	1761	1801	2009	2024	2115	2125	2235	2255	2897	3004	3156	3201	3698	3763	4350	4822	
84	162	195	295	432	978	1060	1128	1359	1386	1634	1704	1895	2105	2413	2515	2679	2767	3170	3344	3394	3673	3780	3808	3823	3902	4029	4165	4427	
161	185	247	401	569	979	1005	1062	1102	1120	1273	1276	1409	1428	1466	1652	1654	1657	1721	1802	1806	1922	1929	1999	2052	2201	2449	2542	2721	2729	2812	2967	3073	3156	3265	3427	3436	3444	3523	3528	3575	3832	3943	3947	3952	4014	4104	4167	4271	4279	4544	4563	4628	4789	4818	4867	4944	
3	39	55	342	461	506	939	1009	1123	1205	1757	1827	2561	2616	3059	3369	
305	403	896	993	1373	1765	1777	1825	1853	1906	1974	3273	3287	3288	
197	418	478	504	678	835	1002	1022	1154	1201	1281	1305	1625	1730	1754	1785	1936	2034	2039	2363	2441	2563	2633	2734	2748	2952	3069	3167	3214	3251	3318	3519	3599	3788	3834	3852	3918	4268	4315	4316	4372	4400	4458	4629	4647	
72	499	883	925	1173	1183	1439	1700	2087	3505	
149	157	400	540	720	767	879	937	944	1132	1295	1357	1400	1473	1495	1667	1710	1783	1876	1881	1932	1979	1996	2001	2239	2375	2487	2665	2932	2969	3287	3352	3454	3467	3599	3797	4276	4294	4347	4384	4519	4552	4590	4596	4609	4705	4742	4754	4760	4834	4880	4907	4927	
184	1006	1153	1230	1313	1749	1944	2534	2565	2875	2880	3156	4956	
114	196	399	462	482	1265	1875	1915	1919	2098	2256	2291	2891	3047	3285	3356	3538	
29	49	273	319	359	486	680	741	1440	1587	1774	1791	1800	1808	1870	1882	2116	2178	2376	2446	2463	2489	2499	2691	2769	2894	2975	3019	3108	3128	3138	3441	3516	3552	3647	3760	3899	3973	4047	4053	4062	4121	4132	4158	4291	4322	4328	4373	4381	4401	4446	4572	4610	4703	4787	4798	4813	4896	4908	4936	4984	4999	
58	204	474	486	589	658	836	938	1012	1586	1661	1723	1794	2011	2285	2580	3027	3032	3240	3277	3353	3573	3776	3811	3924	4323	4366	4372	4382	4520	4586	
578	643	1250	1424	1563	1591	1680	1734	1841	1993	2181	2450	2624	2707	3102	3457	3583	3633	3745	3773	3775	4169	4211	4216	4219	
486	503	521	544	715	717	927	936	1061	1221	1290	1459	1662	1663	1742	1795	1989	2045	2070	2187	2253	2341	2630	2701	2709	2780	2798	2827	2956	2990	3088	3090	3123	3184	3241	3243	3445	3480	3735	3745	3779	3872	3980	3984	4224	4240	4289	4340	4422	4490	4552	4562	4566	4735	4748	4763	4899	4978	4985	4992	
756	1472	1572	1629	1811	1817	1849	2078	2543	2747	2825	4822	
5	76	349	711	809	1311	1422	1478	1647	2310	2741	2972	3039	3371	3642	4989	
85	98	99	234	319	396	406	423	601	682	700	832	847	901	1078	1212	1225	1568	1809	1880	1884	2047	2211	2283	2294	2364	2396	2409	2423	2500	2532	2579	2676	2698	2866	2904	2916	2993	3005	3044	3247	3319	3324	3383	3522	3641	3648	3663	3765	3800	3836	3837	3858	3908	3992	4026	4107	4128	4136	4142	4485	4553	4617	4624	4728	4750	4757	4774	4888	4889	4914	4934	
18	104	180	295	333	606	655	675	872	1069	1096	1160	1206	1271	1829	1870	1916	1991	2009	2229	2503	2601	2619	2680	2700	2726	2976	3078	3220	3307	3530	3637	3782	3795	4209	4218	4221	4364	4465	4882	
288	319	415	621	816	887	895	914	961	1038	1080	1189	1289	1314	1457	1532	2085	2538	3091	3206	3279	3357	3459	3492	3545	3599	3628	3916	3942	4189	4258	4289	4318	4354	4382	4419	4538	4586	4867	
41	154	1244	1289	1362	1421	1444	1972	2213	2262	2286	2296	2444	3320	3385	4715	
167	430	472	815	826	1049	1148	1165	1187	1483	2053	2062	2099	2332	2356	2367	2483	2539	2646	2690	2827	3008	3264	3502	3599	3603	3644	3690	3695	3843	4049	4259	4388	4391	4525	
213	266	340	546	839	1015	1034	1081	1101	1149	1228	1341	1458	1768	2025	2037	2339	2348	2606	2836	2927	2970	3046	3144	3147	3194	3301	3307	3350	3622	3648	3687	3732	3839	4139	4341	4342	4351	4443	4512	4561	4591	4608	4751	4769	4853	4932	
568	1286	1361	1466	1672	1760	1950	2202	2361	2893	3116	3135	3409	4359	4424	
547	669	814	1155	1235	1249	1731	1986	2111	2324	
95	132	166	186	502	535	779	1038	1045	1115	1319	1751	1822	1836	1896	1915	1925	1980	2158	2186	2250	2303	2369	2397	2454	2476	2588	2872	2921	3006	3151	3157	3163	3332	3462	3483	3580	3669	3702	3730	3783	3784	3826	3871	3889	3893	4018	4022	4068	4178	4345	4372	4431	4456	4470	4528	4541	4618	4684	4704	4807	4864	4956	4987	
117	188	228	825	853	984	1304	1317	1807	1994	2102	2271	2814	2841	2944	3569	
31	40	51	92	281	480	658	727	782	958	1041	1071	1149	1166	1184	1224	1335	1470	1535	1615	1719	1764	1952	2159	2164	2262	2587	2701	2772	2813	2853	3118	3154	3268	3322	3375	3397	4001	4016	4055	4056	4115	4204	4264	4395	4427	4478	4546	4606	4620	4645	4799	4829	4845	4847	4912	
361	664	1063	1065	1589	1700	1706	2038	2855	2991	3043	3304	3546	3593	3656	4382	4642	
73	137	252	845	947	1116	1489	2079	2380	2382	2406	2657	2799	2844	
255	285	501	886	924	1226	1238	1459	2874	3034	3080	3183	3213	3283	3289	
320	753	810	1082	1122	1405	1486	1713	1954	2400	2828	3201	
135	253	308	442	463	479	620	703	1143	1172	1233	1327	1462	1548	1556	1770	1815	2009	2472	2513	2547	2638	2677	2678	2820	2862	2869	2871	2965	3012	3020	3160	3186	3246	3287	3387	3570	3903	3910	3933	3945	3990	4090	4100	4109	4199	4308	4346	4359	4378	4386	4531	4571	4642	4745	4758	4786	4794	4810	4823	4849	4850	4875	4928	4956	4957	4972	
86	109	367	374	385	443	537	538	608	627	715	728	955	1014	1088	1100	1111	1297	1379	1394	1501	1541	1627	1633	1716	1911	1984	2174	2229	2242	2262	2371	2427	2442	2508	2520	2792	2793	2818	2833	2878	2971	3116	3198	3293	3296	3344	3358	3438	3476	3482	3495	3642	3650	3681	3716	3723	3893	3930	4111	4187	4190	4331	4361	4530	4549	4616	4634	4788	4809	4814	4843	4887	4942	4967	4973	4996	
1	176	235	256	413	808	875	1070	1139	1290	1499	1511	1752	1870	1968	2003	2049	2065	2703	2740	3086	3218	3245	3585	3853	3940	3962	4134	4197	4233	4362	4370	4416	4439	4443	4460	4468	4626	
25	70	190	255	279	307	352	364	377	543	550	577	623	636	843	972	1057	1241	1289	1477	1607	1766	1772	1787	1826	1911	2007	2159	2228	2379	2481	2737	2849	2887	2938	2955	2959	2960	3087	3156	3180	3191	3215	3235	3269	3349	3434	3563	3564	3585	3648	3696	3907	3939	4095	4153	4235	4383	4432	4433	4503	4558	4576	4618	4631	4663	4691	4713	4791	4821	4860	4886	4903	4923	4986	4989	
171	490	569	576	722	1107	1140	1157	1199	1203	1632	1841	1854	2016	2051	2839	2962	3431	3451	3477	3671	3876	3929	3955	4185	4289	4397	4883	4892	
44	173	255	282	326	586	640	695	765	993	1013	1075	1081	1087	1145	1187	1260	1443	1461	1531	1624	1637	1724	2170	2172	2421	2459	2771	2791	2795	3156	3228	3402	3427	3461	3609	3632	3646	3775	3830	3983	4033	4060	4120	4125	4505	4643	4652	4696	4818	4918	
128	179	436	449	745	798	800	885	928	1041	1149	1187	1275	1423	1447	1485	1717	1871	1913	1952	1988	2110	2207	2210	2226	2231	2232	2293	2296	2331	2560	2578	2699	2711	2715	2877	2905	2911	3134	3222	3400	3442	3497	3505	3642	3659	3728	3765	3841	3847	4003	4126	4231	4237	4256	4274	4340	4368	4412	4465	4498	4580	4582	4650	4729	4755	4797	4838	4861	4922	4959	4976	4988	
36	268	651	1113	1474	1643	1733	1887	2192	2475	2592	2743	
286	553	694	1059	1280	1308	1339	1551	1791	2354	2790	2968	3179	4693	
87	747	1149	1745	2040	2145	2325	2486	2582	2931	2981	3021	3072	3745	4012	
9	20	37	231	485	569	747	816	898	911	1182	1323	1475	1553	1770	1959	2103	2108	2113	2152	2246	2296	2573	2661	2665	2870	3021	3028	3103	3131	3257	3313	3420	3599	3740	3859	4040	4159	4286	4327	4392	4539	4660	4726	4795	
57	113	375	416	987	1118	1299	1521	1653	1971	2055	2089	2161	2229	2417	2712	2850	3193	3392	3706	4002	4012	4239	4503	4917	
108	201	409	569	1071	1428	1709	1773	1867	2290	2722	2949	3648	3700	4883	
23	59	301	690	1035	1125	1138	1274	1585	1781	2059	2208	2295	2340	2999	3194	3344	3661	3796	3809	3924	4212	4301	4302	4306	4340	4349	4463	4530	4966	
32	383	471	524	679	919	990	1098	1285	1438	1448	1646	1735	1770	1874	2171	2365	2467	2567	2640	2729	2788	2816	2857	2901	3016	3146	3276	3595	3621	3657	3708	3828	4048	4054	4061	4149	4156	4187	4198	4202	4552	4586	4644	4719	4778	4956	4989	
42	291	339	668	671	802	1146	1270	1628	1790	1889	2306	2385	2620	2827	2889	2930	3496	3517	3707	
189	404	429	785	841	930	1534	1949	2200	2288	2842	3150	3524	3611	3990	4232	4427	4715	
187	633	772	1417	1617	1694	1792	1846	2221	3384	
8	248	283	338	392	591	796	932	969	993	1048	1136	1137	1269	1310	1613	1824	2093	2168	2419	2661	2683	2773	2845	2868	2947	3019	3035	3037	3057	3237	3365	3408	3499	3600	3638	3649	3817	3827	3895	3986	4289	4449	4472	4530	4555	4589	4669	4763	4766	4803	4824	4835	4917	4951	4981	
116	440	548	583	650	696	893	992	1079	1316	2088	2128	2301	2304	2383	2448	2466	2484	2583	2666	2838	2886	3109	3615	3983	4265	4288	4314	4356	
2	159	202	267	1027	1124	1391	1532	1738	1820	1962	2414	2654	2958	3129	3384	3715	3872	3960	4232	4347	
16	458	902	1161	1222	1257	1642	1666	1715	1743	1952	2002	2072	2141	2265	2335	2349	2549	3019	3366	3398	3660	4110	4272	4530	
174	417	564	574	677	913	929	965	991	1028	1077	1156	1258	1363	1367	1592	1623	1700	1864	1924	1952	2067	2112	2451	2661	2697	2762	2840	2862	2876	2920	3007	3106	3294	3347	3428	3521	3562	3586	3738	3746	3759	3882	3938	3944	3991	4103	4135	4227	4233	4305	4423	4579	4695	4762	4790	4822	4840	4869	4900	4904	4906	4945	4947	4999	
230	422	446	709	715	775	827	1008	1237	1289	1371	1412	1580	1788	2030	2032	2308	2440	2973	3082	3116	3175	3300	3620	3755	3861	3989	3990	4131	4141	4215	4281	4444	4467	4479	4506	4625	4715	4735	4969	4981	
304	318	541	614	699	915	1029	1040	1797	1844	1952	2022	2149	2778	2902	2942	2962	3140	3151	3166	3295	3389	3814	3838	3972	3995	4424	4469	4509	4534	4965	
358	998	1167	1236	1302	1707	2193	2355	2437	2650	2786	2963	3298	3526	3693	3701	4017	4889	
178	238	372	381	395	891	952	996	1192	1374	1410	1454	1862	1976	2546	2577	2739	2819	2864	2865	3023	3042	3075	3151	3345	3486	3510	3520	3792	4013	4034	4044	4348	4359	4369	4466	4653	4664	4863	4882	
133	391	470	689	738	1092	1517	1532	1816	1931	2157	2266	2493	2730	2779	3036	3159	3565	3906	3997	4058	4183	4250	4586	
67	129	138	453	476	645	747	849	884	1007	1010	1129	1351	1684	2063	2143	2297	2323	2433	2514	2553	2645	2671	2758	2908	3113	3416	3505	3619	3700	3825	3928	4036	4094	4200	4228	4232	4270	4271	4324	4337	4461	4545	4559	4618	4666	4687	4767	4784	4846	
78	394	862	1416	1690	2193	2787	3029	3051	3079	3158	3234	3782	4372	
22	97	287	357	384	486	529	562	594	617	639	658	683	751	837	838	982	1290	1347	1649	1758	1769	1841	1946	1969	1973	1990	2054	2056	2109	2122	2150	2263	2267	2321	2352	2394	2405	2497	2521	2594	2642	2686	2785	2861	2885	3098	3186	3326	3380	3425	3514	3577	3589	3711	3777	4031	4160	4190	4232	4257	4495	4578	4633	4652	4672	4738	4783	4815	4816	4862	4873	4911	4921	4966	4997	
48	62	144	265	355	453	569	658	732	817	840	951	954	1071	1124	1420	1532	1542	1834	1892	1900	1915	1926	2050	2064	2086	2094	2127	2146	2206	2208	2254	2735	2774	2794	2810	2914	2939	3021	3117	3161	3201	3224	3307	3425	3551	3571	3617	3767	3782	4188	4343	4347	4447	4454	4462	4476	4517	4541	4542	4548	4649	4700	4730	4779	4796	4902	4971	4975	5000	
622	653	661	708	735	975	1000	1213	1325	1532	1726	2081	2284	2384	2751	3303	3489	3758	3885	4042	4070	
123	571	702	713	909	967	1021	1071	2108	2800	2996	3058	3186	3207	3255	3309	3378	3441	3651	3678	4154	4331	4718	
362	534	666	988	1459	2140	2511	2556	2683	4204	4590	
286	453	632	648	778	881	1293	1450	1577	1617	1736	1859	1861	1885	1902	1942	1967	1998	2136	2430	2537	2631	2708	2863	2873	2962	2992	3114	3153	3187	3195	3281	3364	3501	3778	4061	4172	4205	4210	4271	4292	4417	4424	4575	4640	4670	4671	4801	4841	4866	4892	4981	
152	192	347	585	611	628	792	901	1151	1158	1159	1332	1595	1601	1995	2027	2092	2126	2244	2299	2398	2517	2657	2669	2980	3243	3465	3504	3613	3941	4037	4038	4214	4333	4339	4438	4448	4503	4513	4602	4673	4768	4906	
793	816	1506	1789	1970	2247	2316	2479	2569	2714	2938	3638	4017	
386	685	912	1032	1464	1569	1771	1901	2208	2389	2428	2571	2692	2906	4755	
11	139	184	324	580	660	686	776	855	1189	1414	1460	1727	1866	1873	1890	1898	1941	2046	2148	2237	2258	2261	2314	2452	2458	2477	2809	2848	2890	3055	3181	3282	3527	3556	3618	3629	3667	3734	3737	3835	3850	3900	3917	3926	3956	3965	3981	3995	4030	4039	4050	4143	4155	4186	4202	4203	4303	4377	4413	4457	4574	4577	4614	4648	4676	4764	4854	4890	4933	4943	
69	125	572	602	618	761	956	1298	1307	1620	1782	2185	2491	2643	2684	3185	3208	3249	3287	3441	3867	4308	
