147	171	495	584	1342	1362	1535	1552	1592	1710	2064	2124	2213	2637
65	264	345	537	828	1108	1172	1226	1244	1706	1715	1879	2025	2376	2385	2414	2979	3010	3030	3128	3329	3674	3891	4264	4274	4301	
28	93	412	788	884	1035	1046	1643	1648	2257	2418	2661	2738	2880	2944	3230	3296	3331	3890	4988	
59	487	644	956	1107	1117	1159	2141	2517	2735	2752	2863	2904	3031	3173	3611	4804	
164	480	496	631	1008	1095	1234	1236	1365	1598	1799	1981	2298	2653	2911	3167	3181	3314	3348	3375	3541	3737	3769	3783	4018	
17	462	463	737	1079	1232	1308	1327	1352	1366	1991	2044	2316	2608	2614	3143	3165	3207	3520	3532	3690	3716	3720	3792	4181	4194	
10	311	359	714	754	833	1128	1282	1550	1686	1811	1819	2712	2851	2964	2997	3043	3070	3308	3622	3650	3682	3725	3885	3963	4013	4087	4365	
393	691	1111	1268	1563	1608	1637	1649	1793	1865	3084	3185	3249	3503	3577	3624	3641	3678	3814	3928	3979	
395	643	1548	1729	1860	1935	2551	2582	2609	2747	2785	3216	3219	3277	3422	3553	3830	3902	4519	
470	528	637	875	1147	1458	1722	1767	2268	2374	2489	2705	3018	3221	
20	241	245	302	350	371	503	585	829	1216	1830	1916	1928	2029	2226	2400	2553	2759	2881	2891	2994	3001	3161	3287	3431	3523	3628	3887	3919	4213	4410	4528	
144	151	209	405	540	740	780	1673	1738	1920	2332	2668	
283	366	441	822	1059	1344	1474	1495	1551	1595	1607	1858	1907	1929	1947	2363	2459	2650	2695	2948	2959	3082	3104	3152	3171	3312	3359	3369	3420	3430	3506	3570	3711	3771	3794	3799	3800	3879	3960	4041	4132	4135	4176	4300	4408	4501	4555	4704	4708	4718	4768	4809	4822	4830	4831	4867	
2	23	146	269	331	854	959	981	1162	1322	1383	1399	1404	1659	1855	1887	1910	1978	2350	2573	2867	2872	3019	3177	3238	3250	3649	3793	3840	3932	3939	3972	4006	4095	4119	4174	4217	4284	4397	4557	4582	4593	4680	4706	4793	4798	4857	
247	457	472	718	934	1018	1072	1102	1141	1166	1368	1416	1663	1824	1850	1908	1921	1954	2178	2216	2225	2243	2276	2386	2454	2458	2620	2698	2707	2724	2758	2892	2963	2978	2995	3278	3330	3366	3380	3556	3645	3764	3781	3804	3813	3824	3925	3978	3990	3992	4057	4084	4177	4218	4242	4342	4347	4351	4428	4459	4488	4505	4526	4579	4592	4626	4634	4678	4871	4905	4915	4959	4963	4979	4990	
126	159	203	634	808	859	908	1126	1245	1299	1314	1453	1584	1628	1635	1712	1969	2023	2074	2153	2397	2733	2744	3195	3210	3302	3480	3507	3543	3667	3735	3917	3983	4037	4150	4278	4358	4499	4657	4699	4754	
217	389	614	629	796	911	974	1048	1080	1219	1358	1557	1672	1756	1810	2103	2132	2198	2375	2487	2544	2699	2797	2913	2940	3077	3270	3394	3454	3475	3563	3618	3817	3977	4048	4182	4326	4328	4383	4520	4574	4580	4651	4720	4736	4812	4846	
86	96	225	337	377	744	825	1195	1380	1612	1766	1837	1937	2069	2075	2254	2432	2619	3079	3120	3351	3581	3600	4204	4292	4303	4393	
109	181	238	332	373	484	555	673	806	1069	1202	1295	1302	1658	1813	1875	2000	2134	2137	2140	2188	2330	2411	2534	2536	2599	2612	2687	2693	2713	2720	2766	2776	2908	3028	3059	3080	3140	3146	3168	3328	3489	3620	3646	3706	3765	4126	4159	4180	4188	4291	4436	4474	4681	4774	4779	4885	4887	4930	
41	343	580	640	1015	1066	1335	1381	1593	1968	2322	
64	202	256	396	465	486	499	545	639	655	675	765	778	795	883	921	946	1085	1237	1311	1479	1597	1605	1741	1762	1785	2034	2122	2365	2402	2473	2525	2601	2748	2896	3058	3237	3313	3317	3326	3484	3515	3608	3629	3677	3702	3833	3851	3853	3862	3907	3971	3974	4032	4054	4156	4166	4167	4183	4230	4273	4299	4404	4419	4466	4546	4643	4713	4739	4806	4879	4904	4945	4975	4980	4989	4991	4993	
491	738	879	1118	1181	1256	1443	1613	2162	2256	2352	2562	
275	571	697	894	2086	2306	2333	2585	2587	3062	3106	3135	3361	3404	3440	
261	285	349	928	988	1101	1262	1773	1993	2290	
150	169	520	658	1031	1054	1351	1516	2301	2657	
37	279	432	474	746	964	1021	1502	2021	2144	2478	3081	3154	
437	827	1028	1076	1560	1610	1733	1821	2094	2296	
189	243	492	619	728	750	849	1309	1500	1798	1904	2001	2250	2538	2561	2586	2638	2662	2930	3041	3242	3468	3579	4023	4050	4105	4287	4399	4465	
287	411	1074	1580	1646	1823	1953	2063	2107	2197	
97	246	305	490	531	581	696	708	723	776	793	848	891	1243	1257	1475	1494	1542	1571	1614	1781	1942	1996	2147	2172	2200	2347	2351	2354	2483	2681	2741	2871	2939	2992	3052	3083	3235	3276	3309	3467	3575	3715	3738	3876	3888	3935	4056	4262	4270	4277	4318	4381	4491	4510	4533	4569	4597	4667	4705	4727	4728	4745	4817	4826	4862	4863	4944	4998	
112	115	123	427	569	682	930	967	1211	1258	1276	1339	1698	1704	1778	1779	1783	1807	2081	2261	2284	2440	2526	2691	2789	2886	3020	3170	3229	3319	3345	3389	3447	3527	3692	3745	3767	3866	3913	3936	4145	4146	4200	4305	4356	4363	4412	4457	4684	4714	4816	4838	4903	4946	4951	
185	265	638	777	918	933	975	1119	1167	1218	1456	1462	1681	1682	2191	2682	2686	2825	3072	3097	3258	3381	3511	4163	4227	4281	
190	442	461	575	719	1033	1196	1229	1702	1747	2550	3218	3274	3340	3341	3547	3727	3797	3849	3894	4039	4108	4205	4276	4312	4985	
54	114	224	227	458	616	1045	1184	1264	1343	1421	1464	1503	1569	1870	1912	2017	2078	2175	2193	2326	2444	2527	2545	2618	2631	2794	2839	2888	2973	3027	3039	3057	3091	3153	3211	3355	3376	3473	3493	3591	3731	3810	3899	3956	4259	4314	4638	4730	4769	4770	4776	4802	4825	4841	4869	4882	4883	4884	
87	327	431	666	667	977	1023	1081	1304	1844	1952	2194	2310	2403	2446	2605	2774	2942	2962	3144	3192	3194	3295	3549	4067	4232	
157	273	530	609	966	1146	1476	1911	2127	2666	2775	2821	
535	1000	1438	1661	2115	2159	2186	2224	2535	2737	2868	2931	2981	3189	3268	3334	
73	100	215	309	339	347	357	368	406	420	423	448	481	544	642	686	712	713	725	855	1056	1114	1152	1203	1266	1277	1509	1625	1725	1777	1845	1867	1890	1903	2415	2640	2740	2878	2951	2953	3002	3037	3044	3202	3354	3358	3441	3510	3564	3602	3633	3684	3717	3958	4025	4074	4075	4078	4319	4362	4437	4497	4508	4598	4601	4644	4660	4756	4796	4860	4931	4939	4977	4978	
295	338	353	434	1088	1287	1347	1402	2016	2237	2462	2491	2811	3006	3385	3405	3599	4668	
57	321	608	999	1194	1506	1723	1763	2228	2701	
161	400	623	665	851	872	925	1053	1182	1376	1418	1517	1626	1660	1739	1827	1980	2083	2099	2247	2382	2439	2506	2581	2779	2819	3008	3009	3022	3049	3099	3107	3416	3534	3604	3734	3750	3865	3993	4072	4089	4247	4295	4354	4357	4446	4492	4639	4749	4813	4856	4919	4921	4922	
34	280	312	756	955	1105	1270	1892	1977	2324	2596	
177	466	526	698	901	1040	1251	1255	1341	1371	1511	1512	1640	1691	1716	1948	2054	2085	2098	2235	2479	2515	2656	2683	2799	2943	3200	3387	3456	3631	3709	3758	3801	4149	4214	4332	4568	4673	4732	4778	
67	613	657	687	727	996	1075	1377	1541	1545	1671	1674	1717	1806	1974	2449	2613	2622	2633	2791	3112	3201	3269	3497	3614	3662	3680	3759	3780	4024	4193	4359	4559	
18	160	240	493	524	668	702	735	786	937	958	969	1103	1353	1497	1642	1692	1695	1697	1724	1757	1776	1790	1894	1938	1966	2048	2090	2291	2467	2648	2706	2883	2884	2941	2955	2993	3114	3462	3565	3612	3762	3766	3826	3864	3968	4003	4286	4298	4308	4310	4331	4440	4456	4477	4485	4486	4496	4502	4513	4524	4610	4615	4633	4686	4695	4725	4764	4821	4845	4872	4889	4917	4934	4954	4962	4995	
3	84	89	218	618	869	1050	1223	1330	1361	1433	1452	1463	1594	1789	1880	2055	2091	2196	2300	2423	2442	2630	2647	2842	2879	3015	3293	3324	3536	3539	3582	3637	3665	3668	3743	3837	4004	4011	4026	4042	4047	4129	4160	4236	4289	4323	4372	4711	4735	4750	4765	4848	4918	4926	4952	4958	4972	
98	208	517	1248	1414	1547	1797	2179	2391	2426	2447	2488	2696	2769	2882	2887	3054	3243	3391	
191	502	549	798	936	1627	1654	1816	1876	2286	2500	2566	2675	2894	3592	3640	3659	3698	
30	63	129	348	384	562	653	831	919	924	1215	1485	1525	1972	2019	2102	2214	2233	2451	2480	2510	2546	2621	2671	2755	2847	2861	3125	3259	3466	3554	3653	3740	3761	3858	3868	3911	4071	4294	4407	4429	4464	4702	4763	
158	627	699	809	1022	1092	1135	1247	1340	1391	1679	1707	1743	1786	1888	2111	2136	2264	2280	2529	2593	2629	2745	2813	2831	2849	3011	3021	3131	3159	3183	3264	3372	3551	3621	3635	3808	3809	3815	3873	4000	4111	4296	4388	4441	4460	4670	4767	4808	4909	
193	210	216	392	430	438	532	1012	1489	1528	1572	1581	1769	2248	2369	2496	2841	3063	3300	3576	3796	4122	
107	116	445	787	1011	1210	1566	2484	2531	2639	2667	2960	3126	3158	3175	3339	3508	3512	3825	3848	3860	3965	
99	110	173	236	239	254	260	298	328	344	404	475	574	636	729	832	895	1437	1439	1466	1522	1530	1644	1699	1893	1899	1933	1955	2040	2110	2133	2146	2161	2189	2315	2367	2466	2549	2597	2669	2761	2818	2969	3032	3036	3088	3124	3241	3455	3495	3517	3524	3526	3555	3586	3627	3679	3839	3966	4046	4080	4210	4238	4275	4288	4392	4423	4449	4541	4618	4640	4646	4717	4729	4777	4837	4865	4898	4997	
297	483	1130	1281	1354	1478	1493	1518	2494	2624	2636	2749	2971	3012	3246	
22	29	85	128	182	257	274	363	494	513	986	1005	1068	1140	1487	1774	1846	1863	1872	1883	1960	2171	2229	2320	2610	2616	2625	2646	2732	2843	3094	3095	3166	3267	3294	3327	3370	3406	3545	3548	3594	3708	3712	3733	3847	4053	4133	4361	4368	4373	4604	4605	4642	4773	4781	4790	4881	4891	4916	4970	
44	61	81	228	234	451	501	873	1014	1070	1293	1496	1531	1609	1624	1631	1650	1896	2007	2030	2212	2313	2348	2366	2474	2499	2595	2677	2689	2772	3078	3117	3217	3220	3233	3368	3458	3619	3648	3773	3827	3852	3945	3986	4021	4161	4169	4173	4271	4282	4327	4338	4346	4411	4470	4534	4551	4556	4558	4698	4737	4788	4935	4949	4969	4999	
40	565	868	1003	1064	1093	1273	1768	2304	2342	2508	2572	2642	2945	2991	3149	3305	3353	3401	3477	3483	3557	3657	3689	3896	3898	4062	4424	4427	4445	4455	4473	4563	4628	
55	106	671	771	820	882	973	1198	1241	1392	1800	1805	2041	2170	2398	2421	2528	2651	2654	2989	3150	3163	3209	3240	3343	3428	3442	3504	3583	3639	3863	3927	4015	4030	4076	4082	4120	4330	4366	4426	4784	4787	4803	4814	4835	
25	95	213	369	381	586	690	784	889	978	1034	1208	1514	1754	1959	2128	2163	2318	2329	2518	2901	2958	3559	3562	3596	3695	3838	3855	4201	4222	4279	4386	
440	453	488	641	654	709	811	870	893	917	945	1156	1279	1532	1864	1869	1965	1971	2464	2600	2977	2988	3174	3190	3286	3342	3356	3379	3432	3651	3959	4035	4085	4168	4265	4334	4583	4636	4647	4690	4746	4759	4786	4795	
276	628	677	721	815	842	874	897	998	1058	1115	1200	1283	1386	1555	1736	1842	1945	2039	2192	2204	2308	2412	2420	2425	2505	2703	2873	3005	3086	3136	3215	3316	3395	3598	3795	3901	4055	4090	4266	4309	4317	4444	4482	4523	4595	4652	4683	4842	4880	
58	101	131	386	1016	1071	1110	1209	1900	2149	2498	2788	2838	3205	3255	3403	
263	529	656	681	692	753	766	1176	2066	2139	2208	2220	2344	2455	2492	2514	2632	2792	2923	3110	3206	3225	3425	3558	3593	3774	3883	3916	3984	3994	4096	4130	4341	4462	
43	244	683	871	1149	1158	1190	1434	1455	1874	2230	2305	2490	2516	2541	2548	2591	2678	2725	2739	2937	3068	3129	3412	3490	3530	3573	3642	3736	3772	3880	3985	4110	4280	4391	4438	4461	4467	4478	4509	4666	4669	4722	4753	
174	533	857	1328	1481	1732	1817	2105	2537	2697	2723	2809	
141	262	351	471	610	866	927	935	1002	1026	1170	1189	1408	1684	1984	2012	2013	2173	2221	2232	2511	2870	2938	2990	3254	3266	3770	3775	3871	3931	3937	3964	3998	4066	4164	4233	4240	4302	4415	4476	4590	4658	4775	4785	4794	4836	4844	
56	143	289	336	570	701	954	1025	1332	1417	1533	1877	2472	2568	2574	2709	3061	3374	3419	3459	
313	355	379	773	826	1032	1043	1051	1689	1958	2135	2231	2670	3204	3658	3660	
62	138	198	299	527	622	676	695	724	752	821	987	994	1007	1148	1294	1325	1370	1389	1427	1507	2047	2071	2312	2323	2486	2950	3434	3540	3719	3857	3920	3922	3975	4017	4045	4052	4199	4235	4257	4263	4313	4367	4396	4414	4431	4585	4703	4752	4886	
896	951	1044	1222	1288	1338	1411	1934	2311	2817	2922	3076	3371	
1	135	226	424	498	661	734	888	923	1235	1269	1321	1471	1520	1606	1615	1655	1801	1906	1992	2050	2113	2210	2252	2338	2603	2643	2835	2859	2866	3071	3208	3279	3346	3531	3544	3676	3752	3791	3872	4001	4134	4315	4377	4403	4406	4503	4547	4608	4617	4625	4664	4789	4810	4873	4914	4920	4928	4984	4986	4987	4994	
154	197	284	409	525	534	576	589	621	669	764	843	1104	1144	1568	1591	1675	1735	1740	1999	2104	2334	2379	2626	2719	2782	3265	3418	3457	3488	3701	4191	4261	4322	4394	4398	4405	4422	4674	
426	454	482	567	760	949	1527	1641	2292	2556	2577	2965	3016	
70	199	220	268	383	1207	1760	2388	2476	2552	2564	2570	2684	2850	3325	3469	3595	3606	3723	3816	3828	3882	3889	4207	
316	317	711	757	801	1091	1320	1403	1600	1731	1861	1997	2031	2087	2096	2165	2167	2627	2763	3142	3487	3605	3656	4092	4094	4127	4231	4487	4498	4516	
122	133	167	206	422	433	1100	1857	1902	1918	2395	2409	2898	3569	3607	3705	3831	3845	3893	3918	3941	3948	4043	4103	4114	4216	4306	4409	
27	168	290	416	602	830	846	1197	2049	2343	2806	2834	4974	
419	476	730	1097	1160	1346	1540	1582	1678	1838	2060	2121	2419	2547	3073	3101	3435	3561	3776	
508	509	648	797	926	944	962	997	1350	1395	1449	1667	1889	2272	2393	2658	2790	2895	3282	3298	3787	3869	3906	3908	4061	4128	4155	4186	4224	4267	4343	4490	
9	32	90	510	791	1106	1206	1221	1313	1373	1394	1565	1670	1676	1804	1878	2177	2222	2401	2406	2717	2736	2985	3133	3184	3213	3239	3260	3280	3288	3297	3307	3587	3589	3763	3777	3943	3947	4014	4033	4125	4137	4198	4206	4371	4453	4458	4468	4724	4811	4820	4839	4893	4896	4933	4955	4964	4968	
11	118	294	890	1052	1090	1750	1755	1848	2240	2319	2341	2655	2778	2793	3188	3223	3423	3634	3663	3760	3895	4036	4209	
205	248	252	599	781	931	965	1041	1254	1926	2215	2274	2317	2349	2358	2430	2558	2812	2961	3053	3156	3160	3232	3461	3470	3610	3672	3881	3954	3969	3981	3996	4384	4385	4390	4548	
12	663	1009	1067	1077	1274	1303	1585	1633	1636	1784	1891	2046	2068	2079	2244	2436	2750	2770	2828	2876	3105	3322	3518	3574	3617	3699	3703	3953	4029	4143	4184	4269	4552	4606	4620	4650	4653	4659	4661	4692	4733	4742	
21	137	231	242	399	844	920	1042	1082	1204	1286	1333	1364	1451	1488	1524	1577	1657	1721	1780	1826	2062	2126	2259	2278	2302	2427	2718	2816	2934	2946	3035	3090	3212	3228	3251	3301	3373	3382	3478	3601	3632	3683	3742	3784	3861	3957	4086	4100	4157	4215	4234	4241	4256	4352	4413	4518	4539	4571	4591	4685	4715	4864	4943	4953	4973	
39	132	325	417	444	477	511	564	624	680	707	745	779	790	813	1127	1138	1231	1331	1470	1666	1752	1881	2109	2238	2262	2340	2607	2875	2902	2910	2984	3046	3056	3074	3141	3147	3222	3245	3344	3436	3463	3525	3652	3669	3685	3747	3806	3854	3938	3942	3988	4113	4116	4142	4175	4353	4515	4544	4554	4575	4578	4587	4594	4815	4868	4888	4950	4992	
315	387	436	447	852	1039	1400	1415	2277	2437	2975	3004	3182	
186	207	270	763	774	1596	1885	2070	2143	2187	2269	2452	2920	2999	
15	153	251	340	678	704	769	1246	1285	1315	1501	2026	2150	2345	2387	2565	2590	2645	2796	2827	2917	3042	3127	3196	3244	3253	3306	3315	3350	3585	3615	3722	3950	4307	4525	4536	4619	4707	
148	255	413	519	568	810	913	1161	1567	1694	1775	1820	1951	2151	2246	2327	2368	2576	2824	2862	2912	3014	3169	3304	3476	3821	3921	4243	4253	4395	4535	
92	500	767	929	932	1038	1155	1435	1701	1854	2038	2043	2275	2361	2389	2477	2495	2606	2726	2781	2795	2800	3067	3134	3191	3284	3472	3580	3930	3999	4077	4115	4123	4124	4162	4378	4489	4493	4550	4603	4607	4629	4783	4819	
104	127	145	281	378	539	1151	1459	1645	1818	1856	2101	2182	3303	3310	3396	3400	3505	
140	278	554	605	749	970	1240	1336	1419	1559	1564	1944	2180	2299	2378	2801	2802	2810	2918	2968	3383	3445	3588	3790	3987	
53	632	957	1017	1150	1300	1587	1693	1943	2028	2399	2628	2665	2700	2869	3349	3519	3636	
60	76	385	838	1060	1173	1337	1467	2130	2207	
277	428	452	467	1413	1843	2097	2283	2485	2584	3335	3408	3514	3567	3609	
120	237	291	591	598	650	1154	1680	1923	2407	
326	391	1062	1065	1261	1317	1440	1578	1814	1930	1932	2080	2271	2679	2716	2980	2996	3578	
13	258	375	390	736	1096	1132	1573	1656	2325	2456	2897	2909	3137	3252	3362	3681	3834	3835	3955	4506	
42	165	362	587	768	903	1360	2125	2156	2206	
635	748	943	1267	1825	1941	2042	2120	2157	2223	
335	370	506	720	726	759	1180	1446	1742	1847	2377	2742	2826	2890	3047	3055	3119	3224	3283	3474	3940	4093	4158	
142	286	408	429	651	783	818	860	861	1073	1142	1312	1355	1375	1465	1508	1677	1788	1895	2152	2598	2753	2762	2877	2924	3145	3360	3386	3449	3485	3542	3613	3647	3768	3789	3823	3875	3884	4152	4442	4549	4553	4599	4635	4747	
176	267	307	372	606	615	804	941	1296	1382	1432	1759	1761	1812	2314	2337	2604	2807	2845	3024	3116	3193	3275	3378	3421	3482	3654	3713	3724	3749	4083	4239	4254	4567	4675	4679	4710	4734	4738	
36	74	603	812	938	1098	1405	1561	1728	1983	1988	1989	2053	2082	2501	2504	2623	2893	2925	2967	2987	3364	3630	4038	4040	4140	4212	
175	296	596	914	1099	1125	1238	1326	1329	1423	1490	1687	2184	2255	2297	2469	2497	3109	3115	3231	3537	3571	3638	3700	3807	4073	4252	
200	320	418	607	722	739	856	907	910	916	1029	1036	1611	1839	1963	2006	2057	2381	2858	3397	3424	3464	3818	3878	3946	4027	4211	4228	
48	102	119	121	301	556	557	716	792	990	1113	1137	1217	1426	1447	1696	1840	1873	1975	2011	2033	2131	2218	2356	2429	2445	2507	2512	2664	2874	2900	3121	3338	3429	3616	3841	4002	4022	4091	4189	4251	4285	4333	4369	4469	4472	4494	4495	4542	4564	4616	4627	4743	4805	4924	
620	1094	1345	1348	1621	1652	1719	1931	2410	2555	2768	3093	3392	3502	3675	
179	380	450	601	841	1212	1249	1298	1884	2108	2190	2771	2848	3111	
26	149	235	563	583	600	646	733	878	912	1020	1133	1290	1323	1460	1619	1792	1836	1950	1976	2383	2583	2734	2855	2932	3033	3051	3064	3729	3755	3788	3843	4060	4153	4226	4329	4337	4421	4434	4560	4562	4676	4700	4760	
515	710	1213	1225	1429	1745	1753	1772	1803	
4	139	232	374	561	685	983	1116	1171	1306	1472	1616	1639	1849	1886	1994	2015	2441	2448	2453	2715	2952	2966	2974	3365	3402	3625	3655	3718	3721	3785	3967	4088	4179	4197	4202	4260	4297	4375	4376	4504	4537	4538	4589	4600	4611	4744	4751	4797	4892	4927	4941	
49	94	352	485	877	1233	1828	2035	2112	2287	2482	2509	2933	
111	360	468	706	715	755	1192	1809	1862	2142	2321	2405	3102	3118	3199	3427	3644	
24	172	259	421	625	674	836	1387	1441	1457	1515	1588	1685	1708	1726	1765	1787	1822	1852	1990	2145	2174	2227	2236	2481	2694	2926	3000	3048	3069	3096	3172	3299	3438	3626	3673	3732	3753	3778	3989	4010	4019	4112	4223	4447	4454	4479	4481	4483	4645	4665	4687	4721	4758	4818	4834	4866	4877	4878	4947	4981	4983	
292	425	464	633	743	1004	1055	1078	2009	2265	2294	2428	2521	2524	2540	2578	2690	2708	2714	2864	3113	3332	3384	3444	3870	3897	3949	4008	4051	4098	4144	
82	192	512	993	1136	1401	1576	1622	1744	1829	2065	2242	2353	2416	2438	2856	3026	3333	3603	3859	3926	4058	4208	
72	166	364	705	837	886	902	1187	1372	1450	1536	1579	1589	1618	1688	1703	1734	1748	1927	1949	2203	2567	2571	2588	2673	2767	2804	3045	3066	3336	3491	3496	3509	3688	3803	3973	4059	4065	4304	4340	4349	4418	4527	4570	4609	4631	4682	4693	4701	4771	4823	4829	4851	4897	4936	4948	4971	4982	
415	660	679	909	989	1179	1260	1486	1835	2380	2711	2844	
33	214	303	523	867	892	1183	1505	1664	1690	1946	2106	2169	2336	3176	3285	
19	50	194	542	593	611	659	799	885	942	1024	1061	1086	1145	1157	1307	1319	1815	1831	1841	1851	1919	2004	2010	2202	2258	2293	2362	2435	2450	2475	2634	2649	2676	2829	2836	2915	2921	2954	3272	3290	3388	3465	3494	3516	3522	3691	3904	3952	3982	3997	4005	4016	4044	4255	4321	4379	4380	4450	4540	4621	4649	4712	4833	4850	4858	4870	4875	4901	4956	4966	
293	394	449	552	590	732	814	1230	1363	1409	1700	1832	2088	2289	2503	2557	2660	2914	2956	2982	2983	3162	3179	3197	3227	3411	3710	3754	3934	3951	4064	4069	4107	4147	4219	4245	4324	4451	4662	
51	187	211	229	253	318	518	1139	1214	1521	1651	1901	2061	2093	2205	2209	2273	2404	2460	2592	2680	2757	2822	2929	3337	3546	3572	3664	3779	3900	3980	4118	4545	4561	4614	4630	4648	
52	249	703	1131	1242	1384	2045	2160	2635	2644	2783	3157	3415	3450	3499	
83	184	407	497	772	1422	1546	1871	1961	1964	1970	2201	2253	2263	2279	2309	2463	2470	2730	3087	3363	3407	3437	3535	3751	3846	4049	4068	4097	4101	4151	4370	4463	4475	4586	
79	134	196	288	322	403	479	536	551	805	900	1001	1013	1037	1310	1442	1634	1653	1791	1795	1914	1924	2058	2076	2394	2692	2727	2986	3003	3122	3234	3552	3566	3687	3744	3782	4009	4117	4248	4360	4500	4521	4543	4596	4782	4853	
7	489	592	976	1047	1063	1393	2118	2168	2249	2611	2663	2780	2899	3367	
35	341	402	558	617	1917	1967	1979	2123	2176	
78	105	117	125	170	300	594	604	670	689	807	862	898	961	1049	1112	1174	1178	1271	1334	1396	1504	1558	1570	1647	1713	2014	2183	2408	2530	2672	2773	2936	2972	3236	3273	3433	3568	3694	3697	3739	3746	3912	4007	4121	4190	4225	4244	4250	4382	4401	4435	4471	4514	4532	4613	4677	4755	4762	4766	4780	4832	4847	4965	
5	367	1445	1537	1583	1998	2002	2346	2433	2563	2688	2860	3123	3398	3452	3550	
14	75	108	310	382	439	546	688	742	899	991	995	1123	1124	1359	1398	1905	1939	1956	2089	2119	2199	2295	2396	2542	2579	2617	2765	2852	3092	3261	3623	3714	3819	3914	4196	4220	4283	4311	4443	4484	4522	4572	4588	4694	4719	4827	4828	4843	4895	4900	4910	4923	4929	4937	
647	789	984	1168	1498	1544	1575	1925	2155	2195	2364	2371	2674	2731	3186	3390	3590	
69	188	514	579	794	802	1374	1483	1534	1630	1898	3025	3151	3164	
410	560	597	922	939	1010	1430	1982	2072	2281	2335	2513	2857	2935	3501	
460	948	971	1406	1484	1543	1549	1709	1782	2471	2754	
46	136	163	324	333	358	414	541	543	672	947	968	972	979	1129	1134	1250	1280	1324	1499	1617	1662	1866	1973	2027	2092	2520	2533	2764	2777	2815	2840	2927	3038	3065	3247	3248	3352	3413	3528	3643	3707	3728	3874	3905	3924	4031	4102	4109	4192	4350	4364	4389	4402	4507	4531	4637	4654	4656	4689	4761	4861	4890	4911	4940	4976	5000	
250	304	455	507	630	717	782	803	864	992	1121	1143	1164	1224	1239	1272	1397	1469	1590	1601	1629	1668	1730	1987	2051	2095	2267	2808	2814	2830	2957	3034	3060	3132	3148	3257	3321	3409	3529	3584	3597	3670	3850	3867	3903	3995	4034	4141	4203	4249	4344	4345	4417	4517	4530	4577	4584	4602	4622	4641	4671	4697	4740	4757	4801	4849	4852	4855	4874	4876	4902	4907	4908	4925	4957	4961	
31	553	559	626	858	1165	1193	1199	1205	1378	1425	1454	1482	1538	1586	1599	1665	1683	1720	1758	2056	2138	2559	2787	2885	2889	2916	2998	3155	3262	3263	4136	4172	4221	4325	4339	4425	4512	
16	47	66	124	162	195	212	398	401	522	578	595	800	845	863	876	905	1057	1122	1175	1220	1265	1275	1420	1491	1604	1632	1669	1727	1764	1922	1936	2005	2052	2059	2234	2384	2502	2519	2569	2615	2702	2751	2906	2928	2970	3050	3085	3089	3187	3226	3399	3417	3443	3693	3786	3812	3976	4028	4237	4258	4272	4316	4374	4400	4624	4655	4688	4716	4799	4824	4932	4938	4967	
272	388	505	566	741	762	960	1089	1201	1356	1705	1794	1957	2036	2116	2328	2659	2729	2743	2976	3007	3357	3481	3757	3832	4148	4185	4268	4290	
152	376	443	473	662	865	985	1185	1263	1289	1318	1388	1436	1477	1562	1833	1986	2067	2282	2359	2493	2554	2575	2784	2803	2837	2853	2905	3138	3180	3281	3393	3453	3726	3923	3933	4106	4131	4170	4293	4335	4416	4432	4511	4573	4576	4612	4672	4748	4791	
68	180	330	361	521	588	612	645	747	775	834	881	904	940	1087	1163	1177	1284	1292	1301	1316	1367	1480	1513	1519	1539	1556	1909	1913	1940	1995	2114	2185	2219	2443	2710	2728	2798	2949	3029	3040	3103	3130	3323	3439	3521	3748	3756	3811	3842	3844	3892	3915	4139	4229	4355	4387	4433	4448	4529	4565	4581	4623	4632	4772	4854	4859	4894	4906	4960	4996	
80	178	230	572	684	1553	1620	1897	2260	2461	2468	2854	
88	103	334	346	538	823	906	1638	2266	2360	2560	2756	3198	3271	
573	853	952	1349	1623	1770	2018	2164	2372	2589	2786	3100	3214	3289	3492	
45	130	282	308	323	459	652	835	982	1305	1749	1868	1962	2073	2100	2217	2270	2539	2805	2832	2833	2903	3256	3347	3671	3730	3822	3829	3877	3886	3909	3962	3991	4099	4430	4439	4452	4480	4663	4691	4723	4726	4731	4741	4792	
222	266	504	649	694	770	840	915	1006	1083	1390	1853	1859	2413	2652	2760	2820	3108	3414	3446	3471	3686	3805	4195	
91	342	365	664	1410	1448	2241	2245	2288	2339	2355	2523	2580	3023	
354	456	478	577	751	819	950	1188	1191	1227	1253	1259	1278	1412	1711	1751	2020	2032	2117	2129	2373	2424	2704	2907	3017	3178	3377	3426	4154	4178	
113	397	435	469	516	700	731	761	785	817	1169	1186	1385	1407	1428	1461	1473	1510	1523	1554	1603	2148	2181	2370	2392	2431	2532	2823	2846	2865	2919	3448	3451	3479	3704	3820	4012	4079	4081	4171	4187	4320	4348	4566	4696	4709	4800	
183	223	319	356	582	847	887	1030	1153	1379	1444	1808	1915	2303	2543	2746	3318	3460	3970	
71	155	839	1027	1084	1291	1526	1737	1834	2003	2008	2465	2522	2947	3291	3533	3538	3741	
271	980	1019	1109	1468	1529	1574	2077	2211	2285	
8	38	156	219	233	306	314	548	693	758	850	880	1297	1357	1424	1431	1492	1746	1771	1802	1985	2022	2024	2084	2154	2307	2331	2357	2422	2434	2685	2721	2722	3075	3139	3203	3292	3320	3498	3560	3666	3696	3929	3961	4063	4104	4165	4246	4336	4420	4807	4840	4899	4912	4913	4942	
77	204	547	550	816	953	1120	1369	1602	1882	2037	2239	2251	2457	2594	2602	3098	3311	3486	3500	3513	3661	3798	3802	3836	3856	4020	4070	4138	
6	201	221	329	446	824	963	1228	1252	1714	1718	1796	2158	2166	2390	2417	2641	3013	3410	3910	3944
