272	557	615	920	974	1098	1621	1850	2017	2268	2301	2484	2671	2748
233	327	751	1204	1358	1667	1729	1760	1763	1800	1899	2006	2499	2698	2755	2934	3103	3281	3305	3306	3450	3519	3609	3813	4100	4141	
27	483	519	667	768	916	1260	1655	1752	1832	2397	2494	2502	2786	3097	3226	3241	3466	3613	3929	
108	468	545	838	1123	1126	1279	1570	1590	1691	2026	2745	3035	3198	3254	3487	3589	
212	522	590	777	827	1037	1205	1554	1945	2059	2467	2711	2814	3171	3179	3207	3484	3528	3786	3864	
41	199	302	455	515	598	718	1095	1210	1262	1552	1638	1960	2001	2135	2311	2418	2584	2669	2685	2913	2994	3193	3384	3544	4260	
260	391	475	596	676	929	1139	1216	1585	1586	1622	1975	2081	2093	2163	2196	2310	2823	2945	3214	3282	3335	3354	3510	3796	4066	4226	4444	
196	297	585	1177	1341	1574	1807	1930	2314	2366	2475	2924	3031	3622	3702	3792	3802	3937	3955	3994	4056	
179	353	461	574	915	1636	1712	1738	1819	1866	2031	2034	2047	2065	2432	2857	3368	3413	3906	
28	38	451	748	828	1029	1218	1276	1503	1824	1958	2226	2841	3223	
53	213	506	579	880	1071	1426	1521	1558	1708	1871	1933	2123	2266	2274	2581	2636	2661	2684	2710	3265	3406	3436	3625	3888	3921	4027	4103	4219	4376	4489	4747	
73	399	454	546	933	1282	1359	1517	1886	2245	2423	2771	
154	340	355	359	612	624	630	721	981	1039	1135	1350	1477	1581	1600	1630	1662	1699	1920	1947	1977	2023	2173	2220	2289	2321	2383	2575	2579	2870	2897	2995	3457	3691	3708	3870	3879	4076	4221	4288	4292	4399	4414	4684	4697	4722	4729	4740	4744	4775	4842	4876	4892	4929	4945	4957	
6	13	141	328	334	463	556	578	628	675	723	930	1054	1165	1297	1878	1892	1943	1978	1980	2051	2073	2117	2290	2328	2338	2360	2692	2718	2904	3045	3051	3330	3521	3600	3690	3769	3794	3798	3920	4064	4447	4726	4761	4769	4818	4830	
39	245	315	341	379	467	619	837	888	1100	1289	1356	1398	1436	1493	1523	1549	1565	1680	1686	1736	1761	1781	1783	1904	1911	2014	2060	2102	2138	2190	2327	2331	2346	2461	2466	2552	2597	2678	2691	2721	3006	3024	3401	3471	3488	3693	3720	3800	3817	3875	3901	3904	3945	4036	4091	4277	4285	4365	4410	4454	4509	4546	4589	4617	4779	4839	4864	4870	4907	4925	4926	4994	4999	
23	288	333	337	429	508	562	618	714	761	812	1092	1261	1315	1395	1670	1762	2302	2690	2895	2920	3094	3303	3304	3403	3431	3505	3598	3682	3844	3849	3861	3914	3984	3985	4154	4253	4484	4575	4638	4762	
45	407	445	602	635	652	733	806	1309	1363	1560	1649	1755	1865	1916	2002	2011	2049	2150	2276	2358	2538	2705	2759	2769	2884	2901	2914	3005	3009	3073	3102	3321	3447	3715	3923	4098	4379	4428	4508	4562	4568	4609	4636	4826	4851	4905	
75	131	148	176	307	499	592	823	971	1026	1076	1580	1754	1803	2616	2645	2774	3014	3107	3187	3220	3621	3718	3757	3947	4293	4323	
111	162	225	268	323	343	509	701	720	771	969	1008	1406	1424	1463	1519	1594	1811	1883	1925	2088	2105	2215	2278	2520	2544	2766	2879	2998	3050	3091	3211	3243	3400	3742	3758	3822	3837	3854	3949	4043	4065	4115	4209	4220	4227	4341	4482	4588	4591	4641	4745	4822	4881	4884	4888	4923	4934	
374	650	660	1116	1179	1440	1444	1788	2566	2573	
21	64	104	144	342	440	466	639	738	785	799	830	1069	1293	1562	1706	1711	1739	1913	1921	1965	2185	2270	2376	2396	2417	2509	2517	2610	2694	2796	2797	2831	2842	2935	3140	3212	3378	3399	3588	3595	3643	3692	3722	3737	3771	3840	3855	3867	3902	3908	3954	3971	3983	4011	4093	4102	4136	4333	4391	4420	4578	4581	4596	4615	4713	4788	4821	4869	4900	4939	4959	4964	4971	4980	4989	4995	
61	251	473	758	774	948	979	997	2124	2244	2399	2471	
185	755	897	1109	1221	1246	1343	2092	2295	2322	2419	2589	3100	3167	3178	
523	834	889	1021	1364	1797	1994	2165	2570	4659	
264	369	394	534	606	651	705	750	1433	2436	
892	947	1269	1347	1394	1725	2313	2409	2500	2664	2713	2775	2927	
58	130	298	420	699	870	952	1091	1629	1828	
221	564	685	698	955	1067	1101	1948	1968	2052	2096	2441	2630	2737	2965	3016	3076	3566	3601	3681	3726	3731	3788	3962	3974	4047	4289	4451	
206	336	396	544	841	1417	1527	1731	1778	2013	
121	197	205	216	254	270	476	772	776	805	856	932	978	1144	1157	1285	1410	1466	1501	1583	1646	1648	1652	1697	1713	1740	2072	2113	2380	2531	2596	2600	2622	2675	2693	2929	3047	3071	3080	3188	3192	3204	3358	3376	3382	3402	3407	3420	3518	3667	4010	4050	4087	4101	4180	4255	4346	4519	4559	4593	4595	4613	4663	4676	4685	4746	4781	4866	4919	
194	201	281	414	552	762	852	1124	1129	1191	1348	1392	1650	1705	1912	1986	2141	2362	2462	2521	2768	2803	2817	2959	3015	3118	3125	3143	3300	3362	3387	3441	3452	3502	3525	3537	3619	3655	3680	3826	3878	3931	4037	4040	4158	4236	4389	4408	4538	4605	4735	4848	4856	4880	4883	
22	246	535	681	896	919	942	1023	1277	1306	1419	1432	1624	1932	2028	2142	2297	2621	2700	2794	3018	3181	3202	3205	3351	4007	
796	998	1012	1118	1146	1242	1488	1542	2122	2217	2324	2421	2425	2453	2962	2981	3311	3379	3380	3494	3557	3604	3746	3775	3793	3963	4239	
158	187	366	484	568	1125	1231	1263	1401	1490	1510	1616	1884	1950	1988	2237	2407	2541	2613	2725	2731	3328	3434	3547	3602	3650	3651	3657	3781	3877	3880	3957	3998	4128	4188	4280	4363	4403	4523	4602	4632	4649	4653	4682	4709	4764	4786	4790	4806	4829	4845	4847	4863	4894	4909	4948	4963	4991	
9	634	732	872	1171	1173	1641	1777	1890	2277	2388	2603	2728	2764	2765	2801	3066	3117	3142	3176	3323	3332	3361	4032	4042	4177	
78	198	229	683	885	937	1131	2116	2546	2574	2628	2793	
18	406	421	843	938	1461	1553	1851	1901	2332	2359	2465	3039	3206	3417	3499	
84	114	135	163	278	329	418	424	443	504	633	686	706	710	899	1003	1011	1047	1080	1083	1189	1199	1239	1694	1723	1779	1984	2008	2079	2080	2083	2114	2280	2405	2448	2568	2615	2623	2810	2864	2980	3028	3124	3209	3231	3453	3624	3649	3743	3755	3778	3784	3795	3895	3986	3987	4068	4079	4301	4514	4537	4620	4680	4694	4707	4716	4797	4879	4920	4936	4944	4976	4988	
316	620	747	1241	1330	1335	1437	1718	1791	2227	2795	3089	3121	3596	3628	3638	3707	4655	
211	608	627	666	814	1265	1371	2131	2193	2256	
46	204	249	285	324	783	818	864	1236	1300	1342	1366	1386	1449	1535	1567	1659	1720	1846	1877	1989	2032	2033	2068	2074	2254	2565	2826	3053	3135	3514	3529	3550	3620	3683	3717	3744	3785	4031	4199	4231	4355	4534	4624	4630	4679	4700	4712	4765	4784	4787	
877	1142	1312	1451	1609	1647	1806	1808	2261	2398	2498	
125	448	496	527	826	1019	1027	1057	1188	1271	1445	1557	1780	1786	2286	2294	2343	2378	2522	2726	2806	2877	2903	3129	3359	3699	3939	3970	4026	4039	4048	4166	4225	4235	4243	4401	4498	4551	4557	4569	4670	
54	123	132	464	907	1059	1470	1478	1482	1769	2055	2134	2246	2247	2300	2719	2948	3002	3025	3159	3290	3648	3709	3712	3806	3927	4104	4107	4215	4380	4404	4407	4445	
117	372	410	465	641	664	695	791	966	1108	1336	1415	1422	1458	1474	1578	1625	1796	1825	1924	1967	2137	2152	2329	2363	2401	2469	2525	2555	2666	2753	2835	2862	2891	2908	2957	3000	3007	3120	3227	3533	3660	3832	3886	3910	3934	3941	4008	4059	4061	4106	4151	4230	4234	4291	4318	4335	4381	4425	4491	4504	4518	4529	4577	4583	4656	4672	4770	4812	4886	4921	4922	4933	4946	4955	4970	4981	
113	269	500	539	553	616	672	850	891	921	1442	1589	1601	1613	1741	2029	2044	2090	2204	2379	2415	2427	2744	2787	2844	2902	2930	2975	2991	3081	3182	3196	3221	3234	3262	3608	3773	3783	3959	3991	4001	4084	4168	4175	4185	4385	4416	4530	4594	4603	4607	4658	4695	4798	4860	4972	4974	
150	170	595	743	817	836	910	1044	1476	1511	1537	1597	1889	2414	2729	3133	3217	3481	3759	
8	33	737	956	1187	1286	1414	1618	1660	1835	1936	2143	2556	2587	2642	3280	3675	3797	
63	214	943	1028	1081	1206	1238	1452	1541	1677	1719	1856	2042	2132	2177	2303	2355	2385	2537	2547	2624	2716	2928	3469	3506	3541	3573	3654	3689	3711	3896	3988	4072	4121	4342	4552	4628	4647	4673	4686	4749	4750	
36	252	273	294	513	631	670	693	1248	1316	1456	1634	1656	1693	1860	2097	2148	2157	2168	2291	2299	2413	2416	2529	2704	2800	2846	2861	3115	3144	3338	3396	3405	3603	3662	3803	3833	3900	3916	3938	4022	4062	4146	4184	4353	4419	4487	4598	4808	4875	
310	549	829	902	936	1004	1547	1550	1588	2258	2439	2542	2549	2564	2778	2910	3043	3295	3345	3437	3925	4122	
98	253	408	431	589	763	1005	1268	1355	1467	1489	1496	2066	2139	2438	2811	2858	3052	3275	3474	3789	3858	
118	304	349	361	375	446	453	456	488	520	526	580	599	711	724	744	797	876	1016	1112	1134	1193	1344	1385	1495	1528	1822	1839	1956	1987	2035	2095	2112	2129	2233	2334	2339	2483	2492	2620	2632	2758	2802	2816	2830	2848	2938	2956	2976	2989	2996	3318	3353	3395	3404	3451	3459	3661	3670	3721	3811	3825	4055	4071	4130	4176	4311	4384	4433	4467	4535	4691	4692	4752	4816	4837	4838	4908	
151	387	530	740	1052	1140	1387	1579	1666	1717	1931	2717	2865	3101	3292	
44	110	122	209	528	548	582	644	654	658	860	944	991	999	1000	1009	1041	1099	1200	1310	1475	1520	1533	1611	1749	1805	1831	1926	2016	2036	2110	2739	2799	2941	3154	3258	3266	3583	3705	3730	3829	3857	3859	3887	4035	4112	4324	4471	4614	4626	4631	4706	4739	4753	4756	4800	4862	4917	4935	4952	4975	
71	96	116	188	241	490	497	563	735	752	779	1111	1267	1326	1423	1756	1971	2159	2183	2203	2325	2450	2626	2882	2922	2978	3077	3086	3132	3139	3156	3398	3477	3556	3629	3714	3723	3763	3836	3842	3889	3897	3972	4190	4232	4233	4237	4297	4314	4350	4406	4430	4548	4558	4571	4582	4618	4635	4678	4801	4817	4902	4985	4993	
426	600	790	895	1043	1082	1119	1472	1637	1676	1742	1771	1815	1862	1869	2208	2312	2420	2668	2872	2909	3421	3663	3772	3953	4004	4096	4156	4162	4191	4248	4455	4532	
4	16	74	227	360	393	432	729	861	875	1073	1150	1183	1403	1602	1626	1644	1726	1735	2133	2309	2374	2428	2463	2491	2953	3060	3070	3317	3571	3672	3977	4020	4069	4145	4152	4161	4201	4275	4276	4443	4465	4495	4648	4782	4852	
24	29	381	505	661	697	925	1017	1152	1213	1301	1405	1536	1701	1857	2249	2272	2318	2348	2476	2550	2639	2968	3782	3812	3874	4070	4198	4211	4238	4368	4505	
97	140	236	239	312	388	422	561	678	781	1194	1559	1635	1774	1992	2050	2156	2477	2526	2559	2586	2697	3030	3224	3284	3286	3627	3641	3765	3820	3848	3928	4223	4393	4395	4396	4439	4456	4503	4541	4554	4625	4733	4799	
1	186	339	489	588	867	894	927	1053	1062	1096	1447	1502	1592	1599	1776	1785	1801	1879	1970	2045	2056	2058	2136	2430	2554	2637	2655	2855	2937	3153	3197	3215	3430	3616	3676	3706	3748	3881	4088	4113	4133	4325	4436	4553	4567	4608	4683	4725	4820	4823	
554	586	831	857	913	924	1159	1323	1374	1606	1664	2368	2732	3019	3448	3551	
52	296	479	680	945	986	1273	1569	1833	2030	2037	2464	2815	2849	3074	3136	3165	3283	3297	3337	3350	3536	3777	3810	3835	3839	3912	4014	4017	4160	4174	4322	4526	
238	338	377	516	583	1024	1128	1257	1258	1572	1628	1998	2040	2202	2259	2265	2440	2545	2558	2805	2824	2977	2988	3168	3225	3252	3299	3377	3449	3456	3479	3492	3543	3570	3729	3776	4247	4271	4317	4597	4604	4639	4715	
15	540	968	1015	1093	1214	1251	1411	1509	1607	2347	2880	
101	267	438	610	677	1132	1836	2125	2144	2271	2354	2382	2497	2519	2534	2696	2839	2878	2936	3040	3078	3090	3260	3745	4003	4012	4120	4343	4349	4462	4464	4478	4560	4634	4644	4657	4664	4681	4717	4720	4751	4794	4814	4865	4871	4950	
164	266	684	702	1418	1863	1872	1990	2489	2595	2627	2687	3062	3274	3314	3336	3346	3349	3508	3952	
174	223	232	344	863	1275	1314	1484	1745	1802	2118	2433	2969	2979	3183	3439	3532	
970	990	1033	1122	1138	1147	1508	1848	1887	1944	2161	2243	2392	2658	2677	3010	3013	3082	3180	3201	3270	3272	3445	3509	3725	3780	3819	3950	3968	3990	4018	4038	4049	4080	4129	4348	4366	4373	4409	4413	4521	4539	4748	4777	4778	4804	4824	4835	4849	
299	481	694	1208	1313	1627	1696	1891	2039	2395	2530	2640	2854	
3	106	348	383	486	517	581	726	858	1088	1149	1162	1182	1324	1416	1514	1522	1643	1823	1847	1897	1905	2174	2223	2446	2452	2654	2709	2712	2792	2911	3157	3162	3392	3535	3576	3677	3749	3852	3868	3898	3930	4099	4127	4132	4246	4251	4299	4321	4354	4375	4483	4520	4586	4703	4811	4825	4836	4868	4899	4910	4914	
7	129	189	283	439	472	1166	1207	1222	1287	1298	1322	1390	1530	1563	1619	1709	2164	2361	2365	2495	2513	2804	2971	3390	3391	3527	3530	3582	4033	4110	4116	4313	4330	4466	4516	4542	4599	4646	4728	
10	173	491	498	1317	1759	1843	2018	2021	2279	2330	2727	
56	126	1202	1373	1604	1961	2063	2077	2192	2212	2356	3037	3093	3208	3409	3419	3426	3493	3507	3516	3922	4167	4195	4266	4296	
202	367	413	669	760	1186	1353	1362	1446	1539	1571	2106	2194	2602	3095	3355	3371	3468	3735	3834	3944	4092	4105	4134	4181	4259	4360	4386	4390	4461	4942	
256	423	691	727	909	914	940	1329	1573	1914	1919	2027	2140	2206	2250	2264	2323	2583	2656	3056	3058	3096	3478	3871	3961	3978	4029	4374	
85	100	597	715	820	1244	1690	1855	1942	2458	2561	2853	2886	
14	105	257	384	458	573	689	780	975	1046	1775	2038	2182	2273	2707	2940	3067	3695	3841	
536	636	682	1252	1640	1698	1704	1782	1929	2242	2304	2653	2783	2807	3327	3333	3534	3727	3736	3850	3951	3982	4150	4165	4208	4274	4358	4427	4446	4512	4515	
277	441	501	555	575	662	1034	1365	1524	1531	1534	1728	1730	1751	1753	1764	1792	1827	1910	2162	2178	2335	2375	2503	2571	2706	2757	2770	2781	2883	2917	3072	3232	3291	3428	3563	3580	3704	3885	3932	3946	4135	4137	4157	4196	4302	4327	4459	4536	4642	4661	4687	4689	4690	4727	4791	4897	4931	4943	
577	617	625	846	847	939	1319	1369	1431	1464	1577	1674	1814	2284	2307	2749	2773	3036	3228	3464	3631	4015	4074	4147	
43	86	149	231	430	607	833	848	1225	1234	1391	1479	1734	1845	1900	2166	2176	2281	2296	2386	2504	2582	2607	3069	3363	3531	3587	3756	3969	4016	4131	4217	4218	4372	4494	4511	
2	94	165	402	457	477	1141	1881	2020	2146	2179	2260	2390	2591	2715	2740	2772	3195	3235	3264	3308	3343	3415	3460	3486	3498	3555	3562	3614	3728	3935	4241	4242	4254	4256	4283	4294	4336	4359	4564	4640	4774	4783	
172	181	224	279	292	347	643	690	882	884	912	993	1036	1060	1180	1233	1404	1546	1737	2019	2160	2175	2180	2367	2480	2508	2592	2619	2638	2724	2782	2834	2836	3083	3099	3174	3511	3599	3710	4067	4125	4155	4250	4265	4310	4312	4328	4362	4398	4426	4438	4473	4479	4590	4743	4758	4789	4844	4855	4885	4887	4906	4977	
48	70	146	203	376	480	533	659	793	824	835	878	1084	1228	1292	1564	1645	1673	1765	1934	1954	1996	2103	2207	2213	2394	2426	2460	2472	2482	2660	2733	2784	2813	3112	3152	3302	3427	3465	3632	3732	3753	3891	3999	4077	4192	4212	4258	4295	4319	4334	4392	4434	4480	4488	4522	4600	4645	4667	4671	4732	4759	4760	4802	4854	4858	4890	4898	4983	
900	1219	1307	1333	1409	1795	2057	2459	2505	2614	2790	2819	3190	
155	1153	1429	1608	1867	2007	2128	2381	2437	2606	2679	3257	3397	
218	961	1020	1201	1334	1397	1408	1499	1716	1746	1799	1966	2403	2445	2481	2493	2533	2593	2647	2672	2791	3026	3111	3161	3210	3458	3504	3577	3605	3626	3656	3716	3905	4269	4278	4411	4423	4432	4675	
502	798	1049	1075	1145	1172	1259	1587	1614	1757	1859	2262	2263	2410	2444	2457	2646	2680	2751	3034	3038	3172	3259	3276	3366	3462	4000	4013	4097	4345	4418	4441	4517	4550	
184	326	350	433	450	460	551	673	712	775	1192	1459	1615	1875	2009	2224	2372	2429	2449	2507	2939	3068	3075	3572	3617	3883	3911	3924	3966	3979	4023	4118	4172	4193	4213	4303	4424	4448	4510	4566	4576	4699	4815	4819	
107	903	957	1249	1526	2151	2200	2230	2352	2473	2567	2588	2674	2954	3029	3108	3175	3520	
17	437	510	550	645	756	886	976	1031	1227	1328	1351	1448	2269	2283	2364	2635	3119	3294	3313	3331	3592	3856	3975	
207	244	263	511	842	1692	1695	2195	2357	2479	2506	2604	2738	2789	2931	3642	3747	
66	69	91	265	547	1288	1515	2087	2317	
208	416	819	853	1223	1462	1784	1922	2041	2316	2777	2933	3158	3219	3554	3639	
60	1164	1175	1305	1377	1743	1798	2170	2400	2408	2572	
741	813	849	1038	1167	1375	1441	1722	1876	2091	2282	2673	2763	2838	2921	3271	3476	3500	
137	192	228	605	709	803	980	985	1121	1203	1591	2000	2308	2389	2889	2915	2972	3114	3247	3495	3618	
417	869	1104	1354	1382	1551	1997	2082	2231	2298	
32	306	313	462	960	1176	1370	2053	2287	
159	532	700	946	954	995	1056	1072	1195	1337	1380	1500	1516	1681	2076	2411	2535	2703	2760	3365	3432	3542	3787	
40	57	565	646	657	983	1633	1767	1918	2015	2216	2225	2340	2371	2456	2585	2860	2874	3184	3230	3309	3443	3581	3635	3652	3739	3767	3791	3917	3942	4006	4021	4331	4340	4500	4544	4570	4580	4612	4629	4633	4763	
303	356	363	390	403	1212	1215	1413	1460	1548	1658	1679	1766	1864	1908	2127	2130	2149	2336	2478	2488	2652	2667	2779	2828	2885	3250	3325	3425	3558	3561	3636	3697	3750	3865	4267	4422	4533	4711	
19	156	157	160	166	182	442	1136	1232	1346	1450	1727	1840	2665	2809	3151	3370	3372	3433	3472	3490	3491	3538	3591	4086	4108	4224	
59	95	120	133	400	543	766	931	1102	1243	1471	1675	1787	1830	1868	2158	2214	2455	2516	2818	2926	3023	3251	3307	3319	4075	4332	
171	301	784	801	1001	1040	1137	1169	1367	1435	1545	1617	1687	1810	2292	2454	2735	3194	3278	3422	3539	3630	3671	3843	3866	4081	4183	4347	
49	320	478	492	537	594	703	786	789	973	1032	1089	1220	1272	1331	1338	1425	1430	1671	1834	1935	1963	1964	2069	2199	2510	2577	2598	2852	2881	2925	3042	3079	3200	3267	3408	3496	3552	3684	3809	3827	3853	3882	4202	4344	4371	4378	4417	4493	4565	4572	4702	4903	4912	4932	4960	4965	
183	219	351	653	1158	1612	1631	1653	1861	1991	2085	2650	3237	3289	3334	3418	
177	322	576	844	1130	1339	1396	1485	1702	2238	2373	2649	2682	3411	
178	220	331	357	773	810	822	962	1048	1103	1250	1381	1504	1710	1768	1793	1985	1995	2062	2209	2255	2306	3123	3155	3245	3312	3389	3414	3424	3698	3764	3907	4057	4117	4164	4169	4189	4206	4222	4315	4382	4458	4721	4767	4772	
287	449	1593	1773	1817	1853	2003	2064	2104	2235	
37	82	92	103	168	764	859	928	1296	1529	1661	1953	2005	2024	2184	2210	2222	2333	2512	2608	2688	2720	2762	2788	2825	2955	3001	3063	3248	3263	3340	3344	3375	3564	3733	3752	4034	4045	4060	4094	4143	4262	4460	4486	4496	4506	4531	4587	4834	4853	4877	4904	
190	242	1161	1181	1838	1882	2369	2641	2888	2960	2984	3011	
587	1064	1154	1610	1678	2468	3004	3109	3169	3444	3461	3485	3524	3545	3568	3686	
87	293	365	409	412	435	436	529	558	649	765	804	1006	1066	1105	1148	1160	1163	1230	1453	1486	1556	1561	1870	1880	1937	2098	2251	2349	2523	2648	2741	2892	3055	3239	3261	3298	3423	3455	3664	3687	3762	3774	3933	3967	4085	4114	4124	4178	4240	4435	4437	4497	4621	4708	4724	4795	4889	4940	4969	4997	4998	
12	79	425	807	809	874	984	1107	1732	1962	2094	2119	2560	2569	2742	2847	2896	3012	3150	3310	3489	3594	3606	3831	3894	3993	4030	4044	4290	4320	4501	
215	352	395	459	730	949	1209	1270	1318	1361	1492	1898	2485	2496	2686	2950	3064	3146	3164	3512	3973	4197	4216	4252	4270	
67	89	175	259	284	717	734	963	1018	1058	1115	1327	1372	1455	1497	1598	1683	1903	1907	1951	2054	2181	2241	2393	2501	2524	2540	2605	2681	2820	2821	2958	2970	2985	3027	3059	3170	3567	3574	3666	3701	3804	3890	3915	4024	4078	4187	4200	4229	4326	4394	4549	4585	4669	4827	4873	4918	4930	4961	4982	
518	769	1254	1255	1642	1689	2315	2384	2470	2548	2611	2631	
389	419	452	770	951	1184	1421	1940	2285	2404	2736	2912	2923	2983	2997	
68	112	371	494	640	648	656	687	692	716	742	787	893	965	989	1321	1465	1487	1491	1544	1663	1724	1813	2089	2167	2201	2326	2527	2662	2714	2730	2808	2990	3021	3213	3233	3326	3388	3513	3517	3523	3623	3645	3696	3801	3830	3846	3936	3940	3996	4082	4144	4205	4261	4298	4305	4377	4412	4415	4474	4584	4601	4623	4805	4891	4893	4895	4978	4990	4996	
65	88	167	222	258	317	321	362	749	898	959	1045	1090	1240	1247	1281	1620	1623	1748	1809	1842	1959	2078	2218	2514	2780	3048	3339	3352	3480	3688	3815	3860	3960	4090	4140	4214	4540	4619	4714	
378	485	613	707	871	1151	1224	1308	1325	1852	1893	1938	2043	2121	2257	2695	2863	2876	2918	3141	3216	3440	3633	3634	3703	3823	3838	3847	3876	4083	4249	4306	4476	4547	4662	4674	4677	
237	538	591	663	688	1185	1873	2702	2767	2875	2952	3128	3137	3186	3356	3393	
139	234	243	335	622	655	840	1114	1290	1320	1507	1829	2253	2275	2590	2594	2659	3033	3322	3373	3475	3522	3526	3713	3724	3768	3779	4153	4279	4287	4337	4402	4429	4481	
180	290	325	404	493	541	728	788	851	883	950	1133	1170	1256	1311	1345	1468	1888	1894	1909	1969	2025	2107	2186	2234	2474	2528	2543	3177	3285	3329	3673	3770	3799	3872	3997	4089	4095	4138	4210	4282	4307	4477	4485	4573	4698	4792	
210	1051	1094	1512	2723	2833	2963	3017	3113	3166	3199	3249	3367	3473	
226	397	447	559	821	1007	1035	1237	1928	1946	
51	72	99	102	161	240	295	368	370	593	632	696	722	839	922	996	1055	1168	1266	1291	1393	1669	1874	2070	2126	2342	2391	2518	2551	2754	2964	2967	2999	3054	3105	3131	3253	3293	3301	3347	3348	3394	3575	3669	3700	3814	3919	3956	4052	4257	4351	4357	4449	4780	4882	4915	4954	4956	4968	4973	4992	
109	119	200	611	832	972	1061	1274	1427	1439	1854	2191	2578	2580	2850	3482	
261	309	314	364	392	642	901	905	917	923	941	1127	1360	1469	1481	1532	1949	1993	2061	2169	2188	2228	2236	2239	2341	2536	2750	2851	2906	2916	2986	2993	3088	3110	3218	3222	3240	3316	3674	3760	3892	4073	4203	4463	4490	4543	4555	4660	4701	4704	4843	4857	4861	4867	4916	4928	
83	601	862	1407	1657	1896	2288	2424	2442	2576	2689	3020	3160	3268	3269	3438	3646	
572	1106	1190	1540	2435	2722	2868	3032	3085	3149	3189	3277	
55	143	566	569	811	953	1022	1068	2012	2776	2845	2932	3279	3386	
275	621	794	795	866	1025	1632	1750	1821	2187	2893	
26	124	195	531	604	614	982	1253	1340	1378	1566	1895	2010	2022	2067	2154	2198	2511	2612	2633	2643	2785	2898	2974	2982	3049	3104	3229	3256	3501	3515	3560	3578	3610	3658	3678	3694	3741	3818	3863	3965	4126	4179	4263	4361	4397	4400	4440	4452	4492	4499	4525	4528	4610	4627	4654	4666	4718	4731	4754	4766	4810	4828	4967	4979	4984	
11	25	271	274	305	346	629	736	753	873	994	1010	1120	1156	1197	1332	1357	1505	1543	1605	1826	1906	1923	2120	2172	2197	2320	2683	2832	2866	2946	2966	2992	3044	3046	3122	3126	3127	3191	3342	3467	3586	3590	3593	3637	3644	3761	3807	3808	3899	3903	3918	4159	4245	4272	4286	4367	4387	4431	4442	4450	4472	4524	4527	4556	4592	4688	4693	4831	4832	4859	4874	4896	4927	4951	4987	
62	127	134	142	282	386	405	584	908	987	1229	1383	1473	1849	2221	2345	2353	2387	2406	2618	2625	2827	2943	3163	3296	3565	3734	3738	3805	3913	4028	4046	4109	4194	4470	4563	4637	4665	
217	262	286	291	300	428	482	514	571	708	746	958	964	1002	1113	1226	1384	1400	1582	1651	1668	1758	1772	1812	1981	2004	2205	2305	2377	2402	2422	2490	2609	2734	2949	3065	3130	3236	3246	3255	3369	3410	3597	3909	3943	3981	3995	4284	4304	4316	4329	4352	4388	4421	4468	4469	4651	4710	4741	4742	4773	4796	4840	4846	4872	4878	4901	4924	4937	4938	4941	4947	4953	4962	4966	
193	330	469	542	679	745	854	1480	1538	1555	1672	1804	1974	1982	2145	2155	2837	2871	2873	2890	3429	3470	3579	3992	4002	4119	4163	4204	4228	
31	250	280	345	674	759	778	800	881	887	977	988	1085	1097	1217	1352	1454	1595	1721	1841	1858	1917	2211	2351	2486	2894	2907	3134	3138	3385	3893	3948	4041	4142	4170	4182	4244	4268	4281	4300	4513	4606	4696	4734	4737	4755	4807	4841	4911	4913	
35	90	358	382	444	512	567	719	868	890	1078	1178	1196	1235	1264	1302	1304	1438	1483	1513	1685	1688	1703	1939	1972	2100	2108	2111	2337	2487	2601	2752	2843	2899	2942	2961	3098	3148	3242	3244	3273	3341	3463	3569	3584	3740	3754	3851	3926	3958	3980	4051	4123	4139	4308	4309	4364	4370	4502	4545	4574	4579	4611	4650	4705	4768	4793	4813	4949	4986	5000	
47	145	169	802	1030	1211	1294	1379	1498	1790	2563	2701	
248	308	318	415	427	1284	1388	1700	1952	1999	2370	2532	2900	2905	
20	138	289	754	1070	1077	1079	2147	2153	2557	2634	2663	3383	3416	3548	
76	80	147	311	411	609	637	904	906	934	1014	1389	1399	1584	1596	1818	1820	2109	2115	2644	2798	2822	2867	3003	3041	3084	3116	3173	3185	3287	3315	3324	3364	3381	3549	3668	3766	4025	4369	4507	4736	4757	4776	4785	4809	
434	560	825	1050	1087	1412	1575	1733	1747	1844	1902	1927	2443	2599	2629	2951	2973	3061	3357	3442	3446	3679	3845	4173	
42	115	235	319	668	1457	1494	1506	1684	1770	1983	2189	2252	2412	3412	
30	739	767	926	935	1013	1063	1074	1576	1816	1837	1955	1957	2086	2229	2708	2756	2987	3008	3147	3546	3611	3612	3615	3816	4005	4058	4339	4457	4475	
50	77	128	255	276	570	603	626	647	757	815	918	1065	1278	1682	1973	2046	2099	2171	2293	2350	2434	2447	2539	2617	2829	2859	3203	3360	3483	3540	3647	3873	3989	4053	4054	4264	4405	4561	4616	4652	4668	4719	4723	4738	4771	4833	4850	
5	153	354	398	401	474	1376	1402	1443	1518	1979	2451	2670	2747	2919	3106	3435	3653	3719	3790	
93	487	495	525	623	671	792	911	992	1198	1280	1283	1715	2101	2267	2562	
34	81	380	845	1639	1654	1707	1744	2084	2232	
230	471	524	725	731	782	808	855	865	879	967	1295	1299	1368	1428	1434	1568	1603	1915	2075	2240	2344	2515	2651	2746	2761	2947	3057	3087	3092	3145	3238	3288	3497	3607	3640	3659	3665	3751	3862	3884	4009	4019	4171	4207	4273	4338	4453	4622	4643	4730	4803	4958	
152	385	503	521	704	816	1110	1117	1349	1665	1789	1794	2071	2219	2248	2431	2743	2856	2869	3320	3374	3553	3824	3869	4148	4186	4356	4383	
247	373	470	507	1155	1525	1885	1941	1976	2553	2657	2699	2812	2944	3454	3503	3559	3585	3821	3828	3964	
136	191	332	638	665	713	1042	1086	1143	1174	1245	1303	1420	1714	2048	2319	2676	2840	2887	3022	3685	3976	4063	4111	4149