32	349	836	1300	1506	1609	2252	2288	2445	2864	2871	2899	3096	3176
162	172	236	240	449	467	514	644	963	1504	1748	2014	2146	2351	2358	2418	2659	2758	2811	3138	3443	3447	3505	3694	3766	3945	
67	74	773	852	936	983	1213	2097	2242	2485	2822	2936	2978	3009	3014	3118	3185	3464	3761	3978	
380	534	609	1004	1453	1529	1538	1687	1719	2083	2089	2111	2982	3004	3404	3414	3638	
433	458	471	857	863	1016	1111	1136	1245	1298	1480	2013	2220	2516	2583	2703	2860	2905	2913	2967	2988	3015	3019	3173	3196	3197	3257	3265	3291	3298	3354	3528	3541	3643	3691	3698	3736	3794	3944	4123	4159	4359	4401	4552	4570	4587	4605	4633	4673	4718	4724	4741	4757	4768	4798	4815	4857	4916	4944	4991	
40	164	390	392	528	747	828	893	1149	1341	1454	1460	1578	1729	1841	1962	2458	2475	2565	2635	3117	4231	4237	4247	4299	4830	
381	500	809	821	992	1049	1253	1516	1593	1702	1727	1783	1897	1938	2160	2246	2301	2575	2696	2830	3320	3642	3675	3925	4035	4107	4242	4366	
261	855	933	1128	1551	1668	1757	1772	1865	1899	2004	2114	2265	2266	2708	2757	3112	3216	3433	3576	4340	
11	19	115	228	896	1014	1137	1177	1591	1676	1910	2119	2182	2527	2902	3012	3109	3311	3658	
373	727	742	815	1106	1666	1786	1967	2140	2492	2670	2736	2895	3397	
178	259	427	612	801	980	994	1465	1721	1755	1844	1870	2070	2393	2399	2466	2589	2673	3305	3307	3381	3590	3632	3828	3863	3870	3890	3914	4034	4182	4230	4634	
81	125	316	578	843	985	1649	1873	2207	2234	2403	2877	
36	41	303	519	553	638	790	984	1222	1278	1375	1394	1412	1760	1812	1941	2008	2180	2196	2291	2330	2384	2432	2735	2778	2876	2944	2979	3231	3366	3520	3825	3837	3838	4106	4160	4199	4238	4289	4398	4408	4449	4582	4586	4590	4606	4619	4622	4758	4786	4826	4903	4908	4919	4927	4957	
153	251	346	437	677	725	761	839	1042	1052	1107	1471	1631	2001	2131	2324	2522	2537	2763	2772	2799	2802	2838	2853	2891	3005	3017	3081	3259	3376	3512	3564	3689	3702	3727	3934	3979	4111	4145	4468	4660	4670	4685	4727	4840	4853	
120	130	211	217	276	397	465	487	561	597	637	702	877	999	1199	1370	1380	1445	1674	1678	1754	1777	1898	1959	1990	2045	2239	2344	2594	2615	2835	2939	2959	3011	3022	3160	3331	3470	3536	3649	3679	3685	3740	3790	3824	3901	3967	4054	4064	4135	4147	4188	4355	4531	4555	4558	4561	4573	4711	4791	4792	4816	4837	4846	4863	4878	4884	4887	4910	4917	4933	4952	4955	4962	4966	
66	68	96	268	331	376	396	527	590	663	683	859	959	1092	1118	1147	1277	1296	1463	1534	1552	1629	1632	2007	2016	2200	2507	2563	2689	2817	3454	3485	3711	3961	4048	4089	4176	4377	4405	4497	4553	
174	207	288	378	454	509	716	783	1022	1100	1112	1432	1594	1602	1615	1667	2064	2130	2247	2371	2639	2724	2729	2948	3021	3235	3280	3293	3388	3445	3565	3567	3592	3628	3670	3851	3862	4024	4175	4290	4381	4511	4672	4722	4788	4790	4821	
260	410	824	1067	1130	1507	1650	1705	1878	2074	2481	2683	2711	2738	3074	3141	3220	3268	3302	3489	3514	3660	3700	4154	4224	4267	4298	
345	366	606	619	642	872	981	1032	1238	1330	1363	1436	1531	1569	1628	1730	1731	1740	1768	1886	1924	1975	2042	2641	2917	3002	3186	3187	3285	3319	3361	3370	3441	3578	3589	3636	3684	3717	3853	3952	4010	4077	4079	4080	4115	4326	4371	4428	4476	4549	4550	4709	4769	4841	4864	4873	4921	4938	
60	233	477	652	1120	1446	1968	2022	2155	2262	2362	
38	51	141	405	413	432	496	565	841	1021	1050	1134	1154	1159	1168	1281	1348	1367	1425	1544	1636	1655	1691	1718	1798	1845	1933	2115	2313	2341	2480	2614	2674	2678	2855	2927	2992	3129	3130	3145	3365	3559	3748	3819	3820	3884	3891	3899	3927	3936	3974	3990	4021	4039	4151	4301	4305	4491	4506	4689	4696	4731	4738	4744	4824	4852	4866	4892	4905	4937	4945	4970	4973	4976	4977	4980	4989	4994	
241	510	802	909	1311	1331	1837	1859	2369	2740	2759	2883	
309	621	639	1163	1271	1308	1483	1988	2104	2161	2212	2730	2748	3041	4104	
306	592	1356	1574	1580	1682	2065	2181	2286	2322	
21	375	526	739	825	1071	1198	1567	1893	4896	
152	622	667	714	806	972	1352	1685	1800	2719	2816	3028	3083	
195	368	384	502	796	1288	1323	1509	1535	2320	
111	200	238	533	558	675	868	899	1023	1046	1716	1876	2167	2258	2292	2343	2465	2503	2559	2663	2709	2720	3250	3382	3653	3948	3958	4116	4150	
82	323	360	478	563	799	1603	1648	1813	2195	
64	134	246	296	354	363	382	387	459	579	594	693	776	813	947	1074	1318	1364	1387	1426	1576	1690	1710	1712	1782	1861	1872	1980	2166	2211	2214	2244	2277	2370	2556	2572	2595	2603	2713	3201	3297	3314	3386	3467	3522	3587	3715	3716	3724	3732	3793	3848	3975	4183	4225	4314	4352	4387	4423	4464	4662	4678	4721	4787	4795	4899	4986	4995	
148	220	575	820	962	1211	1291	1537	1618	1766	1971	2158	2184	2233	2529	2552	2604	2633	2642	2697	2718	2819	2931	2998	3228	3266	3399	3458	3462	3508	3547	3635	3680	3696	3759	3779	3872	3897	3963	3973	3987	4020	4059	4128	4213	4253	4309	4357	4572	4621	4629	4650	4860	
94	143	327	531	574	991	1017	1525	1701	1758	2062	2154	2219	2293	2312	2679	3099	3338	3491	3568	3667	3781	3888	4066	4968	
257	284	305	339	792	918	1124	1201	1206	1326	1334	1368	1654	1982	2590	2785	3229	3377	3532	3595	3608	3729	3823	4016	4132	4203	
219	329	335	389	880	884	904	950	990	1184	1408	1706	1746	1827	1885	1894	1934	1974	2039	2049	2133	2159	2402	2496	2564	2597	2609	2625	2637	2646	2861	3122	3389	3413	3484	3603	3681	3762	3776	3816	3915	4027	4117	4219	4249	4270	4383	4494	4515	4599	4691	4745	4822	4859	4941	4949	4971	4979	
92	224	386	409	608	892	912	1228	1294	1482	1693	1836	1913	2137	2145	2439	3194	3269	3478	3639	3652	3672	3726	3733	3796	3954	
46	77	371	1075	1096	1522	2015	2116	2404	2416	2443	
5	73	100	618	717	811	1257	1512	1533	2108	2126	2669	2770	2820	3292	
90	106	485	692	777	942	951	1129	1390	1427	1575	1586	1720	1762	1771	1833	1952	2101	2173	2337	2543	2644	2812	2882	2916	3001	3027	3098	3211	3222	3371	3487	3627	3654	3723	3738	3784	3847	3879	3924	3989	4053	4148	4152	4164	4196	4211	4228	4232	4439	4440	4477	4489	4493	4508	4514	4522	4526	4540	4593	4654	4659	4740	4760	4814	4854	4856	4876	4901	4907	4924	4965	4967	4998	
297	513	907	978	1176	1250	1346	2123	2143	2289	2430	2608	2832	3133	3316	3427	3641	
620	953	1015	1126	1256	1452	1500	1581	1995	2224	
87	187	265	627	830	851	1108	1145	1215	1246	1515	1665	1670	1822	1936	1978	1979	2026	2352	2414	2436	2504	2557	2743	2753	2774	2776	2792	2912	2985	3016	3072	3580	3633	3707	3708	3799	3803	3929	3950	3957	4026	4194	4321	4369	4452	4638	4695	4754	4777	4922	4931	4943	
37	58	138	340	472	1173	2071	2398	2449	2577	2668	
3	52	185	201	294	361	559	661	685	703	812	849	966	993	1027	1060	1266	1314	1672	1987	2059	2283	2505	2520	2704	2926	2950	2973	3033	3151	3169	3348	3350	3383	3503	3836	4158	4389	4611	4755	
203	212	278	666	676	780	887	1028	1029	1143	1179	1376	1388	1498	1911	1917	2050	2296	2319	2373	2624	3087	3233	3260	3321	3356	3586	3839	3962	4214	4339	4524	4594	
27	62	65	166	216	227	343	434	455	492	660	735	749	917	1041	1178	1202	1316	1391	1469	1542	1561	1673	1767	1820	1835	1883	1895	1922	1954	1996	2120	2169	2321	2386	2461	2551	2680	2867	2879	2896	2924	2968	3139	3241	3254	3287	3299	3450	3597	3614	3650	3792	3898	3918	3994	4036	4113	4216	4248	4287	4416	4454	4467	4649	4677	4682	4686	4735	4767	4870	4888	4913	4946	4996	
1	234	495	689	745	876	961	1104	1114	1195	1223	1226	1251	1303	1305	1417	1513	1539	1626	1741	1857	2027	2185	2201	2216	2427	2495	2530	2865	2994	3064	3126	3210	3312	3344	3385	3451	3494	3513	3554	3613	3624	3817	3835	3951	4005	4062	4125	4129	4146	4177	4613	4620	4692	4804	4861	4882	4900	
30	50	191	286	464	577	629	650	1434	1489	1606	1787	1925	2003	2303	2457	2574	2656	3076	
80	173	1084	1447	1723	1819	1824	1830	1985	2010	2237	2472	2515	2534	2584	3601	3746	3752	
95	412	494	511	570	602	707	1349	1377	1384	1633	1681	2171	2228	2411	2732	2755	2872	3161	3343	3479	3490	3555	3663	3664	3772	3977	3999	4046	4056	4101	4276	4319	4347	4404	4413	4532	4567	4575	4609	4618	4623	4635	4690	
6	102	144	151	159	229	300	304	322	557	653	782	784	1109	1283	1523	1770	2032	2088	2149	2215	2280	2450	2610	2969	3219	3424	3431	3731	3858	3906	3947	3980	3984	3996	4041	4047	4239	4286	4328	4349	4361	4490	4559	4661	4680	4776	4848	4883	
197	243	310	365	1034	1455	1459	1802	1951	1999	2113	2248	2308	2550	3294	3301	3333	3548	3718	3755	
84	145	171	976	1056	1090	1994	2415	2517	2588	2980	3282	3588	3626	3661	3669	3677	3734	3943	3966	3998	4099	
110	156	292	295	370	430	463	549	647	787	823	1007	1008	1069	1289	1332	1358	1416	1579	1663	1686	1801	1889	1890	2467	2491	2870	2928	3013	3020	3023	3042	3060	3068	3119	3142	3215	3230	3253	3327	3415	3507	3629	3721	3741	3785	3821	3873	3895	3949	3959	3960	4009	4055	4074	4093	4124	4131	4179	4317	4342	4397	4412	4483	4486	4504	4530	4584	4595	4600	4626	4668	4715	4935	4939	4961	4975	4978	
79	270	759	982	1856	1963	2069	2221	2487	2821	2880	3146	3158	3184	
78	163	165	311	469	476	524	704	1063	1102	1196	1275	1340	1479	1619	1992	2024	2041	2165	2281	2435	2451	2511	2694	2701	2900	2919	2976	3277	3310	3374	3463	3525	3539	3569	3923	3956	4015	4017	4100	4108	4144	4167	4297	4323	4396	4448	4512	4645	4733	4780	4793	4800	4812	4842	4850	4879	4940	4987	4992	4997	
133	301	385	586	591	664	763	771	861	900	1066	1110	1592	1647	1695	1769	1788	1811	1871	2054	2076	2210	2217	2230	2385	2405	2483	2607	2850	2942	3059	3065	3155	3237	3306	3387	3481	3496	3526	3591	3616	3713	3737	3769	3893	3930	3985	4031	4133	4268	4282	4337	4453	4510	4597	4616	4641	4775	4845	4865	4951	4963	4981	5000	
417	461	491	613	649	785	817	848	955	1065	1185	1295	1472	1588	1601	1637	1679	2298	2347	2760	3183	3309	3313	3349	3425	3659	3662	4078	4187	4190	4261	4495	4604	
362	488	489	516	626	723	789	867	943	1062	1221	1230	1232	1385	1404	1611	1700	1715	1818	1905	1984	2051	2090	2127	2139	2144	2238	2345	2359	2367	2409	2725	2846	3367	3618	3832	3900	3955	4311	4325	4329	4368	4418	4430	4556	4851	
22	418	572	1061	1435	1492	1548	1608	1752	1916	1955	2087	2135	2151	2315	2524	2570	2585	2775	2828	3115	3227	3323	3516	3563	3678	3763	3881	4137	4375	
244	508	546	556	648	672	803	1001	1264	1555	1697	1743	1926	1945	2129	2199	2295	2356	2406	2544	2648	2676	2798	2839	2842	3124	3245	3375	3546	3558	3687	3808	3831	3913	3988	4032	4044	4083	4181	4364	4525	4543	4628	4699	
13	131	222	287	313	333	583	786	1058	1083	1151	1170	1284	1735	1790	1881	2043	2092	2361	2374	2561	2586	2945	3075	3079	3101	3113	3347	3515	3683	3699	3813	3942	4003	4029	4236	4252	4334	4345	4374	4407	4415	4498	4538	4713	4753	4771	4799	4833	4839	4897	
180	223	344	1082	1259	1361	1518	1903	2493	2531	2540	2649	2716	3182	3495	
428	474	674	679	765	964	1077	1188	1526	1565	1653	1866	1937	2884	3052	3063	3071	3188	3204	3406	3570	3617	3630	4052	4073	4227	4241	4263	4292	4313	4330	4338	4363	
12	122	204	253	348	359	377	403	407	512	542	585	690	883	975	1043	1208	1428	1641	1887	2098	2264	2616	2849	3103	3209	3271	3279	3281	3453	3922	3932	4049	4195	4234	4244	4312	4335	4445	4469	4642	4764	
199	221	678	923	1019	1350	1571	1805	2222	2660	
76	88	208	299	325	431	450	708	819	1035	1039	1162	1371	1410	1413	1481	1494	1683	1831	1965	2259	2474	2533	2691	3025	3157	3193	3408	3428	3584	3744	3774	3876	3969	4168	4281	4382	4410	4451	4551	4602	4625	4647	4712	4751	4794	4808	
8	281	441	466	986	1093	1450	1661	1919	2023	2153	2178	2554	2809	2974	3148	3598	3773	4057	
347	838	866	1260	1462	1474	1808	2198	2273	2471	2706	2878	3206	3396	3430	3466	3620	
336	518	668	935	1048	1086	1141	1144	1161	1225	1321	1456	1610	1703	1733	1807	1930	2021	2056	2363	2377	2690	2779	2885	3038	3247	3258	3368	3390	3501	3531	3596	3602	3605	3673	3710	3926	4030	4069	4097	4121	4300	4351	4372	4385	4393	4411	4612	4688	
34	483	807	1098	1142	1379	1577	1947	1998	2163	2426	2717	3036	
48	53	105	149	182	404	422	646	729	856	864	871	905	958	969	989	1140	1210	1233	1324	1415	1495	1625	1851	1854	1942	2261	2311	2332	2400	2442	2567	2568	2640	2894	2935	3251	3304	3409	3457	3459	3533	3549	3623	3645	3798	3892	3940	3976	4000	4112	4316	4346	4484	4563	4725	4730	4783	4838	4881	4902	4954	4982	
23	103	688	885	902	946	997	1024	1239	1313	1559	1803	1906	1981	2037	2268	2429	2519	2619	2911	3346	3379	3392	3449	3575	3719	3807	3861	4018	4067	4243	4315	4365	4457	4523	4568	4591	4646	4739	4843	
20	205	501	927	1072	1164	1218	1268	1440	1725	2498	2622	2818	
2	24	44	414	903	925	1182	1439	1442	1596	1825	2009	2061	2066	2086	2338	2447	2489	2721	2756	2840	3540	3809	3826	
112	255	444	808	1020	1338	1438	1491	1915	1940	2100	2179	2501	2502	2780	2784	3153	3189	3238	3290	3671	3695	3760	3894	4180	4222	4388	4447	4485	4516	4517	
15	43	154	682	832	1160	1229	1389	2366	2714	2786	2898	3067	3088	3091	3164	3557	3885	3886	3916	4028	4130	4293	4308	4318	4394	4442	4459	
39	89	317	793	1186	2446	2477	2677	2731	2800	2914	4869	
202	551	562	615	767	1282	1590	1689	1953	2209	2499	2602	2692	2906	3234	3384	3468	3818	3933	
147	334	398	438	445	734	889	922	1003	1234	1466	1476	1799	1958	2106	2218	2225	2328	2510	2847	2946	3039	3270	3939	3946	3970	4002	4140	4450	4541	
190	215	671	840	913	967	996	1310	1369	1393	1403	1519	1623	1747	1749	1939	1956	2046	2256	2353	2408	2581	2611	2700	2844	2856	2887	2940	3054	3055	3256	3373	3444	3486	3560	3585	3600	4103	4122	4141	4277	4284	4380	4446	4542	4576	4640	4674	4723	4734	4803	4817	4832	4858	4886	4893	4928	4972	4993	
137	225	341	447	538	564	814	952	970	1005	1339	1405	1662	1745	1960	2080	2174	2335	2470	2473	3162	3300	3499	3981	
104	117	539	632	770	791	800	816	1044	1158	1204	1728	1734	1737	1739	2401	2506	2666	2681	2943	2949	3190	3255	3274	3423	3682	3822	3937	4045	4092	4336	4373	4402	4480	4487	4614	
56	61	70	97	142	256	388	393	425	479	505	737	1097	1135	1187	1572	1852	1864	1989	2044	2378	2448	2634	2655	2688	2741	2826	2952	3080	3217	3308	3619	3720	3857	4033	4138	4191	4350	4421	4583	4720	
108	196	254	504	520	604	617	858	869	1040	1051	1088	1320	1423	1511	1780	1932	1973	2187	2192	2203	2339	2419	2452	2464	2667	2834	2848	2984	2993	3116	3239	3325	3353	3412	3519	3609	3647	3657	3751	3757	3827	3834	3880	3889	3902	4013	4207	4208	4218	4419	4554	4580	4608	4657	4679	4683	4737	4743	4765	4847	4872	4891	4930	4958	4969	
4	17	85	158	213	232	280	530	633	710	757	798	954	1045	1087	1219	1254	1337	1351	1359	1657	1751	2102	2300	2365	2376	2463	2553	2761	2862	2889	2957	2999	3070	3179	3199	3203	3225	3242	3334	3342	3537	3545	3622	3750	3841	3854	3909	3919	4084	4149	4155	4209	4258	4324	4386	4463	4478	4481	4528	4537	4574	4643	4658	4806	4849	4918	
214	342	554	623	743	804	879	1272	1328	1353	1399	2672	3034	
266	700	731	779	1089	1181	1287	1584	1840	1847	2305	2695	2766	2858	
31	285	321	697	977	1033	1121	1355	1366	1386	1499	1643	1850	1853	1957	2019	2028	2105	2240	2431	2523	2560	2796	2907	3044	3120	3154	3223	3593	3860	3869	3968	4050	4119	4275	4353	4437	4671	4706	
139	177	423	581	610	614	699	810	891	1025	1070	1304	1343	1503	1562	1877	2060	2093	2390	2455	2791	2829	2921	3147	3577	3579	3688	3735	4095	4184	4333	4431	4500	
140	684	1122	1273	1373	1508	1659	2081	2096	2107	2251	2274	2535	2650	2657	2851	2963	3127	3150	3205	3330	3437	3509	3551	3581	3953	4025	4185	4229	4251	4395	4400	4432	4434	4475	4610	4729	4736	4763	4772	4773	4785	4819	
319	521	616	882	1175	1406	1560	2364	2545	2767	2977	3175	3341	3357	3456	3469	3610	
75	274	686	968	1216	1448	1536	1605	1699	1904	2038	2077	2260	2617	2728	2908	2909	3031	3362	3400	3701	3712	3778	4007	4192	
86	272	569	938	1765	1950	1986	1997	2229	2636	2658	3069	3107	3218	3674	3686	3780	3788	
93	338	443	1068	1172	1333	1541	1921	2132	2392	
298	576	794	1255	1342	2012	2099	2162	2346	2382	2441	2651	2929	3006	3123	3200	
59	406	732	998	1037	1843	2055	2188	2271	2368	2421	
184	209	291	315	408	750	845	1157	1397	1558	2084	2148	2360	2580	2623	3032	3043	3272	
277	282	595	607	1183	1276	1642	2020	2193	2546	2548	2592	3066	3089	3094	3208	3401	3420	3615	3725	3745	4172	
128	924	1265	1645	1669	2094	2236	2263	2652	
226	641	738	929	987	1006	1094	1193	1614	1829	
113	121	188	374	481	740	1433	1545	1680	1709	1750	1826	2194	2395	2509	2629	3202	3289	3497	3814	3997	4008	
150	183	206	210	307	350	640	670	754	1078	1190	1280	1496	1711	2117	2396	2454	2525	2599	2777	2823	3058	3136	3336	3421	3434	3690	3706	3756	3770	3840	3852	3912	4004	4170	4201	4492	4520	4546	4701	4703	4746	4811	
7	146	515	720	854	940	944	1030	1344	1400	1401	1421	1470	1478	1779	2040	2249	2334	2532	2579	2771	2886	3168	3212	3506	3611	3621	3791	3874	3935	4085	4087	4348	4360	4472	4589	
18	372	424	462	760	847	960	1171	1237	1675	1814	1849	1966	2017	2085	2272	2789	2875	2923	3007	3178	3284	4094	4256	4294	
14	634	659	766	795	1293	1927	2052	2241	2372	2494	2654	2726	2857	2954	3085	3191	3562	3607	3648	3856	4043	4157	4221	4370	4384	
497	525	751	818	862	1431	1488	1612	1627	1781	1884	2018	2073	2227	2250	2336	2420	2582	2675	2744	2863	3283	3878	3993	4037	4102	4379	
132	237	271	320	421	566	567	705	744	874	934	1047	1248	1317	1336	1420	1486	1622	1660	1793	2068	2164	2223	2285	2318	2331	2413	2422	2612	2628	2705	2712	2751	2903	3061	3198	3236	3286	3442	3544	3704	3868	3983	3991	4262	4272	4422	4533	4534	4535	4624	4651	4669	4762	4874	4920	4959	
107	136	429	498	687	722	1155	1418	2121	2297	2698	2807	3417	3448	3656	
9	192	283	540	746	919	1009	1073	1116	1123	1365	1441	2437	3000	
269	328	719	730	1000	1080	1484	1540	1912	2058	2299	2323	2440	2459	2538	2626	2665	2893	3077	3125	3172	3244	3267	3295	3358	3422	3472	3552	3709	3882	3896	4012	4086	4096	4142	4156	4193	4271	4332	4435	4505	4577	4813	4835	
245	279	353	490	775	1026	1514	1838	1935	2000	
155	167	194	235	263	351	473	598	755	1054	1059	1113	1127	1267	1583	1634	1640	1688	1707	1785	1918	1920	2031	2208	2412	2500	2699	2723	2892	3090	3134	3339	3359	3473	3535	3640	3764	3765	3846	4118	4127	4139	4441	4470	4578	4607	4631	4656	4684	4708	4862	4871	
826	1115	1292	1360	1621	2078	2213	2549	2638	2686	2804	2922	3037	
127	537	890	916	973	1477	1597	1761	1778	1828	1993	2309	3177	3328	3337	3498	3553	
49	129	189	218	262	267	337	453	658	758	833	878	1117	1243	1485	1510	1713	1759	1776	1858	1900	1907	2002	2030	2091	2138	2232	2349	2388	2434	2513	2684	2742	2930	2960	3018	3056	3405	3471	3594	3599	3833	3871	4098	4174	4189	4255	4390	4507	4693	4694	4742	4756	4759	4761	4818	4904	4983	
16	258	655	673	713	1018	1189	1244	1258	1638	1717	1763	1791	1949	2348	2715	2808	2824	2841	3110	3128	3214	3460	3665	3768	3921	4022	4178	4245	4358	4501	
364	853	897	911	931	1139	1497	1553	1816	1888	2103	2226	2397	2825	2888	2904	2938	3026	3105	3167	3246	3583	3787	3850	4220	
91	98	126	169	290	369	402	517	532	555	611	681	736	762	921	979	988	1064	1174	1191	1214	1357	1378	1424	1468	1528	1549	1613	1892	1976	2394	2482	2618	2749	2781	2813	2918	2953	2956	3149	3226	3510	3705	4011	4038	4063	4257	4264	4280	4378	4443	4479	4664	4750	4766	4782	4784	4855	4956	
186	1372	1464	1554	1557	1600	1677	2380	2417	2521	2734	
181	415	440	805	842	1383	1521	1582	1656	2276	2468	2476	2606	2815	3521	3573	
29	119	239	435	457	552	560	657	764	910	926	1249	1252	1285	1396	1430	1517	1530	1564	1635	1756	1875	1961	2197	2253	2333	2381	2407	2682	2733	2810	2962	2991	3035	3170	3249	3380	3393	3480	3604	3753	3804	3812	3866	3911	3986	4109	4210	4266	4279	4288	4356	4409	4436	4444	4502	4509	4548	4571	4637	4665	4698	4770	4789	4801	4894	4912	4915	4923	4964	4974	4985	
109	419	468	635	656	932	1012	1235	1262	1297	1398	1520	1704	1862	1931	2284	2326	2453	2591	2620	2662	2782	2910	2955	3008	3144	3273	3426	3556	3637	3692	3801	3905	4246	4331	4529	4579	4705	4717	
83	275	308	394	442	712	834	915	920	937	1038	1547	1901	2112	2278	2512	2541	2788	2801	2806	2925	2947	3263	3416	3482	4076	4090	4120	4233	4273	4327	4376	4391	4545	4560	4687	4732	
25	302	506	694	769	1587	2279	2547	2739	2752	2981	3024	3207	3240	3252	3410	
28	356	448	711	718	1013	1125	1197	1231	1309	1607	1722	1882	2005	2302	2317	2596	2845	2932	3276	3429	3703	3971	4081	4088	4110	4202	4283	4354	4557	4596	4598	4615	
161	242	273	367	436	541	547	571	1220	1302	1437	1589	1764	1855	1891	2033	2124	2157	2170	2290	2569	2621	2765	2965	2987	3029	3132	3224	3324	3446	3538	3612	3742	3775	3917	4105	4162	4204	4427	4465	4562	4655	4710	4714	4728	4752	4825	
101	395	696	781	873	956	1644	1842	1874	2067	2095	2314	2536	3030	
42	318	486	529	995	1301	1306	1792	1929	2072	
47	248	523	906	1209	1241	1335	1684	1744	1797	1810	1908	2053	2526	2566	2573	2661	2805	2859	2997	3010	3180	3329	3332	3340	3360	3402	3432	3511	3582	3606	3655	3830	3843	3887	3982	3992	4001	4065	4082	4143	4186	4223	4240	4310	4429	4456	4482	4566	4588	4630	4697	4805	4807	4820	4880	4885	4898	4950	4988	4999	
63	247	605	631	645	756	886	1327	1490	1868	1902	2057	3195	3355	3474	
116	411	593	628	706	930	1119	1192	1274	1354	1524	1527	1563	1848	2011	2079	2128	2479	2562	2576	2773	2868	2983	3062	3121	3165	3372	3407	3438	3452	3483	3530	3730	3754	3928	4169	4260	4488	4518	4519	4527	4536	4544	4564	4565	4601	4627	4666	4747	4796	4834	4936	4942	4948	4953	
176	1011	1247	1451	1724	1846	1867	1991	2707	2833	2961	2966	3152	3296	3394	3465	3475	
71	179	1101	1217	1696	1823	1972	2462	2518	2555	2600	2762	2869	3045	
522	599	643	901	965	1227	1501	2189	2327	2478	2571	2803	2814	3440	
10	69	358	974	1156	1167	2029	2190	2410	2444	2486	2598	
357	536	584	587	603	665	709	753	822	888	941	1079	1105	1395	1449	1806	1817	1821	1928	1969	2118	2141	2202	2294	2316	2342	2653	2671	2750	2837	2866	2915	2933	2964	3050	3073	3078	3082	3156	3213	3345	3378	3435	3644	3811	3877	3910	4217	4320	4438	4474	4499	4513	4603	4681	4700	4779	4809	4823	4844	4895	4909	4947	
55	170	175	312	355	400	535	568	580	625	695	721	726	870	881	1382	1598	1726	1736	1834	1914	2110	2257	2528	2578	2630	2727	2745	2793	2920	2996	3104	3137	3174	3243	3318	3403	3411	3502	3523	3527	3651	3758	3797	3802	3829	3849	3859	3864	3865	4014	4040	4051	4061	4091	4134	4265	4269	4285	4302	4414	4653	4707	4719	4726	4748	4797	4829	4867	4911	4926	4929	4934	4984	4990	
45	503	545	774	1053	1148	1165	1224	1443	1570	1773	1909	2006	2063	2389	2754	2995	3003	3111	3264	3303	3542	3747	3800	4058	4060	4070	4071	4171	4341	4344	4362	4424	4471	4569	4639	4652	4702	
35	114	231	324	475	548	636	701	724	728	844	860	875	939	957	1133	1180	1207	1240	1261	1263	1312	1362	1409	1505	1543	1556	1753	1839	1948	2036	2047	2147	2433	2514	2587	2605	2769	2873	2874	2975	3102	3322	3391	3398	3529	3534	3572	3631	3646	3676	3777	3782	3844	3855	3867	3875	3972	4075	4153	4212	4226	4250	4274	4343	4426	4455	4581	4648	4716	4774	4875	4906	4932	
379	543	588	827	835	1055	1270	1347	1422	2231	2306	2423	2424	2460	2787	3048	3097	3135	3171	3697	3714	3749	3815	3845	3938	4114	4173	4278	4425	
57	332	589	601	654	698	831	1166	1212	1236	1269	1325	1345	1407	1429	1493	1502	1599	1616	1639	1664	2243	2245	2267	2269	2355	2383	2425	2647	2687	2934	2941	3100	3106	3143	3166	3261	3455	4126	4291	4295	4322	4433	4644	4676	4704	4749	4778	4868	
550	624	630	778	788	797	850	908	971	1085	1205	1286	1329	1392	1411	1546	1573	1617	1708	1815	1832	1946	1983	2172	2304	2310	2325	2428	2542	2558	2593	2710	2897	2958	2990	3049	3053	3057	3084	3221	3248	3262	3315	3476	3504	3561	3571	3574	3767	3786	3842	3904	3907	4072	4165	4166	4235	4254	4259	4306	4503	4539	4547	4585	4802	4810	4827	4836	4925	4960	
470	846	1057	1242	1299	2168	2176	2254	2329	2631	2746	2747	
157	451	752	1153	1458	2206	2307	2340	2357	2643	3047	3192	3288	
26	391	452	484	894	914	1795	1860	1869	1970	2082	2125	2391	2693	3181	
33	330	480	499	945	1031	1076	1200	1402	1692	1742	2150	2186	2191	2255	2275	2685	2843	2852	2854	2937	3352	3369	3543	3789	3795	3810	3995	4019	4136	4367	4403	4406	4458	4460	4466	4521	4592	4617	4632	4636	4667	4781	4831	
326	352	416	748	768	1444	1473	1879	2613	2645	2795	2989	3093	3140	3364	3666	3693	3805	3920	4163	4197	4198	4206	4296	
401	446	669	733	772	895	1290	1419	1944	2075	3163	3232	3351	3436	
160	198	289	399	829	1095	1146	1169	1307	1315	1414	1775	1784	2035	2456	2469	2632	2702	2722	2831	3095	3419	3461	3492	3722	3883	4205	4215	4307	4417	
250	948	1010	1081	1099	1131	1319	1457	1467	1630	1694	1804	1896	2048	2109	2142	2205	2235	2375	2438	2484	2488	2764	2783	2790	2881	2951	2970	3040	3159	3275	3317	3493	3500	3550	3566	3739	3771	3964	4006	4042	4161	4303	4420	4496	4663	
135	168	439	582	1132	1203	1487	1646	1651	1732	2025	2034	2152	2156	2890	2972	3114	3634	3668	3728	
252	420	865	949	1002	1150	1794	1943	2134	2177	2282	2387	2490	2986	3326	3335	3488	
99	249	314	600	691	1279	1964	2136	2175	
72	230	493	544	573	837	898	928	1036	1194	1374	1461	1566	1585	1595	1620	1658	1698	1738	1774	1789	1796	1863	1977	2204	2287	2379	2794	2797	2836	2901	3046	3278	3363	3395	3418	3439	3625	3806	3931	3941	4304	4399	4461	4473	4675	4828	4877	4889	4890	4914	
54	123	124	264	383	456	507	596	662	680	1152	1381	1550	1568	1652	1714	2354	2497	2601	2737	3051	3086	3783	3965	4200	4392	4462	
193	460	1091	1322	1532	1604	1809	2183	2508	2627	2664	2827	2971	3108	3131	3517	3524	3743	3903	4023	
118	293	426	482	651	715	741	1103	1138	1475	1624	1671	1880	1923	2122	2270	2350	2539	2768	3092	3477	3518	3908	4068	
