6	57	348	624	1024	1499	1574	1949	2176	2768	2902	2934	3109	4492
94	127	239	421	523	639	732	814	1626	1713	1966	1999	2033	2077	2129	2145	2418	2623	2785	2984	3106	3276	3373	3801	3849	3992	
4	129	335	527	1329	1571	1667	2052	2059	2260	2509	2742	3011	3034	3205	3224	3247	3517	3577	3784	
2	89	487	508	686	1541	2064	2332	2729	2972	3200	3310	3357	3384	3405	3595	3628	
8	451	845	993	997	1000	1039	1068	1086	1134	1144	1309	1378	1419	1433	1693	1729	1982	2003	2024	2049	2195	2204	2297	2351	2420	2431	2933	3142	3152	3425	3485	3548	3571	3633	3648	3727	3777	3798	3920	3931	4046	4070	4084	4181	4300	4351	4420	4527	4560	4561	4576	4578	4677	4730	4738	4802	4922	4971	4973	
3	1098	1251	1446	1469	1670	1969	2186	2225	2240	2296	2569	2572	2632	2841	2908	2911	3156	3203	3615	3625	3751	3816	3880	3926	3934	
55	77	490	652	827	920	1019	1041	1208	1351	1860	1937	2683	2696	2715	2845	3018	3019	3193	3332	3362	3524	3722	3832	4006	4289	4369	4973	
197	245	279	397	533	553	558	680	862	971	1527	1930	2062	2376	2441	2678	2827	3101	3120	3669	3999	
132	158	254	561	685	745	893	1162	1642	2046	2086	2139	2640	2997	3292	3418	3446	3655	3746	
30	213	233	504	649	910	944	1138	1636	2038	2226	2977	3009	3150	
92	125	357	437	698	718	784	1502	1510	1512	1622	1691	1773	1818	2020	2169	2283	2465	2713	2755	2814	2929	2950	2993	3075	3137	3257	3515	3818	3820	3996	4150	
10	372	505	708	757	1189	1316	1358	1721	1891	2592	4999	
109	175	314	364	481	501	547	857	994	1272	1362	1473	1539	1558	1587	1884	1990	2154	2255	2437	2516	2558	2584	2605	2630	2837	2873	2932	3104	3116	3138	3356	3382	3393	3432	3480	3603	3688	3692	3790	3903	4032	4146	4271	4336	4338	4468	4504	4534	4571	4789	4883	4902	4905	4907	4926	
283	380	436	461	497	582	704	808	895	1567	1595	1665	1749	1871	1932	2168	2369	2526	2624	2654	2828	3027	3146	3309	3486	3552	3593	3630	3671	3733	3811	3843	3870	3888	4038	4082	4121	4196	4218	4242	4365	4370	4382	4405	4463	4652	4693	
69	87	91	173	174	229	360	411	507	530	695	729	900	917	987	1120	1321	1334	1444	1450	1603	1649	1659	1681	1753	1810	1850	2029	2223	2506	2517	2523	2544	2834	2990	3070	3220	3234	3252	3266	3383	3445	3479	3575	3581	3588	3636	3653	3666	3862	3935	3973	3997	4021	4174	4366	4372	4521	4531	4547	4553	4636	4650	4684	4701	4740	4778	4831	4841	4851	4889	4901	4934	4968	5000	
189	199	201	351	716	756	839	843	1074	1396	1675	1754	1849	1935	1983	2619	2748	2957	3140	3281	3311	3321	3483	3607	3619	3773	3894	3964	3978	3986	4171	4257	4329	4369	4388	4538	4632	4689	4720	4722	4978	
154	156	211	619	628	749	869	1159	1371	1420	1424	1534	1748	1784	1785	2028	2682	2726	2771	2978	2999	3012	3179	3196	3427	3458	3464	3484	3511	3760	3834	3911	4053	4159	4290	4334	4390	4494	4580	4613	4630	4657	4678	4776	4786	4827	4858	
297	327	393	415	627	734	810	823	954	1203	1327	1755	2430	2556	3022	3186	3217	3594	3698	3928	3945	3990	4097	4128	4172	4247	4347	
29	106	571	709	791	883	889	958	1001	1007	1128	1166	1175	1459	1568	1922	2083	2095	2119	2242	2505	2593	2701	2745	3098	3103	3165	3258	3626	3638	3654	3682	3744	3853	3900	4037	4091	4203	4253	4268	4283	4374	4397	4491	4528	4558	4567	4631	4663	4706	4744	4762	4855	4877	4880	4881	4939	4961	4977	
247	499	1142	1394	1590	1819	1963	2120	2415	2454	2565	
33	177	289	294	355	394	399	514	593	742	786	833	872	914	925	1029	1063	1089	1178	1215	1217	1300	1311	1338	1356	1366	1375	1406	1637	1652	1723	1727	1756	1862	1879	1960	1992	2269	2273	2337	2416	2464	2588	2879	2951	3030	3054	3111	3127	3229	3351	3435	3459	3472	3565	3684	3691	3824	3864	3868	3874	3966	3972	4293	4433	4454	4536	4619	4647	4655	4709	4719	4748	4896	4908	4930	4948	4997	
313	468	538	805	1423	1554	1742	1950	2301	2389	2704	2816	
575	746	1364	1582	2006	2345	2366	2482	2774	2782	2897	2917	3078	3219	4976	
13	506	812	905	1005	1357	1425	1503	1965	2481	
431	502	940	1169	1347	1470	1831	1883	2094	2325	
122	179	270	330	592	1284	1507	1704	1766	1778	1981	2547	2913	
62	513	555	587	659	855	1113	1172	1542	1550	
26	45	188	356	428	766	792	809	838	1689	1841	2256	2300	2374	2620	2670	2780	2803	2809	2813	2840	2853	2870	3055	3264	4058	4113	4158	4265	
324	580	655	677	1248	1308	1631	2172	2329	3822	
31	133	255	303	352	370	518	539	590	606	638	1034	1093	1163	1176	1302	1519	1549	1618	1686	1692	1744	1764	1911	1917	2030	2045	2099	2156	2167	2309	2406	2438	2444	2486	2846	3112	3114	3191	3228	3242	3297	3364	3471	3570	3686	3828	3937	3953	4107	4169	4241	4243	4266	4322	4357	4416	4436	4459	4617	4624	4843	4859	4885	4894	4920	4941	4962	4995	
19	292	495	529	594	595	724	856	968	1236	1290	1339	1341	1372	1422	1544	1552	1578	1830	1889	2215	2287	2304	2317	2585	2611	2642	2753	2839	2937	2989	3017	3048	3284	3529	3837	3917	4040	4075	4142	4190	4208	4239	4245	4393	4614	4629	4751	4760	4771	4775	4787	4848	4911	4978	
86	207	274	373	1072	1170	1239	1259	1285	1493	2475	2573	3285	3308	3339	3341	3342	3724	3785	3844	3847	3932	4009	4065	4180	4996	
398	460	658	911	1177	1261	1553	1562	1809	2428	2528	2532	2604	2717	2736	2865	3094	3408	3452	3456	3663	3678	3683	3875	4111	4137	4264	
96	128	192	200	226	272	349	486	662	795	865	1043	1078	1147	1234	1437	1454	1526	1663	1792	1833	1906	2013	2026	2142	2303	2340	2360	2388	2405	2450	2456	2519	2551	2566	2679	2751	2855	2888	3092	3170	3227	3244	3409	3610	3829	3837	3858	4149	4185	4364	4450	4537	4565	4570	4634	4672	4765	4835	
145	449	556	674	1064	1079	1266	1472	1501	1763	1858	2017	2140	2254	2468	2469	2484	2512	2685	2852	2914	3127	3305	3335	3792	4035	
222	1108	1313	1951	2160	2197	2341	2413	2530	2796	2868	3822	
47	60	376	423	645	1204	1219	1381	1451	2222	2298	2546	2741	3197	3338	3542	
177	205	286	387	396	520	544	696	733	777	878	902	909	1026	1121	1273	1355	1395	1431	1464	1816	1919	1988	2036	2135	2151	2156	2180	2249	2323	2330	2449	2597	2636	2664	2886	2896	3003	3029	3134	3158	3375	3403	3461	3465	3642	3651	3670	3813	3830	3854	3922	4074	4119	4140	4152	4170	4238	4254	4279	4280	4321	4337	4406	4421	4446	4555	4575	4597	4639	4726	4803	4884	4975	4980	
28	114	231	271	281	358	467	1789	1959	2205	2299	2461	2681	3487	3508	3522	3805	3980	
632	634	750	1084	1148	1700	1786	1807	1989	2434	
309	395	599	908	977	1059	1140	1179	1187	1238	1310	1317	1367	1369	1528	1697	1893	1964	2000	2055	2134	2178	2480	2493	2705	2875	2906	3031	3105	3270	3336	3398	3582	3650	3665	3715	3716	3720	3775	3908	3914	4162	4166	4263	4500	4508	4550	4582	4648	4658	4746	4887	4909	4914	
25	287	484	1122	1373	1398	1594	2009	2021	2114	2621	
66	232	277	384	443	483	559	607	699	966	978	1091	1121	1410	1611	1616	1634	1814	2137	2243	2635	2880	2955	3132	3134	3274	3282	3304	3528	3624	3776	3969	4089	4261	4327	4332	4464	4471	4539	4551	4569	
288	311	456	675	789	981	1088	1201	1265	1465	1468	2043	2350	2390	2459	2791	2857	3358	3575	3681	3690	3729	3774	3863	3950	3985	4305	4367	4377	4414	4431	4526	4973	
18	276	298	657	694	720	744	778	891	960	963	982	1012	1194	1209	1307	1333	1343	1661	1672	1757	1796	1887	1972	2100	2166	2171	2187	2454	2466	2550	2601	2631	2637	2665	2705	2799	2811	2832	2909	2949	3074	3123	3182	3194	3226	3267	3298	3348	3388	3621	3667	3680	3738	3873	3912	3958	3974	4014	4023	4095	4155	4161	4355	4509	4557	4568	4633	4646	4742	4804	4805	4875	4888	4935	4940	4946	
7	15	332	340	439	593	598	620	737	811	1010	1127	1281	1306	1436	1476	1537	1733	1866	1934	2346	2752	2893	3001	3047	3127	3173	3216	3268	3291	3349	3381	3401	3503	3652	3675	3767	3778	3787	3856	3884	3885	3891	3957	4108	4118	4165	4457	4680	4705	4739	4755	4792	4838	4925	4929	4931	4932	
262	762	922	1017	1018	1200	1296	1368	2184	2190	2275	2703	2772	2872	3171	3184	3246	3433	3882	
124	208	223	338	568	1174	1246	1390	1442	1467	1783	2015	2501	3108	3151	3328	3521	3807	
23	347	353	459	615	622	775	864	952	1004	1038	1139	1328	1500	1619	1657	1745	1747	2143	2289	2455	2636	2661	2694	2750	3053	3206	3260	3306	3417	3499	3526	3696	3956	4068	4213	4308	4353	4499	4519	4599	4605	4661	4695	
567	618	767	788	939	1023	1418	1471	1680	1803	1995	2245	2312	2319	2425	2513	2819	2967	3020	3040	3079	3088	3211	3213	3288	3444	3531	3585	3718	3755	3782	3819	3878	4045	4061	4112	4132	4164	4184	4256	4299	4310	4356	4407	4516	4610	4653	4845	4868	4890	
641	713	1032	1326	1647	2367	2387	2396	2422	2489	2540	2746	2887	2964	3235	3293	3426	3583	3662	3730	4044	4120	
296	390	616	880	967	1682	1795	1957	2161	2177	2291	2310	2497	2499	2761	3097	3118	3631	3719	3852	3879	4047	
260	325	331	337	403	475	537	573	797	1229	1262	1278	1294	1427	1458	1514	1543	1577	1808	1826	1839	1847	1881	1953	2069	2115	2131	2192	2196	2264	2320	2354	2594	2657	2707	2743	2884	2920	2954	2956	2974	3155	3164	3230	3376	3380	3463	3602	3604	3703	3754	3827	3846	3861	3865	3930	3939	4103	4141	4183	4217	4233	4269	4307	4319	4334	4411	4419	4439	4514	4544	4548	4732	4733	4813	4861	4876	4983	4988	
183	660	725	894	1660	1698	2251	2432	2596	2766	2788	2810	3008	3076	3520	
24	93	203	256	367	412	426	448	1036	1067	1249	1277	1350	1393	1532	1546	1610	1730	1740	1743	2108	2326	2378	2391	2723	2805	3085	3239	3321	3329	3331	3359	3374	3413	3534	3549	3605	3706	3710	3756	3839	3867	3991	4071	4135	4195	4204	4237	4273	4277	4339	4549	4602	4644	4700	4743	4800	4807	4965	4966	4969	
72	246	282	799	916	959	1173	1275	1283	1330	1413	1516	1584	1593	1646	1724	1739	1800	1885	1923	1974	2031	2065	2124	2130	2193	2258	2488	2491	2676	2677	2688	2690	2773	2876	2945	3046	3057	3124	3131	3215	3333	3400	3474	3537	3557	3558	3694	3902	3993	4001	4051	4115	4262	4451	4496	4606	4849	4862	4870	4919	4958	4959	4960	4982	4990	
50	88	155	196	350	374	844	976	1125	1450	1605	1617	1715	1793	1822	1873	2090	2212	2408	2451	2622	2629	2686	2765	2885	2927	2983	2986	3803	3918	3987	4122	4316	4440	
95	181	548	718	927	1031	1220	1312	1794	1798	1820	1829	1936	2185	2237	2293	2616	2697	2903	2923	3319	3367	3386	3404	3644	3704	3786	3838	3866	3975	3982	4049	4080	4124	4129	4156	4186	4324	4408	4645	4714	4753	4754	4764	4811	4839	4856	
184	230	538	589	998	1136	1150	1152	1518	1817	1844	2288	2295	2306	2651	2763	2797	2815	2833	2892	3460	3468	3564	3647	3748	3845	4018	4050	4224	4302	4417	4466	
165	379	444	476	840	842	897	906	918	943	1146	1450	1481	1485	1506	1628	1774	1888	1993	2164	2268	2371	2448	2536	2724	2727	2998	3130	3188	3369	3391	3420	3466	3842	4008	4399	4412	4449	4478	4515	4593	4670	4728	4785	
43	139	405	470	550	780	926	1180	1192	1258	1484	1490	1648	1679	1746	1760	1790	2117	2179	2248	2272	2414	2439	2452	2633	2672	2695	2720	2721	2858	3323	3325	3392	3396	3416	3659	3791	4148	4228	4270	4371	4429	4559	4676	4679	4723	4768	4774	4820	4824	4873	4898	
117	375	554	602	755	990	1020	1133	1181	1907	1931	2404	2471	2762	2798	2890	
178	186	457	515	690	1046	1260	1653	1846	2002	2067	2068	2073	2507	2538	2590	2673	2767	2968	3213	3256	3390	3436	3523	3736	3872	4187	4191	4242	4309	4372	4404	4448	4540	
21	176	212	220	284	466	474	629	1171	1288	1438	1480	1728	1812	1842	1994	2056	2125	2207	2221	2314	2460	2494	2568	2712	2783	3063	3302	3489	3553	3556	3772	3905	3915	4252	4387	4473	4481	4489	4518	4772	4777	4784	4841	
369	831	1009	1097	1264	1407	1579	2159	2292	2409	2510	2539	
77	180	195	198	432	646	807	870	871	1047	1115	1254	1268	1314	1428	1741	2011	2118	2347	2417	2527	2699	2708	2800	2939	3183	3443	3496	3513	3550	3840	3989	4027	4033	4125	4207	4462	4497	4542	4595	4638	4669	4686	4749	4764	4801	4823	4857	
38	290	332	549	552	1447	2165	2232	2379	2525	2714	2877	3174	3181	3190	3237	3475	3779	3794	3970	
90	473	678	707	907	956	1346	1929	2005	2267	2778	2787	3066	3172	3315	3470	3639	
46	361	605	664	693	844	849	1042	1070	1118	1242	1269	1492	1591	1615	1634	1851	2472	2478	2492	2515	2552	2762	2883	2947	3041	3087	3129	3177	3232	3321	3378	3473	3527	3573	3589	3809	3814	3933	4041	4100	4138	4212	4220	4315	4513	4545	4589	4667	4729	4809	
68	266	540	899	1726	1918	2182	2364	2490	2693	2812	3036	3152	
22	116	424	489	509	793	816	873	999	1022	1197	1280	1435	1448	1690	1782	1801	1872	1941	1986	2103	2279	2394	2403	2407	2426	2447	2563	2599	2777	2943	2953	3161	3439	3661	3742	3804	3836	3883	3921	4024	4131	4133	4143	4188	4362	4493	4546	4566	4590	4611	4675	4724	4830	4865	4895	4915	4936	4937	4947	4955	4972	4985	
17	44	48	185	329	551	564	635	679	710	881	1218	1361	1376	1589	1676	2058	2076	2111	2557	2674	2847	2869	3072	3100	3136	3245	3406	3627	3889	4052	4054	4383	4445	4505	4520	4533	4573	4585	4656	
113	420	491	611	796	1289	1344	1432	1735	1914	2394	2457	2744	
49	291	341	465	948	961	1003	1489	1737	1762	1942	2012	2199	2496	2838	2889	3086	3134	3209	3263	3327	3491	3904	4015	4078	
11	120	462	837	1050	1060	1286	1370	1439	1655	1759	2104	2174	2189	2634	2638	2705	2829	3014	3169	3361	3504	3661	3831	3919	3927	4007	4177	4214	4222	4640	
191	441	623	829	1536	1570	1671	1752	1856	1998	2007	2022	2150	2210	2321	2860	2921	2924	3050	3090	3236	3250	3352	3723	3899	3976	4072	4274	4326	
76	163	323	921	941	1048	1107	1323	1673	1835	2203	2608	2722	
100	522	585	676	890	1011	1151	1184	1240	1253	1678	1720	2209	2342	2537	3231	3377	3788	3823	
39	177	654	741	771	1230	1235	1297	1320	1497	1588	1750	2133	2830	2864	3004	3062	3277	3301	3514	3519	3685	3810	3841	3857	3965	4029	4098	4510	4802	4976	4978	
85	152	433	435	836	850	932	1203	1331	1408	1533	1565	1620	1987	2001	2091	2116	2163	2393	2662	2848	2866	2919	2991	3451	3545	3695	3734	3735	3752	3766	3769	3799	3815	3877	3949	4048	4055	4062	4106	4215	4226	4227	4230	4348	4465	4469	4511	4535	4543	4626	4654	4758	4817	4825	4847	4878	4912	4987	4999	
146	224	728	743	1255	1380	1487	1521	1725	1902	1978	2211	2436	2578	2658	2881	2922	2928	3028	3249	3562	3580	3781	4660	
104	149	214	427	429	446	609	821	955	980	1111	1233	1468	1705	1928	2132	2156	2281	2553	2560	2561	2609	2747	2817	3023	3168	3207	3567	3761	4109	4234	4325	4368	4373	4378	4447	4498	
42	135	237	293	344	596	717	973	1161	1287	1409	1560	1606	1623	1758	1933	1939	2110	2224	2294	2529	2533	2793	2867	2874	2982	3110	3259	3286	3411	3568	3606	3612	3717	3980	4059	4067	4282	4296	4426	4573	4598	4683	
41	79	147	216	241	321	401	581	703	772	773	957	965	974	1056	1119	1157	1227	1301	1576	1975	2070	2074	2081	2290	2370	2567	2710	2735	2737	2878	3060	3343	3354	3421	3510	3563	3575	3741	3892	3984	3994	3995	4144	4201	4202	4242	4335	4358	4372	4380	4424	4427	4483	4484	4495	4517	4604	4682	4711	4756	4769	4816	4850	4916	4921	4923	
171	210	244	263	312	342	447	570	579	586	748	765	787	822	854	876	929	935	970	1149	1198	1199	1243	1295	1315	1352	1719	1857	2044	2088	2217	2308	2474	2700	2823	3326	3329	3509	3512	3533	3566	3576	3668	3765	3812	3960	4011	4060	4105	4110	4128	4136	4303	4318	4333	4346	4501	4579	4608	4659	4664	4690	4757	4781	4793	4815	4869	4893	4900	4945	4991	
164	280	419	706	875	1854	1962	2157	2278	2702	2794	3029	3042	
166	626	879	1441	1580	1600	1896	2336	2602	2655	2795	2935	2973	3223	
71	339	383	392	438	521	593	665	1216	1365	1479	1563	1609	1802	2039	2040	2183	2233	2261	2669	2725	2733	2754	2769	2776	2821	2980	3141	3199	3399	3525	4157	4160	4298	4304	4312	4381	4674	4703	4737	
110	591	608	612	656	813	937	992	1044	1374	1421	1523	1732	2218	2598	2818	2843	2916	3121	3159	3299	3492	3530	3702	3739	3753	3980	4090	4246	4485	4492	4502	4522	4524	
130	234	269	381	386	512	577	719	781	1002	1110	1206	1213	1274	1345	1561	1641	1666	1926	1970	1979	2032	2127	2146	2175	2252	2339	2372	2394	2645	2981	3243	3265	3454	3488	3572	3895	4025	4104	4200	4210	4474	4587	4620	4704	
27	153	235	258	425	603	1279	1391	1852	1861	1991	2427	2946	3322	3330	3505	3637	3732	
64	169	901	1632	1985	2082	2191	2587	2614	2959	3233	3275	3295	3347	3371	3419	3437	3538	3616	3618	3660	3672	3770	3942	4099	
137	168	218	492	630	761	2075	2318	2361	2402	2453	2615	2709	3058	3279	3578	3622	3768	
82	150	295	455	485	543	912	928	1430	1811	
391	463	498	566	672	701	832	1062	1677	1946	2047	2382	2801	2898	3144	3192	
534	650	730	1131	1414	1557	1712	1845	2084	2315	2613	
14	167	389	563	636	768	1051	1298	1654	1791	2085	2144	2352	2675	3068	3450	3783	4996	
126	319	574	853	972	1102	1124	1222	1452	1531	1688	1706	1878	2093	2483	2518	2646	2676	2784	2871	3916	4660	
382	984	1057	1271	1867	2041	2048	2051	2089	2092	
148	278	1085	1211	1496	1912	2004	2244	2302	3485	
975	1025	1112	1135	1186	1223	1585	1961	2105	2158	2324	2562	2680	2895	3084	3145	3176	3467	3497	3535	3763	3850	4182	
134	152	217	471	535	647	689	763	818	846	847	898	969	1069	1202	1443	1701	1751	2220	2322	2343	2355	2462	2586	2786	2825	2835	2912	2938	2958	2963	3005	3240	3278	3316	3448	3501	3649	3708	3940	3979	4076	4209	4394	4770	
221	322	354	410	414	531	541	738	858	979	1105	1126	1540	1607	1638	1662	1787	1877	2054	2266	2549	3038	3208	3261	3574	4114	4194	4285	4292	4294	4341	4360	4418	4460	4556	4612	4615	4692	4715	
265	306	333	402	416	731	801	1008	1021	1058	1291	1474	1644	1699	1806	2239	2850	2966	2969	2976	3039	3320	3925	4123	4232	4288	4330	
267	408	953	1066	1083	1090	1340	1411	1614	1625	1635	2035	2153	2286	2384	2419	2421	2905	3254	3541	3559	3591	3632	3743	4016	4116	4167	
75	123	193	194	304	332	406	511	1129	1267	1353	1440	1684	1769	2066	2214	2216	2316	2479	3082	3091	3253	3643	3713	3721	3954	4127	4334	4470	
105	162	301	546	572	663	682	824	1013	1210	1247	1250	1359	1416	1488	1586	1683	1837	1905	1971	2229	2313	2327	2383	2476	2597	2652	2941	2995	3029	3064	3160	3214	3222	3251	3272	3469	3634	3658	3674	3689	4198	4229	4231	4258	4267	4409	4422	4434	4673	4688	4699	4710	4797	4874	4886	4913	
182	209	804	888	1071	1322	1379	1383	1556	1874	2123	2147	2208	2589	2904	3539	
107	516	715	764	1077	1575	1804	1938	2037	2433	2487	2987	3033	3133	
588	633	642	644	904	996	1385	1572	1598	1604	1694	1710	1836	1843	1848	1903	1940	2010	2265	2307	2333	2647	2719	3002	3410	3428	3478	3596	3657	3747	3749	3806	3835	3869	3893	3944	3977	4019	4240	4369	4395	4486	4506	4736	4791	
407	617	661	986	1205	1530	1777	1886	1947	2081	
70	77	316	452	684	697	1080	1117	1299	1445	1477	1569	1629	1633	1765	1815	1927	2128	2350	2454	2470	2521	2610	2644	2660	2732	2759	2831	2960	3126	3166	3187	3269	3355	3493	3518	3579	3817	3896	3946	3952	4088	4223	4291	4331	4340	4376	4437	4583	4616	4712	4779	4867	
160	417	631	826	931	1101	1160	1695	1813	2112	2711	2863	2931	
136	363	368	1006	1455	1566	1776	1948	2034	2053	3128	3154	3158	3337	3350	3438	4764	
56	65	73	102	206	225	371	526	702	779	819	844	949	995	1061	1095	1145	1221	1363	1627	1664	1674	1709	1779	1875	1958	2018	2247	2500	2650	2659	2671	2770	2975	3135	3163	3429	3431	3560	3640	3641	3808	3988	4077	4175	4193	4343	4572	4577	4600	4603	4651	4662	4665	4668	4696	4750	4796	4808	4810	4917	4964	
63	144	170	305	601	934	1065	1303	1319	1354	1400	1658	1967	2121	2328	2806	2826	2925	2926	2930	3037	3052	3158	3345	3394	3536	3936	4039	4301	4314	4428	
12	16	53	478	754	1116	1252	1449	1650	1767	1910	1915	2019	2078	2087	2353	3000	3102	3313	3447	3561	3598	3661	3851	4153	
597	692	933	1073	1276	1304	1389	1402	1547	1864	1870	2032	2080	2138	2173	2228	2270	2656	2687	2695	2779	2971	3059	3210	3314	3317	3329	3365	3389	3455	3462	3477	3543	3587	3951	3968	4034	4079	4102	4189	4255	4272	4352	4375	4391	4413	4623	4685	4707	4716	4721	4752	4763	4802	4806	4844	4846	4871	4952	4954	
365	625	782	841	868	882	1154	1188	1225	1426	1996	2246	
482	600	735	1035	1190	1193	1495	1573	2443	2648	2756	2965	3056	3162	3202	3554	
81	83	103	119	121	268	320	326	430	517	536	557	583	651	770	852	930	1293	1336	1401	1462	1483	1505	1630	1768	1865	1904	2025	2201	2338	2380	2398	2429	2514	2698	2762	3067	3093	3238	3283	3370	3385	3434	3441	3645	3693	3797	3855	3901	3959	4036	4064	4117	4248	4260	4311	4345	4403	4430	4438	4443	4541	4596	4691	4698	4766	4780	4821	4826	4866	4928	4951	
20	131	228	388	493	666	714	1037	1040	1256	1270	1382	1463	1840	1900	2079	2141	2200	2363	2442	2524	2627	2764	2862	2996	3152	3178	3241	3318	3372	3415	3422	3762	3826	4081	4236	4455	4488	4530	4713	
318	413	510	562	723	806	886	985	1087	1244	1468	1508	1519	1897	2071	2271	2358	2362	2511	2555	2687	2807	2992	3026	3262	3346	3635	3705	3759	3971	4056	4101	4130	4139	4359	4442	4507	4588	4727	
248	673	687	896	1137	1337	1805	1945	2152	2368	2386	2581	3143	3198	3294	3485	
243	253	442	479	790	800	1054	1324	1548	1621	1639	1956	2458	2463	2531	2940	3044	3069	3107	3476	3586	3590	3611	3664	3731	3764	4000	4003	4031	4168	4396	4401	4479	4627	4999	
84	111	273	472	488	700	774	884	892	1212	1241	1332	1335	1412	1564	1581	1702	1771	1977	1980	2357	2485	2576	2591	2607	2618	2758	2901	3049	3099	3167	3201	3340	3440	3457	3592	3757	3955	4066	4389	4398	4423	4625	4731	4767	4833	4834	
159	310	860	923	945	1214	1387	1714	2234	2241	2373	2718	2820	3007	4640	
98	238	1081	1207	1486	1656	1823	1976	2016	2107	
40	143	240	458	576	671	1228	1263	1318	1404	1429	1509	1529	1592	1640	1775	1834	1882	1892	1944	2032	2101	2188	2198	2253	2311	2435	2580	2636	3175	3204	3273	3387	3494	3599	3613	3673	3679	4022	4147	4205	4386	4415	4441	4453	4461	4476	4525	4591	4649	4687	4697	4717	4741	4842	4863	4891	4892	4927	4950	4956	4974	4981	4992	
400	503	604	759	863	1555	1608	1799	1876	2194	2250	2467	2603	3071	3334	3617	
101	140	151	190	445	454	528	532	758	820	834	983	989	1106	1525	1538	1597	1613	1711	1780	1909	1952	1968	2023	2238	2277	2284	2359	2559	2641	2775	2900	3032	3080	3213	3500	3502	3516	3597	3676	3897	3981	4126	4250	4317	4342	4354	4361	4363	4410	4503	4607	4759	4788	4799	4949	
1	51	249	640	669	867	2008	2136	2335	2728	2915	3061	3073	3077	3119	3546	3677	
35	450	569	683	783	1094	1535	1599	1913	2081	2349	2395	2520	3195	
80	343	464	861	942	1104	1519	1685	1717	2162	2385	2542	2577	2734	3303	
34	525	866	1153	1417	1522	1596	1624	2109	2230	2259	2854	
37	78	115	187	315	545	565	688	803	877	913	936	991	1027	1052	1377	1399	1415	1478	1517	1612	1634	1869	1895	1899	1920	2027	2056	2098	2545	2548	2653	2740	2808	2979	3081	3122	3189	3289	3395	3490	3687	3699	3740	3800	3821	3833	3871	3963	4020	4275	4297	4384	4444	4472	4532	4574	4622	4718	4725	4814	4822	4837	4872	4899	4903	4910	
61	118	251	307	328	378	453	542	613	635	648	653	727	740	751	752	769	848	903	962	1053	1231	1457	1466	1504	1551	1898	1955	2060	2072	2113	2262	2274	2331	2334	2356	2399	2410	2666	2689	2749	2918	3218	3225	3368	3629	3711	3714	3876	3890	3938	3941	4092	4163	4206	4259	4278	4286	4349	4392	4400	4432	4477	4490	4554	4601	4621	4642	4798	4828	4852	4943	4957	4967	4970	4984	4996	
161	477	614	635	637	681	1028	1130	1132	1392	1491	1827	1832	2097	2473	2522	2612	2676	3010	3360	3620	3646	3697	3712	3789	3802	3825	3848	3881	3887	4151	4176	4284	4320	4480	4529	4637	4841	
5	152	219	377	524	691	739	815	828	1014	1055	1076	1100	1168	1237	1257	1513	1583	1716	1781	1788	1908	1925	2181	2213	2397	2477	2498	2574	2600	2668	2695	2942	2952	2988	3043	3139	3221	3344	3363	3397	3453	3547	3551	3623	3726	3750	3780	3822	3859	3967	4004	4057	4073	4249	4251	4281	4379	4435	4467	4609	4643	4694	4702	4734	4761	4829	4840	4906	4918	4924	4933	4938	4942	4986	4989	
9	336	1015	1099	1224	1305	1855	1901	2063	2350	2412	2628	2757	2948	2962	3065	3095	3442	3544	3608	3837	3907	3913	3948	4013	4211	4276	4385	4976	
59	227	317	409	440	670	964	1196	1232	1282	1460	1545	1669	1731	1734	1761	2148	2375	2495	2554	2687	2730	2738	2792	2802	2842	2859	2936	2944	3021	3149	3157	3307	3423	3540	3600	3793	3860	3962	3983	4017	4145	4221	4475	4523	4618	4635	4681	4790	4794	4819	
58	141	202	215	242	259	261	362	422	578	621	785	835	874	1033	1121	1167	1348	1397	1403	1453	1498	1515	1520	1668	1718	1838	1859	1868	2061	2102	2377	2440	2583	2663	2970	2985	3013	3016	3024	3117	3153	3290	3366	3412	3430	3481	3701	3998	4030	4085	4086	4087	4154	4173	4295	4313	4584	4592	4594	4641	4735	4745	4747	4795	4853	4864	4904	4963	4979	4993	4994	4998	
36	366	817	859	1482	1863	1954	1973	1984	2424	2446	2789	
252	308	667	1195	1559	2155	2219	2236	2625	3025	3045	3180	3212	4640	
496	726	919	1082	1602	1643	1853	2392	2579	2626	2760	2882	2961	3147	3255	
236	434	643	776	915	924	938	1045	1096	1103	1123	1141	1388	1405	1461	1645	1924	2263	2344	2365	2381	2411	2684	2910	3083	3280	3312	3324	3379	3402	3482	3569	3609	3707	3745	3898	4026	4128	4235	4323	4563	4628	4671	4783	4818	
67	359	610	712	747	760	1109	1386	1770	1824	1828	2504	2570	2606	3015	3407	3414	3498	3584	3943	4096	4179	4197	4199	4216	
99	560	722	794	950	1292	1707	1722	1880	2050	2202	2285	2849	3035	4660	
204	257	825	946	1030	1049	1155	1158	1164	1183	1191	1524	1703	1921	1943	2126	2564	2597	2739	3089	3096	3424	3507	3614	3795	3929	4002	4192	4350	4456	
74	264	299	404	538	584	668	721	851	1182	1185	1736	1772	1890	2096	2235	2401	2423	2571	2575	2692	2907	3125	3287	3506	3555	3700	3771	3886	4005	4069	4219	4225	4287	4328	4402	4425	4452	4482	4487	4492	4512	4564	4581	4666	4708	4832	4836	
112	142	334	346	494	887	1226	1456	1651	2400	2503	2643	2822	2824	2861	3115	3271	3353	3725	4042	
54	302	469	718	1342	1997	2057	2227	2231	2535	2649	2804	2851	3006	3185	3296	3300	3728	
52	108	172	988	1384	1601	1687	1797	2042	2106	
97	345	418	519	753	830	951	1075	1143	1165	1349	1475	1511	1696	1708	1738	1825	2014	2122	2149	2257	2276	2280	2305	2445	2508	2534	2543	2595	2617	2667	2790	2844	2891	3737	3758	3909	4010	4083	4093	4094	4134	4306	4552	4562	4586	4773	4782	4812	4854	4860	4879	4882	4897	4944	4953	
500	711	736	802	885	947	1092	1360	2282	2502	2639	2716	2731	2836	2856	2894	2899	3248	3449	3495	3532	3656	3709	3796	3906	3924	4012	4344	4458	
32	138	250	705	1016	1114	1245	1434	1494	1821	2056	2206	2348	2706	2781	2994	3051	3601	3947	4043	4063	
157	275	285	300	385	480	798	1156	1203	1325	1894	1916	2170	2541	2582	2691	3113	3148	3910	3923	3961	4028	4178	4244	4573