147	259	536	1159	1331	1370	1696	1989	2194	2276	2282	2640	2703	3383
63	157	365	385	444	530	621	897	981	1121	1220	1275	1323	2226	2526	2927	2943	3015	3252	3343	3368	3418	3554	4299	4394	4432	
25	35	519	988	1109	1134	1504	1657	1782	1970	2148	2176	2361	2673	3279	3315	3532	3707	3797	4110	
391	449	522	862	905	1517	1616	2094	2231	2253	2529	2660	3434	3629	3738	3865	4033	
181	420	556	807	823	957	1171	1182	1701	1837	1867	2171	2233	2456	2479	2520	2710	2715	3150	3153	3208	3414	3522	3591	3744	3904	4093	4151	4231	4241	4344	4507	4532	4645	
102	349	657	762	817	982	1029	1033	1237	1978	1987	1990	2007	2034	2173	2206	2405	2859	3054	3191	3492	3788	3794	4216	4401	4409	
153	192	331	1019	1042	1221	1908	2480	2691	2910	3050	3097	3133	3228	3295	3366	3471	3546	3592	3832	3899	4004	4161	4170	4219	4228	4297	4321	
2	172	288	755	847	976	1392	1597	1644	1666	1725	1873	1905	2011	2445	2731	2761	2989	3068	4015	4197	
71	100	465	939	954	1061	1151	1279	1420	1527	1584	2619	2657	2732	3041	3129	3401	3786	4073	
234	373	632	930	1147	1259	2057	2248	2328	2707	2733	2952	3037	3442	
307	924	1080	1277	1450	1538	1708	1858	2258	2277	2527	3074	3159	3333	3350	3513	3531	3661	3752	3871	3994	4018	4063	4113	4122	4162	4301	4343	4548	4563	4580	4929	
562	575	614	806	1196	1474	1709	1721	1882	1890	2142	2311	
78	496	514	554	555	661	780	909	917	1200	1270	1303	1308	1816	1832	1898	1971	2141	2172	2190	2235	2271	2315	2344	2414	2429	2493	2675	3134	3140	3170	3298	3581	3630	3728	3763	3932	3961	3984	4020	4196	4384	4431	4530	4590	4727	4738	4750	4771	4779	4869	4883	4886	4898	4934	4985	
11	77	178	475	633	787	820	1040	1102	1180	1219	1411	1428	1459	1483	1598	1698	1801	2012	2185	2267	2449	2524	2759	2863	2899	2901	3115	3294	3344	3354	3494	3727	3935	3951	4245	4325	4355	4400	4686	4748	4817	4846	4884	4896	4910	
60	82	202	225	285	305	538	552	898	958	1175	1188	1226	1240	1555	1611	1817	1963	2038	2074	2232	2506	2519	2545	2582	2600	2668	2776	2924	3025	3253	3256	3337	3345	3409	3425	3427	3449	3454	3478	3559	3659	3660	3764	3795	3849	3867	3888	4030	4066	4175	4185	4305	4310	4326	4369	4381	4460	4469	4470	4506	4516	4614	4693	4765	4831	4872	4895	4905	4926	4956	4977	4987	
142	521	717	921	1041	1089	1487	1519	1521	1622	1630	1767	1847	1926	1988	2018	2296	2316	2427	2444	2616	2631	2656	2766	2892	3106	3128	3144	3525	3649	3886	4106	4135	4443	4445	4485	4656	4677	4799	4823	4957	
101	167	577	634	709	764	952	1038	1377	1419	1653	1661	1842	1897	2228	2609	2680	2772	2774	2851	2893	3002	3004	3152	3164	3257	3724	3963	3964	4058	4079	4081	4140	4148	4182	4199	4338	4403	4475	4486	4513	4541	4662	4715	4759	4825	
24	308	332	344	422	504	719	857	1650	1979	2157	2461	2499	2687	2783	3018	3373	3396	3547	3675	3691	3700	3774	4037	4048	4218	
127	223	290	316	428	637	781	782	1001	1183	1410	1472	2036	2061	2118	2265	2332	2334	2336	2356	2404	2454	2659	2683	2840	2953	2959	2967	2971	3085	3293	3347	3378	3527	3543	3601	3688	3856	3944	3950	3976	3997	4172	4191	4214	4221	4243	4339	4518	4610	4696	4701	4705	4775	4836	4903	4958	4965	4994	
54	65	362	809	1307	1365	1608	1613	2080	2858	4847	
5	108	189	208	216	337	348	377	400	451	517	891	1005	1086	1137	1302	1309	1332	1343	1389	1430	1550	1564	1570	1633	1674	1736	1803	1809	1845	1938	1946	2183	2195	2386	2441	2460	2512	2576	2599	2932	2949	3072	3250	3361	3486	3495	3674	3745	3907	3926	3955	3980	4043	4089	4100	4107	4130	4174	4289	4307	4345	4388	4397	4398	4446	4585	4663	4723	4725	4792	4802	4811	4834	4843	4890	4891	4972	
183	671	687	777	868	1338	1738	1741	2075	2664	2829	2916	
212	732	934	1091	1238	1565	1836	2045	2087	2481	2612	2757	2958	2975	3266	
254	837	864	1179	1272	1273	1560	1609	2279	2581	
12	1443	1445	1549	1748	1756	1962	2022	2369	2371	
110	302	641	883	907	1887	2188	2685	2908	3194	3302	3439	4691	
263	452	483	543	816	1146	1910	2402	2648	
19	294	570	585	731	776	818	890	950	991	1289	1719	1881	2115	2385	2974	3113	3277	3334	3702	3769	3811	3836	3842	3843	3925	4334	4478	
68	350	929	1082	1106	1195	1686	1967	2223	2278	
59	370	387	502	532	626	704	710	734	738	788	1034	1067	1176	1348	1363	1641	1676	1684	1835	1844	1896	2001	2031	2043	2150	2340	2357	2426	2474	2593	2713	2735	2936	2950	2995	3195	3260	3273	3411	3423	3556	3755	3809	3879	3940	3954	3992	4060	4132	4211	4354	4357	4359	4497	4502	4529	4647	4780	4861	4927	4935	4960	4968	4969	4993	
90	114	197	227	383	584	635	644	748	871	906	963	985	1364	1421	1489	1750	1916	1924	2017	2056	2062	2100	2151	2394	2608	2645	2714	2718	2720	2947	2966	3107	3110	3224	3238	3296	3351	3589	3710	3928	3945	3949	4108	4237	4311	4500	4559	4687	4844	4850	4852	4908	4955	5000	
595	1108	1119	1314	1352	1531	1594	1634	1968	2161	2261	2425	2578	3117	3397	3436	3466	3469	3534	3567	3671	3790	3978	4220	4252	
338	791	931	1540	1568	1615	1692	1956	2071	2187	2298	2382	2462	2536	2877	3020	3232	3403	3477	3528	3729	3768	3863	3902	4114	4373	4410	
4	66	80	93	176	201	459	481	660	698	756	792	842	860	975	1095	1163	1186	1217	1284	1373	1418	1691	1716	1717	1757	1930	2523	2580	2649	2663	3196	3370	3391	3432	3539	3747	3817	3981	4016	4046	4249	4256	4420	4455	4463	4511	4574	4589	4708	4716	4734	4830	4863	4867	4900	4961	4995	
180	309	534	766	904	999	1063	1544	1623	1652	2241	2249	2447	2528	2712	2811	2964	3049	3175	3608	3650	4099	4118	4340	4378	4933	
91	155	381	690	887	1079	1297	1578	2374	2567	2752	3051	
40	61	123	477	501	625	941	956	1136	1257	1647	1859	2755	2794	3440	3470	
112	164	248	319	388	429	435	498	789	814	886	947	994	1103	1230	1366	1752	1773	1863	1951	1961	1981	2198	2207	2238	2312	2370	2409	2415	2436	2551	2742	2872	2977	2987	3143	3173	3211	3376	3393	3450	3487	3501	3637	3743	3814	3821	3833	3857	3882	3897	3908	3973	4053	4097	4120	4184	4246	4253	4362	4382	4448	4494	4582	4593	4616	4628	4684	4730	4924	4980	4986	4998	
52	269	509	675	877	1407	2501	2511	2613	3390	3550	3580	3611	3669	3687	3723	3947	
22	293	747	846	936	1074	1158	1401	1658	2237	
138	200	244	523	588	618	636	851	911	973	998	1110	1194	1394	1404	1405	1492	1498	1638	1683	1993	2096	2129	2211	2234	2684	2750	3174	3186	3267	3385	3404	3419	3542	3598	3653	3713	3735	3804	3919	4304	4424	4487	4567	4570	4652	4680	4713	4719	4822	4942	4954	
396	620	900	2028	2041	2044	2059	2119	2494	2626	2661	
272	668	863	1039	1090	1113	1123	1164	1223	1576	1894	1929	1998	2003	2037	2177	2322	2390	2438	2574	2730	2786	2849	2887	3137	3176	3202	3322	3493	3499	3658	3868	4024	4098	4198	4376	4671	4714	4772	
45	198	231	296	512	759	995	1071	1204	1236	1322	1325	1433	1587	1705	1886	2095	2116	2417	2540	2558	2838	2855	2907	3460	3537	3604	3793	3844	3846	3933	3975	4055	
85	179	284	334	345	412	526	565	910	1075	1165	1209	1216	1382	1452	1457	1463	1672	1704	1735	1740	1857	1880	1959	1982	2088	2091	2105	2127	2243	2284	2304	2309	2483	2488	2572	2637	2692	2845	2856	2857	2874	3006	3047	3091	3111	3130	3138	3139	3318	3467	3472	3552	3596	3602	3692	3742	3838	3853	3854	3920	4059	4139	4226	4322	4349	4423	4731	4756	4757	4814	4840	4866	4878	4914	4982	4996	
83	191	395	399	441	476	491	751	771	802	839	845	1154	1197	1251	1300	1340	1439	1479	1830	2077	2121	2154	2179	2303	2346	2513	2672	2729	2821	3079	3182	3248	3364	3479	3516	3548	3731	3759	3770	3798	3823	3873	3916	4155	4392	4396	4496	4524	4572	4581	4800	4804	4812	4904	4919	4988	
15	109	427	587	758	834	1036	1096	1563	1673	1745	2517	3058	3400	3430	3720	3845	4665	
170	211	228	561	881	1169	1311	1453	1465	1607	1776	1883	1932	2175	2646	3365	3544	3574	
27	113	267	545	654	813	1213	1301	1536	1679	1702	1729	1761	1781	2189	2252	2343	2396	2568	2694	2747	2935	3283	3300	3380	3594	3666	3957	4111	4137	4138	4465	4482	4488	4504	4600	4637	4668	4669	4774	
16	97	177	190	410	456	667	701	927	946	980	1076	1232	1724	1765	1994	2055	2082	2139	2159	2314	2450	2797	3541	3668	3839	3896	3936	4088	4103	4129	4298	4313	4324	4379	4413	4425	4483	4577	4624	4630	4682	4724	4736	4809	4873	4880	4889	
210	282	363	375	401	528	546	743	1383	1403	1435	1485	2101	2379	3109	3167	3275	3410	3712	3819	4029	
145	380	473	826	932	1030	1333	1361	1412	1444	1494	2200	2708	3503	3680	3775	3780	3977	4067	4109	4264	
43	125	160	232	261	355	425	508	573	822	948	1139	1218	1245	1278	1488	1583	1734	1779	1796	1884	2005	2046	2363	2407	2470	2504	2610	2773	2827	2883	2890	2891	2918	2972	2984	3000	3034	3092	3323	3389	3452	3457	3480	3481	3482	3502	3523	3555	3603	3620	3623	3876	3967	4050	4064	4069	4167	4171	4236	4370	4371	4472	4495	4569	4578	4623	4695	4706	4764	4824	4829	4893	4913	4925	4973	
270	539	1160	1391	1496	1914	2042	2424	2554	2636	2654	2769	3045	3076	3553	
297	328	364	374	457	513	547	602	843	875	969	1002	1085	1155	1358	1376	1422	1475	1606	1626	1693	1958	2066	2099	2478	2541	2566	2627	2938	2993	3010	3029	3087	3100	3304	3352	3468	3520	3631	4077	4302	4335	4361	4387	4453	4464	4521	4697	4702	4721	4761	4763	4819	4821	4901	4920	4936	4939	4943	4992	
67	105	146	149	215	291	460	674	682	720	827	1044	1066	1072	1073	1117	1148	1402	1455	1502	1546	1728	2064	2117	2203	2326	2351	2395	2485	2577	2592	2611	2700	2788	2824	3003	3008	3019	3243	3246	3247	3261	3377	3453	3638	3655	3664	3672	3673	3716	3911	3930	4086	4143	4294	4308	4408	4611	4768	4810	4842	4864	4970	4989	
51	57	352	447	455	607	688	828	916	1202	1426	1533	1590	1726	1769	1906	1950	2049	2591	2596	2812	2860	2962	3039	3172	3190	3201	3312	3721	3972	4501	4640	
136	359	394	518	553	670	714	718	741	1319	1347	1360	1473	1621	1742	1995	2060	2202	2280	2331	2458	2505	2539	2693	2753	2771	2846	2847	3032	3320	3476	3644	3776	3778	3971	4150	4447	4461	4560	4579	4635	4679	4762	4798	4888	4928	
161	224	286	603	608	888	1011	1017	1104	1149	1246	1662	1665	2372	2490	2716	2981	3122	3254	3810	3884	3996	4213	4271	4279	4342	4438	4440	4558	4565	4568	
9	158	230	485	656	699	796	880	1097	1142	1153	1337	1551	1818	1877	1878	1976	2024	2208	2273	2605	2905	2909	3048	3209	3327	3332	3406	3444	3497	3616	3665	3689	3714	3758	3761	3835	4195	4353	4428	4442	4627	4794	
152	188	415	542	564	568	678	706	711	713	1046	1346	1425	1635	1713	1727	1901	2124	2149	2269	2391	2423	2464	2492	2679	3063	3064	3080	3146	3205	3245	3289	3392	3445	3641	3683	3822	3861	3874	4075	4121	4235	4265	4330	4508	4678	4741	4837	4849	4946	
431	484	576	1298	1368	1697	2114	2160	2325	2342	2446	2960	2997	3533	3656	3737	
262	405	445	487	495	506	1328	1612	1643	1707	1935	2401	2565	2728	2777	3038	3234	3310	3600	3627	3698	3750	3799	3824	3860	3953	3991	4052	4125	4126	4406	4462	
28	404	569	645	785	838	895	919	1007	1020	1088	1145	1335	1529	1566	1593	1668	1807	1827	2257	2275	2408	2561	2737	2762	2780	2878	2896	3077	3278	3526	3614	3617	3636	3850	3859	4254	4337	4367	4477	4595	4856	
360	386	529	805	876	1051	1458	1789	2052	2199	2259	
156	219	274	306	497	578	728	831	978	992	993	1114	1225	1268	1354	1415	1469	1798	1869	1941	2123	2319	2439	2632	2819	2903	2945	2963	3149	3210	3463	3740	3883	4194	4200	4292	4389	4517	4538	4737	4755	4758	4777	4828	4882	4911	4918	
47	205	315	581	795	983	1539	1681	1923	2550	2653	2848	3178	3652	3693	3785	4169	
279	541	567	1589	1595	1711	2013	2033	2050	2416	2497	2556	2886	2992	3207	3509	
33	322	458	597	604	650	835	865	937	961	1060	1077	1157	1201	1274	1283	1362	1532	1651	1694	1706	1927	1999	2222	2306	2606	2618	2622	2740	3141	3251	3314	3399	3685	3719	3766	3890	4071	4095	4156	4180	4262	4284	4545	4612	4632	4674	4952	
99	953	962	1285	1557	1558	2020	2146	2164	2225	2308	2547	3102	
166	239	398	419	619	623	643	695	893	1016	1028	1374	1503	1618	1723	2163	2180	2256	2292	2472	2498	2503	2534	2639	2695	2697	2921	2948	2979	3001	3023	3052	3171	3179	3187	3235	3355	3538	3549	3566	3706	3725	3852	4283	4327	4364	4444	4467	4492	4536	4543	4550	4583	4617	4742	4816	4879	4963	4967	
62	233	351	524	646	803	1107	1316	1406	1783	2040	2051	2181	2186	2553	3061	3155	3233	3297	3340	3447	3697	3762	3765	3767	3801	3923	3968	4072	4351	4484	4499	4515	4534	4601	4681	4692	4707	4877	
426	833	1181	1731	1786	1849	1852	2136	2281	2410	2813	3075	3126	
421	557	572	594	750	1009	1210	1326	1448	1516	1739	1960	2016	2158	2399	2430	2432	2734	3227	3587	3855	3901	4158	4323	
64	250	346	416	433	830	856	866	1471	1507	1833	1931	2153	2360	2676	2864	2983	3026	3030	3103	3258	3437	3948	4047	4268	4280	4288	4296	4480	4596	
50	173	314	442	478	580	715	767	1261	1291	1357	1413	1559	1854	2287	2615	3131	3163	3679	3709	3717	3906	3914	3958	3962	4240	4405	4471	
175	283	339	601	1022	1438	1772	1922	1996	2406	2682	3069	
940	1184	1478	1677	1831	1952	2048	2079	2227	3056	3098	3204	3212	3291	3545	3682	3802	
139	258	298	318	486	492	527	600	761	1070	1124	1249	1317	1321	2015	2019	2205	2521	2727	2888	3119	3156	3181	3197	3605	3995	4208	4242	4417	4510	4609	
46	49	163	195	255	368	591	596	610	611	652	677	970	1092	1132	1143	1670	1785	1804	1933	1944	1977	2081	2128	2182	2220	2246	2555	2588	2594	2614	2790	2793	2836	3213	3451	3489	3500	3572	3576	3599	3634	3889	3893	4090	4141	4204	4207	4275	4312	4419	4451	4549	4688	4875	4907	4949	
310	313	1054	1269	1522	1689	1775	1860	2098	2201	2347	2559	2758	2996	2998	3016	3108	3120	3132	3490	3772	3828	3885	4038	
3	48	979	1141	1250	1596	1625	1646	1671	1743	1954	2000	2106	2174	2184	2418	2800	2934	2944	3043	3086	3116	3578	3597	3622	3825	4104	4225	4272	4274	4329	4599	4631	4664	
18	209	241	242	277	411	448	453	697	723	783	1000	1116	1244	1659	2108	2167	2219	2468	2496	2562	2628	2968	3027	3645	3894	3905	3952	3969	3988	4094	4144	4375	4429	4490	4618	4670	4720	4729	4787	4858	4868	4870	
17	31	92	115	347	367	499	622	859	1053	1126	1258	1320	1434	1440	1477	1501	1601	1603	1664	1861	1947	1955	1965	2032	2166	2193	2353	2435	2644	2702	2817	2994	3014	3022	3089	3416	3540	3593	3646	3648	3803	3813	3815	4044	4189	4193	4212	4257	4341	4411	4414	4415	4544	4666	4700	4815	4845	4892	4897	4941	4951	4983	
130	168	354	366	369	669	703	858	1064	1162	1198	1231	1266	1281	1288	1292	1388	1451	1569	1572	1710	1712	2083	2377	2392	2491	2674	2698	2743	2852	2902	3118	3157	3240	3357	3496	3579	3748	3771	3781	3837	3866	3887	3946	4009	4011	4013	4065	4068	4159	4217	4244	4316	4372	4503	4561	4641	4660	4676	4698	4722	4732	4753	4791	4796	4797	4923	4930	4944	
58	333	824	943	1247	1874	1891	2335	2359	2367	2839	
207	292	376	757	1367	1460	1528	1997	2204	2378	3081	3123	3262	3335	
214	325	414	535	638	684	744	1062	1084	1199	1369	1397	1414	1497	1554	1639	1667	1682	2197	2301	2869	2946	3317	3321	3413	3504	3937	3989	4002	4049	4116	4117	4160	4232	4259	4319	4554	4728	
121	165	194	403	470	606	692	765	797	984	1167	1248	1520	1762	1770	1800	1893	1909	2333	2678	2865	2876	3168	3394	3408	3564	3779	3784	3872	4022	4206	4350	4436	4552	
236	287	462	563	811	869	949	971	1035	1276	1287	1437	1856	2134	2137	2260	2329	2433	2570	2669	2741	2939	3217	3274	3358	3562	3586	3626	3827	3875	3910	3921	3999	4181	4234	4309	4390	4571	4675	4685	4735	4769	
70	199	358	378	613	664	683	1037	1187	1233	1821	1985	2420	2745	2775	2867	3426	3760	
56	94	124	582	705	882	1055	1140	1562	1940	2069	2229	2726	2951	2980	3324	3329	3338	3381	3429	4070	
226	245	531	544	737	1265	1353	1797	2014	2070	3028	3088	3305	3325	3515	3595	3808	
1193	1380	1454	1468	1747	1829	1839	2251	4267	
81	469	631	673	1511	1784	1889	1991	2650	2830	2913	2961	3308	3696	3704	3733	
133	357	494	725	773	879	986	1100	1541	1866	
13	323	439	520	912	942	1192	1399	1811	2350	2770	2804	2832	2879	3017	3346	3560	3575	
278	665	873	1098	1372	1431	1436	1870	2111	2212	2482	2667	2925	3083	3686	3730	3749	3787	3791	4087	4427	
42	246	507	686	1203	1868	2030	2089	2641	2809	
515	901	1582	1663	1875	2239	2293	2324	2546	
217	253	574	629	753	1239	1378	1787	2620	3071	3223	3229	3417	3519	3654	3699	3891	3982	4017	4057	4222	
69	221	265	443	558	926	1045	1058	1310	1495	1586	1610	1628	1814	1820	1972	2053	2078	2327	2376	2434	2453	2696	2895	3053	3239	3777	3783	4205	4404	4489	4573	4576	4655	4694	4699	4751	4778	4826	4838	4857	4885	
185	329	479	685	821	1115	1481	1632	1636	1703	1791	1793	2255	2403	2665	2711	2768	2894	3101	3114	3124	3199	3287	3420	3461	3521	3754	3934	3983	4386	4412	4491	4553	4642	4657	4747	4795	
30	79	182	393	480	752	1185	1400	1591	1802	2039	2283	2358	2518	2763	2911	3255	3456	3507	3530	3561	3615	3628	4112	4255	4300	
84	268	343	672	902	1049	1068	1345	1530	1841	1945	2132	2155	2451	2629	2760	2854	3218	3285	3360	3443	3517	3642	3773	3881	4426	4466	
134	276	289	303	832	1027	1600	1892	2084	2131	2210	2515	2604	2655	2873	2900	3214	3288	3415	3618	3834	3918	3942	4105	4286	4290	4352	4402	
44	266	273	280	423	463	533	609	639	884	899	945	974	1087	1120	1206	1263	1393	1462	1523	1577	1737	1902	1904	1936	2068	2341	2380	2507	2586	2796	2823	2914	3046	3105	3242	3328	3353	3511	3582	3820	4061	4119	4223	4233	4238	4248	4712	4745	4788	4854	4865	4909	4950	
252	335	371	1122	1208	1442	1480	1537	1588	1620	1760	1824	2168	2535	2825	3276	
10	1069	1518	1637	1660	1792	2110	2305	2321	2543	2850	3184	3422	
474	666	760	769	810	922	928	1012	1025	1026	1172	1222	1253	1381	1915	1943	1948	2021	2130	2236	2240	2272	2300	2339	2818	2880	3161	3200	3624	3657	3789	3909	4085	4145	4285	4318	4356	4531	4539	4557	4776	4851	4881	
111	436	590	1127	1751	1937	1949	2002	2262	2658	
8	26	41	324	326	736	739	784	836	944	1023	1024	1056	1099	1255	1256	1267	1295	1441	1619	1733	1925	2213	2348	2583	2722	2822	2933	3563	3640	3647	3684	3913	4045	4062	4092	4102	4331	4540	4566	4597	4717	4744	4786	4921	4964	4974	
23	118	243	440	885	1505	1543	1722	1777	1973	2320	2705	3145	
240	874	1191	1205	1359	1371	1574	1675	1758	1888	2133	2191	2268	2413	3009	3299	
141	159	169	437	598	647	662	733	1018	1133	1135	1138	1215	1254	1280	1395	1446	1470	1524	1753	1871	1986	2103	2143	2244	2557	2585	2603	2725	2784	2882	2928	3013	3606	3662	3847	3959	3985	4007	4136	4183	4187	4363	4393	4458	4476	4509	4546	4594	4672	4683	4767	4793	4839	4990	4999	
301	424	655	696	854	977	1211	1339	1423	1552	1730	2010	2029	2076	2152	2375	2589	2624	2868	3035	3198	3371	3382	3412	3524	3718	4101	4251	4395	4528	
382	746	793	1506	1581	1774	1885	2086	2345	2590	2666	2881	2906	3402	3435	3446	3448	3569	3900	4001	4026	4163	4176	4209	4291	
55	204	264	467	617	700	754	815	840	861	918	955	1427	1508	1535	1548	1655	1828	1903	2004	2144	2230	2349	2419	2431	2471	2563	2815	2828	2978	3024	3057	3165	3231	3265	3363	3386	3639	3792	3812	3898	3931	3939	4003	4165	4229	4263	4281	4441	4605	4643	4703	4806	4832	4945	4966	4975	4991	
150	249	342	829	1992	2113	2125	2295	2549	2954	
89	300	489	903	1112	1174	1642	1759	2126	2264	2476	2647	3011	3125	3309	3677	
38	129	213	237	295	406	511	612	616	775	819	933	1015	1177	1286	1329	1526	1553	1614	1685	1815	1969	1974	1975	2006	2035	2092	2196	2250	2338	2352	2421	2473	2514	2625	2834	2917	2941	2970	3005	3012	3066	3311	3319	3584	3612	3619	3805	3870	3912	3965	4192	4202	4306	4454	4479	4606	4633	4644	4648	4659	4709	4752	4754	4899	4902	4931	4984	
126	430	586	628	849	964	1408	1617	1715	1810	1918	2047	2073	2448	2575	2597	2617	2652	2884	3094	3215	3342	3438	3508	3722	3726	3858	3966	4074	4146	4179	4314	4391	4433	4456	4790	
88	122	379	589	592	653	1008	1081	1228	1312	1456	1461	1509	1513	1700	2364	2595	2638	2789	2915	2929	3059	3395	3667	3701	3826	3917	4032	4036	4041	4153	4186	4270	4317	4421	4457	4690	
128	311	640	892	1043	1379	1592	1624	1850	2383	2706	2801	2982	2991	3236	3695	
206	779	798	799	870	1048	1144	1429	1467	1695	1822	1840	1864	2138	2145	2170	2384	2455	2532	2862	2955	3062	3142	3192	3330	3512	3609	3711	3851	3903	4010	4368	4598	4661	
14	29	144	745	878	889	925	968	1004	1006	1031	1500	1515	1547	1648	1766	2270	2323	2411	2690	2806	2826	2922	2930	3112	3398	3465	3610	3632	3877	3878	4134	4266	4273	4303	4315	4348	4377	4435	4620	4651	4667	4785	4805	4848	4860	
104	724	951	972	997	1234	1542	1669	1699	1768	2686	2976	3093	3154	3670	
96	187	990	1057	1579	1678	1928	2389	2516	
37	116	271	560	571	624	658	694	702	855	920	959	1021	1602	1654	1848	2072	2122	2330	2337	2452	2510	2584	2598	2670	2791	2803	2810	2866	2956	3082	3189	3326	3339	3431	3441	3732	3734	3751	3796	3941	3960	3990	4051	4056	4115	4230	4336	4365	4474	4505	4586	4588	4649	4746	4766	4932	4940	4953	
151	220	238	461	516	1260	1934	2165	2313	2412	2985	3286	3301	3462	3676	
95	135	235	432	500	503	537	615	691	960	1227	1390	1656	1872	1895	1984	2027	2107	2291	2502	2525	2533	2724	2843	2986	2999	3031	3148	3222	3241	3284	3405	3407	3557	3565	3625	3651	3869	3993	4040	4082	4084	4164	4203	4522	4562	4602	4615	4689	4726	4743	4853	4859	4862	4938	4962	
73	140	402	493	579	1387	1834	1939	2065	2147	2738	3007	3070	3316	3372	3424	3484	
392	464	551	630	679	1128	1264	2245	2393	2459	2831	3099	3268	
72	162	712	1166	2067	2736	2853	2912	2990	3033	3249	3475	3488	3585	
86	218	540	804	923	1125	1604	2723	2808	3135	
98	117	196	330	389	471	525	548	772	894	913	996	1101	1242	1318	1409	1476	1510	1746	1795	1813	1964	2135	2221	2428	2571	2642	2744	2782	2798	3040	3042	3188	3349	3362	3369	3375	3558	3573	3703	3705	3753	3831	3841	3880	3927	3929	4014	4039	4042	4149	4157	4227	4250	4261	4278	4434	4449	4459	4556	4621	4653	4781	4820	4976	4978	
6	87	106	361	446	505	1094	1168	1214	1262	1293	1299	1305	1313	1324	1351	1499	1534	1571	1680	1688	1744	1754	1825	1983	2162	2302	2307	2489	2601	2704	2756	3078	3104	3136	3147	3230	3237	3271	3313	3379	3388	3421	3506	3739	3741	3830	3924	3970	4000	4012	4096	4152	4188	4276	4328	4418	4514	4523	4575	4625	4626	4658	4673	4813	4833	4855	4917	4937	
154	438	559	1052	1130	1243	1294	1304	1466	1720	1771	1921	1942	2102	2224	2388	2508	2522	2621	2662	2688	2767	2787	2889	3166	3203	3259	3387	3535	3607	4133	4173	4178	4332	4360	4639	4789	
317	340	356	372	397	583	599	740	742	872	987	1014	1118	1224	1271	1385	1512	1514	1556	1573	1605	1645	1778	1780	1838	1879	1917	1920	2120	2437	2531	2544	2564	2587	2699	2721	2746	2778	2897	2904	3067	3084	3090	3281	3433	3510	3588	3690	3807	3943	4006	4023	4091	4201	4210	4239	4293	4347	4358	4366	4493	4527	4535	4564	4584	4608	4636	4646	4818	4948	4997	
21	763	908	1047	1083	1649	1749	1846	1919	2097	2192	2247	2354	2398	2552	3280	3303	3359	3464	3800	3938	4054	4127	4333	4383	4416	4422	4542	
7	74	120	148	222	353	468	550	680	774	808	938	1013	1207	1349	1687	1755	1907	2054	2058	2318	2397	2443	2457	2833	3055	3221	3282	3643	3746	4025	4215	4247	4282	4295	4450	4473	4520	4587	4619	4718	4739	4740	4803	4841	4876	4894	4916	
1	75	174	203	275	327	434	510	681	726	794	850	967	1032	1050	1065	1212	1229	1282	1334	1341	1491	1545	1575	1640	1718	1732	1823	1862	1865	1899	2093	2217	2242	2254	2365	2387	2440	2484	2486	2573	2602	2681	2805	2926	2937	3127	3384	3455	3551	3570	3663	3895	4147	4166	4190	4269	4320	4399	4533	4555	4604	4638	4710	4871	4874	4922	4971	4979	
171	418	593	825	989	1315	1567	1957	2463	2885	
304	707	1178	1482	1900	1966	2310	2467	2861	2940	3073	3348	3356	3577	
482	935	1235	1344	1375	1629	2285	2799	2842	3060	3514	3568	
53	184	549	689	749	848	966	1059	1161	1336	1449	1580	1953	2009	2112	2294	2368	2477	2560	2719	2779	2785	2814	2965	2973	3044	3180	3216	3474	3613	3756	3757	4021	4154	4168	4287	4519	4525	4526	4592	4782	4783	4887	
605	1189	1252	1484	1490	1819	1851	2090	2140	2373	2495	2530	2717	3021	3095	3220	3226	3290	3473	3536	3571	3681	3979	4028	4080	
281	566	965	1003	1190	1290	1306	1398	2214	2290	2538	2835	3096	3269	3374	
20	34	76	107	260	627	812	867	896	1010	1342	1808	1812	1912	2063	2537	2579	2701	2781	2816	2875	3193	3219	3491	3633	3818	4005	4008	4027	4380	
193	251	256	408	454	466	663	716	722	800	1131	1173	1327	1355	1486	1764	1788	1790	2286	2289	2548	2643	2651	2671	2792	3151	3292	3306	3331	3459	3736	3816	4131	4260	4346	4374	4430	4481	4512	4547	4551	4634	4650	4654	4711	4773	
336	472	721	735	1105	1296	1386	1631	1763	1806	2025	2749	2765	3121	3160	3183	3185	3307	3458	
409	1416	1417	1627	1911	2178	2487	2634	2677	2689	2751	2923	3158	3270	3367	3529	3782	3986	
36	299	413	659	729	852	915	1690	1826	
321	341	384	651	693	708	841	1078	1170	1599	1714	1799	1805	1913	2156	2216	2263	2266	2299	2317	2355	2466	2475	2542	2607	2623	2633	2635	2709	2795	2802	2807	2837	2942	3177	3206	3848	3922	3956	4078	4123	4142	4385	4407	4452	4613	4733	4784	4801	4808	4915	4947	4981	
119	257	407	730	778	801	1384	1525	1561	2026	2215	2442	2754	2820	2969	3036	3065	3169	3483	3485	3590	3862	3864	4031	4437	
131	132	648	649	853	1150	1464	1853	2085	2209	2362	2841	2844	2870	2871	2931	3264	3583	3621	3915	3998	
143	312	488	676	1241	1350	1447	1493	1585	1794	1980	2169	2469	2500	2509	2569	2630	2739	3225	3244	4019	4076	4128	
32	186	229	320	390	417	490	642	790	844	914	1093	1111	1129	1152	1156	1330	1396	1424	1843	2109	2218	2288	2381	2465	2748	2764	2898	2919	2920	2957	2988	3263	3272	3341	3498	3505	3678	3694	3708	3806	3829	3892	4034	4124	4177	4224	4258	4439	4498	4537	4622	4629	4704	4749	4770	4906	4912	4959	
39	103	137	247	450	727	768	770	786	1356	1432	1855	1876	2008	2023	2104	2274	2297	2366	2400	2422	3162	3336	3428	3518	3635	3715	3840	3974	3987	4035	4083	4277	4468	4591	4603	4607	4760	4807	4827	4835