248	321	495	1018	1472	1567	1880	1979	2058	2442	2538	2929	3003	3576
199	977	1391	1429	1922	2198	2293	2597	2644	2842	2896	2903	2952	3070	3164	3519	3721	3851	3887	3922	4135	4165	4220	4239	4408	4493	
191	294	507	602	747	904	916	918	973	980	1308	2066	2137	2300	2518	2834	3143	3144	3552	4649	
81	164	186	795	2159	2337	2577	2735	2845	3592	4009	4131	4179	4185	4469	4662	4974	
227	781	829	1024	1029	1092	1243	1356	1820	2184	2185	2397	2420	2927	3084	3126	3249	3451	3527	3610	
443	656	713	757	788	847	1517	1842	1846	1952	2008	2189	2264	2591	2923	2991	3207	3627	3752	4118	4170	4301	4469	4628	4874	4934	
36	148	211	345	421	475	664	682	1097	1173	1389	1717	1947	1968	2024	2333	2884	2904	2918	3394	3461	3648	3776	3940	4028	4561	4930	4944	
27	90	940	1119	1867	2019	2218	2254	2596	2676	3007	3028	3219	3281	3315	3777	3883	3918	3969	4542	4972	
36	286	461	502	684	1415	2125	2175	2282	2311	2598	2867	2934	2967	3038	3360	3500	3665	4460	
111	394	508	548	558	714	846	1170	2081	2118	2341	2712	2797	4830	
114	227	258	446	455	646	671	724	790	1057	1215	1259	1447	1591	1612	1683	1798	1809	2485	2696	2972	3524	3570	3787	4082	4088	4128	4131	4528	4531	4613	4960	
31	573	627	796	1168	1435	1448	1477	2502	3243	4078	4161	
43	111	127	147	304	384	432	595	655	738	858	927	1085	1106	1143	1393	1454	1474	1641	2152	2208	2243	2278	2279	2289	2344	2458	2556	2588	2593	2883	2964	2978	3025	3396	3445	3453	3546	3576	3580	3629	3636	3645	3715	3877	3948	4495	4567	4575	4630	4691	4703	4711	4792	4817	4852	
4	92	296	401	468	547	807	992	1032	1129	1236	1243	1465	1508	1746	1805	2003	2072	2209	2331	2448	2467	2572	2580	2831	2845	2979	3045	3126	3180	3278	3666	3791	4054	4143	4237	4283	4490	4501	4512	4638	4642	4673	4741	4819	4847	4992	
63	77	258	271	374	382	427	583	610	649	740	795	937	955	1006	1021	1167	1178	1217	1237	1386	1441	1699	1749	1757	1758	1790	1804	1847	1872	1923	1929	2200	2249	2278	2328	2383	2441	2601	2717	2963	3063	3173	3215	3447	3463	3491	3561	3609	3707	3737	3755	3778	3783	3826	3902	3944	4101	4133	4161	4243	4330	4332	4384	4431	4453	4573	4756	4770	4873	4879	4906	4914	4964	4995	
54	140	202	330	356	540	563	835	842	871	1061	1165	1259	1363	1641	1671	1680	1895	2164	2278	2394	2494	2791	2827	2870	2876	3145	3198	3219	3744	3822	4071	4175	4193	4288	4382	4413	4541	4544	4568	4681	
41	504	625	688	786	1225	1229	1396	1473	1574	1671	1785	1959	2023	2048	2050	2068	2234	2355	2395	2398	2478	2507	2517	2719	2732	2762	2966	3001	3069	3183	3191	3297	3478	3789	3837	3871	4000	4131	4207	4377	4382	4601	4619	4809	4810	4812	
102	793	912	919	1140	1227	1318	1926	2050	2186	2204	2252	2367	2796	3085	3266	3496	3644	3875	3898	3911	3990	4083	4238	4340	4353	4779	
93	139	249	489	527	552	675	702	724	851	1088	1198	1261	1267	1431	1774	1944	2059	2114	2161	2235	2272	2285	2379	2694	2886	2944	2966	3121	3239	3268	3303	3318	3322	3351	3460	3547	3828	3924	3932	3987	4041	4130	4133	4144	4255	4342	4354	4371	4459	4679	4721	4736	4862	4900	4916	4931	4940	4977	
253	332	633	1054	1446	1509	2423	2439	2766	2953	4132	
2	62	111	203	355	433	454	456	586	781	818	891	988	1002	1118	1316	1402	1427	1433	1536	1614	1715	1762	1797	1863	1901	2129	2210	2292	2315	2319	2338	2357	2543	2813	2948	3165	3193	3274	3296	3469	3486	3644	3722	3781	3783	3794	3824	3901	3954	3972	4046	4051	4056	4070	4105	4136	4139	4148	4186	4215	4228	4271	4281	4308	4560	4632	4633	4640	4703	4733	4751	4795	4830	4856	4864	4933	4998	
328	441	732	1222	1292	1368	2400	2881	2906	3126	3296	4230	
152	286	357	1241	1521	1636	1914	2159	2226	2552	3373	3972	4328	4657	4868	
178	1025	1046	1437	1668	1898	1961	2132	3206	4874	
33	168	193	487	979	1595	1658	2598	4041	4736	
647	873	1810	1886	2033	2557	2576	2771	2949	2973	2990	4850	4944	
223	278	644	1303	1749	2263	2269	2421	3243	3246	
1	162	185	481	741	965	1090	1737	1760	2060	2230	2419	2863	2985	3039	3239	3242	3274	3331	3398	3460	3534	3740	3758	3786	4199	4364	4839	4982	
3	740	1258	1467	1537	2371	2434	2581	2636	4354	
71	123	190	251	336	493	553	706	719	774	909	1006	1081	1146	1188	1261	1270	1338	1688	1690	1721	1729	1786	1866	1883	1906	2103	2159	2181	2427	2459	2487	2540	2570	2584	2596	2766	2832	3102	3155	3174	3179	3242	3274	3470	3565	3602	3605	3637	3665	3821	3843	3891	3984	4049	4100	4131	4182	4250	4266	4331	4382	4802	4813	4929	4931	4934	4935	4965	
248	301	357	384	406	755	759	855	873	999	1114	1277	1501	1737	1858	2001	2016	2052	2056	2131	2325	2331	2345	2502	2706	2739	2860	3111	3190	3252	3334	3360	3441	3508	3589	3683	3701	3744	3791	3797	3803	3909	3970	3980	3984	4013	4207	4275	4309	4525	4557	4660	4891	4905	4913	
25	131	259	324	917	982	1316	1357	1479	1930	2568	2579	2596	2926	3056	3315	3376	3492	3572	3636	4097	4213	4256	4328	4485	4943	
123	197	473	529	958	1034	1081	1128	1207	1510	1584	2108	2276	2438	2527	2553	2571	2791	2793	3012	3274	3278	3732	3750	4087	4145	4185	
59	66	221	265	642	1087	1384	1610	1632	1672	1705	1743	1785	1804	2004	2052	2070	2113	2177	2199	2273	2274	2416	2452	2474	2578	2691	2855	2966	3079	3115	3346	3478	3497	3522	3532	3536	3592	3608	3821	3900	3905	3952	3973	4160	4314	4348	4389	4413	4451	4486	4561	4592	4621	4701	4757	4848	4927	4944	
240	496	735	738	849	913	1041	1089	1109	2111	2138	2314	2316	2321	2427	2758	3011	3185	3541	3881	3923	4019	4176	4266	4402	4992	
20	598	1419	1555	1782	1790	1905	2067	2386	2800	2895	4413	
136	319	577	1295	1632	2060	2138	2549	2708	2883	3141	3226	3310	3425	3570	4659	
166	237	248	601	756	853	941	1019	1062	1073	1192	1233	1323	1524	1561	1590	1615	1666	1803	2041	2052	2075	2095	2107	2111	2187	2322	2592	2724	2774	2776	2815	2866	2904	3022	3128	3219	3305	3314	3398	3618	3640	3648	3672	3694	3728	3800	3839	3895	3988	3994	4070	4132	4146	4362	4409	4485	4515	4519	4610	4631	4664	4708	4726	4732	4737	4807	4858	4859	4903	4912	4913	4922	4971	4982	
153	426	561	828	939	1029	1099	1512	1563	1807	1912	1913	2981	3267	3294	3661	3699	4523	
617	773	868	1067	1205	1348	1830	1831	2295	2958	
107	143	341	408	522	883	905	926	957	1283	1302	1327	1351	1584	1727	1821	1837	1919	2044	2116	2152	2257	2346	2696	2753	2883	3023	3081	3088	3161	3209	3312	3394	3420	3805	3939	3960	4071	4096	4191	4311	4349	4404	4438	4457	4461	4584	4619	4652	4841	4842	4854	4868	4951	
66	360	377	511	882	963	1284	1375	1661	1998	2958	
79	351	442	724	742	765	1105	1156	1515	1590	1655	1831	2097	2150	2331	2341	2356	2432	2611	2624	2641	2896	2897	3011	3264	3318	3456	3506	3558	3695	3764	3952	4098	4149	4178	4219	4481	4602	4641	4731	4736	
104	272	707	720	1006	1213	1351	1787	1887	2113	2139	2170	2341	2370	2894	2966	3187	3306	3391	3439	3601	3819	3876	3902	3981	4012	4261	4291	4293	4408	4412	4565	4951	
13	36	105	477	492	667	1007	1031	1079	1095	1168	1173	1242	1421	1433	1480	1541	1580	1691	1741	1745	1772	1815	1826	1957	1970	2029	2078	2118	2243	2289	2587	2606	2627	2662	2721	2764	2812	2817	3033	3071	3159	3160	3335	3390	3470	3509	3613	3646	3776	3967	3992	4015	4070	4195	4199	4202	4249	4320	4322	4347	4348	4389	4460	4479	4486	4501	4628	4748	4845	4858	4869	4887	4889	4931	4943	4960	
142	173	353	409	583	599	661	775	797	798	1043	1296	1364	1431	1445	1468	1472	1473	1521	1950	2128	2172	2196	2576	2617	2640	2643	2663	2694	2765	3008	3149	3223	3621	3709	3895	3930	4037	4078	4088	4135	4140	4210	4268	4354	4360	4363	4494	4557	4586	4624	4716	4755	4801	4834	4934	4972	4982	
266	398	610	688	980	1199	1584	1894	2360	2697	3129	3135	3564	3650	3891	3895	4430	4907	4973	
112	533	969	1226	1345	1689	1752	1962	2022	2160	3206	3488	3592	3647	4199	4560	4907	4928	
119	123	173	252	314	344	425	444	610	822	974	995	1034	1181	1253	1545	1931	2278	2296	2350	2396	2479	2505	2550	2569	2684	3001	3107	3138	3165	3342	3535	3658	3684	3973	4164	4256	4282	4335	4360	4383	4486	4694	4964	
9	50	130	178	427	563	808	872	956	1026	1115	1223	1249	1478	1679	1749	1947	1994	2083	2109	2272	2535	2599	2829	2860	3165	3256	3348	3507	3665	3840	3850	3870	3884	3921	3968	4030	4140	4205	4423	4441	4469	4653	4729	4745	4776	4782	4877	4929	4992	
123	418	472	544	1381	1745	1833	1902	1908	2057	2608	2734	2785	3182	3295	3516	3736	3842	3889	3904	3961	4991	
144	204	260	736	798	902	1000	1455	1589	1613	1663	1742	2268	2548	2699	3073	3195	3326	3985	4148	4887	4976	
67	82	151	163	293	645	653	747	818	889	967	1006	1099	1136	1279	1313	1322	1326	1387	1447	1536	1556	1569	1669	1701	1784	2050	2079	2194	2244	2332	2351	2407	2451	2502	2711	2793	2904	2937	2959	3012	3165	3206	3314	3398	3576	3579	3637	3730	3895	3914	3919	3928	4044	4060	4072	4207	4222	4234	4327	4399	4424	4430	4534	4556	4568	4678	4715	4768	4769	4785	4803	4823	4825	4838	4917	4920	4947	4990	
360	361	451	994	996	1278	1383	1552	2190	2318	2562	2951	2978	2993	3576	
80	268	276	422	512	776	777	785	801	820	848	943	1094	1118	1169	1350	1476	1603	1648	1673	1704	2272	2304	2353	2380	2427	2579	2740	2791	2872	3087	3205	3255	3277	3344	3360	3460	3525	3553	3688	3700	3717	3788	3929	3949	4068	4114	4230	4253	4297	4437	4560	4618	4669	4711	4806	4872	4884	4912	4952	4987	
108	155	237	323	447	579	583	689	832	896	960	1081	1198	1205	1432	1503	1576	1632	1712	1730	1738	1800	1816	1916	1996	2204	2214	2591	2623	2687	2871	3112	3142	3232	3271	3317	3356	3380	3436	3555	3594	3636	3644	3863	3912	3979	4041	4248	4486	4597	4598	4613	4626	4629	4637	4710	4738	4768	4779	4820	4832	4846	4850	4868	4936	4946	
518	734	1123	1132	1351	1414	1939	1979	2376	2573	2629	2682	2718	2754	2820	2821	2863	2989	3206	3398	3416	3464	3470	3813	4090	4207	4268	4455	4462	4496	4564	4903	4927	4944	
35	39	86	215	241	283	390	534	590	691	745	783	1034	1068	1117	1122	1261	1274	1491	1503	1565	1641	1771	1986	2304	2403	2422	2502	2527	2601	2917	2986	3040	3250	3324	3570	3708	4138	4269	4322	4355	4405	4419	4471	4585	4687	4765	
165	237	284	307	705	737	880	886	1064	1161	1230	1251	1372	1659	1975	2038	2076	2329	2428	2578	2725	3050	3119	3189	3192	3355	3452	3796	4031	4444	4810	4961	
58	90	93	145	593	766	919	1098	1124	1168	1216	1351	1582	1606	1620	1635	1748	1755	1893	1976	2030	2046	2058	2350	2470	2598	2603	2616	2894	2941	3016	3042	3089	3241	3248	3489	3518	3556	3942	4172	4390	4502	4739	4814	
85	223	227	299	328	358	393	469	629	688	760	789	818	899	1118	1128	1157	1206	1707	1767	1911	1978	1983	2248	2345	2526	2532	2732	2749	2945	2972	3016	3177	3291	3300	3343	3384	3411	3493	3623	3651	3990	4060	4140	4161	4256	4333	4608	4837	4882	4887	4930	
352	417	458	715	1205	1478	1740	1844	2131	2833	2852	2958	3112	3520	4070	4146	
643	1018	1280	1343	1353	1380	1400	1458	1459	1472	1574	1790	1934	2176	2311	2339	2466	2567	2635	2728	2987	2996	3070	3140	3224	3316	3381	3487	4022	4410	4485	4537	4542	4736	
374	523	870	900	1071	1173	1372	1378	1487	1718	1914	1918	2015	2050	2056	2146	2301	2320	2321	2407	2504	2618	2645	2794	2938	3026	3031	3201	3228	3304	3444	3468	3592	3812	4166	4260	4328	4440	4613	4642	4657	4706	4731	4930	
51	364	436	935	1873	1954	2182	2261	2472	3092	4179	4497	
65	160	413	563	565	567	751	869	1119	1214	1273	1315	1325	1331	1584	1779	1829	1877	1983	2113	2131	2132	2345	2685	2898	3112	3184	3318	3556	3704	3903	4005	4055	4155	4210	4225	4265	4268	4278	4400	4433	4447	4518	4542	4596	4692	4934	4973	
583	1265	1536	1735	2065	2243	2350	2433	2845	3015	3134	3167	3178	3179	3383	3738	3943	3972	4374	4973	
21	178	427	488	965	1018	1221	1237	1434	1832	2769	3253	3423	3521	3973	4485	4629	
18	29	111	431	616	623	628	718	894	900	907	1038	1187	1434	1649	1747	2101	2243	2435	2504	2543	2766	2899	2926	3030	3095	3109	3350	3511	3569	3575	3664	3754	3769	3825	3902	4023	4093	4111	4200	4211	4501	4561	4600	4641	4784	4793	4815	4823	4911	4928	
509	520	688	1010	1329	1482	1853	1914	2393	2483	3645	3702	3980	
90	93	203	334	402	635	781	804	904	909	984	1434	1440	1574	1737	1797	1897	1937	2031	2040	2050	2106	2219	2331	2391	2513	2766	2798	2896	2976	3173	3282	3490	3688	3743	3793	3850	3937	4033	4042	4274	4297	4319	4395	4411	4450	4456	4488	4503	4557	4612	4644	4703	4705	4736	4759	4762	4915	4928	4949	4953	4955	4960	
30	172	218	376	384	686	724	841	1075	1343	1372	1522	1592	1630	1713	1749	1766	1927	1932	2222	2392	2466	2678	2787	3001	3120	3122	3166	3557	3583	3595	3624	3733	3916	4297	4334	4367	4464	4563	4874	
154	2002	2237	2419	2754	2894	2905	2937	3068	3394	4903	4905	4991	
207	290	319	895	928	1453	1628	1790	2115	2481	2605	2659	2705	2862	2880	3072	3654	3739	3768	3776	3925	4050	4223	4933	4951	
129	203	214	297	315	378	462	764	914	1017	1125	1189	1245	1490	1532	1914	1938	2098	2353	2406	2456	2937	3094	3323	3643	3719	3791	3963	4072	4152	4463	
120	237	328	340	424	609	722	1201	1243	1316	1344	1371	1652	1724	1997	2228	2702	2757	2914	3112	3260	3421	3528	3771	3958	4107	4177	4357	4408	
486	591	1257	1377	1586	1608	2088	2132	2563	2743	3027	3356	4929	
89	171	343	542	1288	1299	1424	1458	1842	1843	1980	2144	2326	3021	3029	3723	4853	4960	4974	
45	379	809	856	889	911	1003	1013	1047	1069	1099	1385	1478	1825	2021	2204	2307	2544	2620	2787	3606	3626	3702	3787	4029	4075	4241	4299	4305	4368	4389	4540	
200	226	227	354	668	674	724	824	861	873	1128	1136	1276	1321	1364	1368	1428	1578	1778	2017	2075	2151	2343	2523	2597	2770	2780	2787	3134	3186	3211	3238	3247	3307	3342	3361	3385	3502	3504	3577	3681	3762	4216	4230	4348	4435	4469	4493	4554	4588	4603	4619	4625	4650	4657	4771	4777	4790	4913	4923	
1033	1136	1179	1237	1418	1544	1750	1831	1890	1938	1996	2111	2450	2649	2664	2720	2727	2791	3104	3173	3448	4116	4407	4957	
17	26	83	128	149	232	317	449	555	588	687	819	868	1037	1361	1433	1526	1644	1667	1862	2056	2058	2059	2075	2077	2589	2784	2975	3474	3850	3878	4048	4140	4229	4497	4868	4907	
182	236	239	522	533	792	814	817	909	1020	1234	1289	1341	1378	1489	2256	2863	2872	2972	3221	3299	3342	3412	3523	3636	3670	3711	3853	3940	3941	3952	4009	4242	4370	4513	4534	4596	4606	4655	4676	4724	4872	4905	
231	267	370	427	524	685	845	868	1141	1183	1199	1257	1311	1374	1432	1564	1682	1685	1838	1903	2315	2359	2503	2621	2732	2942	3011	3020	3070	3090	3093	3148	3179	3181	3199	3228	3279	3301	3325	3389	3529	3591	3685	3740	3787	3795	3836	4077	4079	4112	4179	4187	4221	4236	4465	4467	4479	4492	4517	4590	4595	4680	4713	4868	4933	4983	4996	
228	244	248	316	362	420	428	607	747	754	847	921	1094	1201	1343	1364	1466	1492	1617	1962	2043	2060	2134	2331	2466	2555	2612	2660	2688	2802	3025	3077	3112	3136	3272	3454	3515	3600	3657	3753	3847	3866	3891	3930	3965	3976	4078	4212	4226	4235	4326	4366	4406	4481	4487	4542	4568	4607	4636	4666	4683	4695	4764	4863	4872	4874	4901	4926	4948	4961	4988	
346	374	440	447	925	1695	2163	2740	2770	2786	3139	4631	4839	
281	1463	1498	1662	2006	2236	2289	2602	3214	3219	3305	4029	4497	4616	
505	527	944	976	1118	1150	1151	1343	1432	2054	2112	2144	2188	2221	2277	2566	2578	2668	2696	2751	2875	3059	3201	3402	3587	3724	3726	3776	3858	4083	4250	4304	4328	4448	4532	4608	4693	4722	4768	4872	
6	125	185	521	590	655	873	972	1162	1186	1737	1920	1940	2334	2345	2368	2413	3230	3245	3292	3298	3545	3648	3689	3691	3856	3990	4008	4053	4059	4277	4381	4412	4561	
11	66	100	343	498	634	749	1136	1226	1257	1462	1602	1637	1638	1730	1745	1759	2159	2181	2229	2240	2299	2424	2427	2741	2822	2909	3175	3259	3407	3457	3765	3790	3821	3850	4078	4158	4210	4290	4310	4445	4483	4523	4613	4750	
38	569	706	1186	1218	1571	1573	1634	1797	2407	2462	2508	3200	3228	3305	3314	3473	4631	
156	184	188	532	618	1168	1194	1300	1342	1806	1879	2436	2534	2543	2617	2904	3273	3278	3485	3505	3526	3736	3783	4066	4289	
98	176	745	821	1001	1086	1256	1285	1585	1948	1990	2666	2759	2818	2941	3113	3340	3544	
274	329	479	521	568	1036	1210	1642	1726	2411	
639	874	1368	1394	1503	1730	1868	1886	2049	2100	2477	2966	3041	4720	4731	4927	
365	750	806	831	983	2304	2579	2874	3011	3998	4213	
503	854	867	898	1412	2045	2321	2451	2647	2665	2805	3047	3125	3237	3433	3660	3943	3980	
238	556	1016	1116	1257	1733	1974	2026	2091	2446	2496	2872	3006	3106	3254	3415	3552	3705	3862	4256	4497	4792	
466	1259	1457	1656	1853	2141	4146	4493	4501	4927	
559	725	759	1145	1960	2053	2560	2958	3648	4407	
12	113	137	161	167	439	1016	1053	1228	1981	1996	2010	2512	2597	2984	3070	3243	3302	3418	3429	3478	3926	4057	
49	52	220	579	689	779	897	931	987	1483	1518	1521	1651	1705	1813	2069	2181	2244	2447	2530	2557	2770	2988	2995	3091	3099	3406	3630	3638	3792	3932	3999	4148	4345	4387	4430	4511	4549	4662	4760	4823	4826	4850	4933	4943	
28	302	987	1060	1193	1324	1403	1473	1478	1590	1907	2120	2157	2173	2207	2311	2576	2631	2861	2910	2925	3196	3313	3341	3631	3848	4039	4062	4071	4132	4217	4231	4294	4385	4474	4523	4551	4668	4839	
16	527	619	693	818	965	1020	1096	1190	1408	1869	2075	2231	2428	2604	2656	2686	2915	2980	3078	3337	3414	3437	4088	4153	4259	4982	
12	89	103	933	1101	1180	1496	1530	1540	1605	1839	2037	2141	2546	2611	2787	2868	2893	2926	3108	3513	3742	4192	4213	4266	4354	4493	
141	284	367	512	611	1119	1138	1182	1282	1469	1503	1574	1784	1799	3011	3123	3287	3298	3607	3736	3852	4122	4188	4230	4351	4460	4470	4703	4927	
324	375	438	515	608	615	632	822	836	945	987	1198	1212	1226	1237	1413	1711	1719	1992	2052	2283	2469	2516	2527	2578	2581	2591	2657	2671	2794	2901	2904	3072	3201	3229	3342	3392	3395	3514	3801	3821	3895	3998	4268	4401	4425	4437	4505	4599	4616	4620	4641	4642	4646	4746	4851	4857	
88	335	738	965	1027	1116	1297	1363	1640	2181	2289	2527	3169	3179	3269	4940	
384	698	993	997	1319	1355	1473	1494	1883	2701	2839	2924	3265	4711	
12	75	90	285	305	404	437	802	1022	1175	1240	1367	1635	1883	1943	2102	2267	2348	2353	2498	2755	2916	3039	3246	3418	3478	4099	4115	4251	4262	4376	4382	4396	4476	4509	4510	4637	4696	4744	4758	4766	4792	4793	4794	4991	
563	1309	1363	1570	1882	2020	2155	2166	2972	3930	
23	36	48	139	363	385	403	499	519	543	761	850	859	919	920	975	1018	1107	1139	1198	1294	1693	1945	1962	2059	2071	2118	2165	2289	2591	2611	2681	2889	3025	3173	3552	3645	3811	3956	4027	4073	4083	4109	4163	4184	4475	4477	4562	4627	4812	4844	4961	4991	
73	313	319	453	485	1063	2215	2409	2658	3755	3984	4907	4933	
122	203	277	357	666	697	1195	1452	1460	1533	2224	3010	3242	3359	3424	3932	4872	
37	689	738	747	847	929	989	1066	1102	1131	1174	1244	1556	1650	1697	1770	1925	1996	2014	2294	2341	2345	2533	2596	2699	2754	2824	2825	2977	3024	3208	3233	3239	3374	3449	3474	3550	3639	3655	3759	3849	3940	3991	4083	4125	4148	4213	4258	4360	4402	4576	4596	4616	4767	4855	4870	4899	4919	4943	4956	4957	4984	
273	343	360	387	415	416	579	638	903	950	1358	1390	2830	2983	3298	3403	3431	3531	3548	3563	3932	3964	4092	4263	4303	4326	4491	4516	4534	4628	4931	
64	89	1152	1359	1506	1632	1703	1728	1935	1946	1979	2381	2506	2598	2747	2937	3012	3055	3067	3810	3841	4133	4134	4181	4930	
89	93	324	500	536	578	769	778	827	878	889	892	1034	1121	1304	1574	1797	1842	1889	2094	2132	2287	2443	2501	2699	2770	2836	2841	2926	2932	3051	3219	3232	3429	3449	3542	3603	3669	3712	3744	3751	3755	3785	3975	3978	4029	4240	4324	4373	4506	4521	4579	4674	4700	4836	4853	4894	4921	4967	4972	
279	474	711	936	1128	1416	1967	2047	2814	2883	3421	3691	
833	959	1113	1186	1197	1262	1301	1378	1675	2000	2145	2581	2586	3695	4662	4958	
44	109	158	187	217	247	342	407	427	696	703	739	759	815	873	876	932	1007	1154	1201	1235	1330	1368	1641	1713	1739	1841	1944	1983	2005	2174	2243	2310	2328	2839	2930	3196	3296	3409	3449	3450	3499	3543	3558	3614	3757	3775	3894	3936	3972	4009	4010	4080	4130	4210	4268	4337	4341	4346	4468	4553	4570	4605	4704	4780	4849	4886	4902	4918	4929	4957	4989	
7	159	242	284	363	374	590	604	613	1074	1091	1133	1172	1220	1548	1584	1756	2027	2059	2136	2144	2353	2384	2455	2509	2772	2900	2956	3133	3595	3695	3714	3787	3973	4072	4430	4661	4850	4912	4929	
216	349	425	459	630	692	889	1199	1334	1587	1600	1987	1991	2013	2171	2476	2601	2607	2634	2722	2752	2941	2999	3003	3150	3364	3404	3460	3634	3874	3897	4032	4036	4104	4197	4326	4379	4905	4912	
262	311	680	803	1209	1654	1855	2158	2426	2839	3096	3339	3386	3573	4412	4991	
123	220	746	1050	1082	1130	1307	1368	1415	1500	1635	1828	1853	2056	2140	2312	2537	2572	2763	2978	3001	3510	3566	3571	3581	4135	4250	4257	4284	4310	4350	4449	4596	4623	4943	
19	53	287	319	324	369	381	521	650	798	910	1006	1016	1116	1282	1415	1590	1632	1845	1928	2211	2418	2428	2521	3146	3165	3206	3286	3393	3682	3773	3833	4034	4121	4156	4422	4497	4561	4629	4641	4658	4717	4768	4788	4804	4861	4964	
124	360	600	784	1149	1155	1395	1556	2275	2911	3196	4266	4534	4619	4973	
348	395	890	1120	1200	1339	2039	2306	2579	4830	
139	360	537	541	690	744	987	1118	1147	1364	1434	1616	1631	1686	1745	1884	1951	1995	2063	2244	2363	2504	2601	2626	2794	2887	2960	2982	3430	3632	3668	3687	3718	3804	3807	3838	3930	3990	3998	4040	4094	4142	4148	4315	4326	4402	4428	4480	4529	4538	4591	4594	4740	4753	4792	4799	4811	4828	4853	4865	4895	4908	4982	4993	
146	582	610	799	1205	1243	1426	1641	1814	1949	2430	2519	2808	3216	3365	3445	
101	203	425	430	517	590	592	868	885	893	1100	1232	1261	1272	1404	1461	1475	1789	1817	1910	1935	1936	1983	2204	2321	2328	2466	2625	2793	2839	3152	3243	3274	3318	3471	3540	3702	3710	3748	3932	3943	4047	4329	4391	4413	4526	4611	4628	4672	4709	4728	4766	4783	4791	4945	4962	
628	822	1247	1947	2175	2539	2638	2850	3014	3288	3293	3427	3538	3559	3585	3611	4481	
47	284	490	1286	1336	1792	1904	2017	2894	3570	3987	4130	4437	4720	
223	549	590	628	728	862	1166	1291	1562	1842	2239	2525	3196	3740	4810	
457	677	844	1982	2017	2444	2585	2860	3012	3940	3973	4823	
5	111	173	284	327	363	527	552	575	585	679	772	875	904	919	1072	1314	1349	1618	1713	1761	1767	1776	1871	1999	2090	2148	2204	2305	2417	2449	2553	2694	2803	2912	2953	3061	3072	3168	3170	3239	3315	3345	3426	3456	3552	3597	3793	3996	4061	4108	4133	4261	4297	4499	4617	4639	4719	4781	4793	4833	4853	4903	4958	4972	4978	4994	
46	157	245	258	494	642	688	716	729	811	812	822	837	889	904	915	952	986	1190	1231	1260	1378	1409	1420	1447	1449	1623	1635	1671	1709	1785	1947	2051	2073	2113	2127	2175	2217	2288	2369	2582	2783	2838	2851	2979	2998	3003	3080	3094	3203	3251	3367	3382	3405	3429	3537	3622	3641	3688	3860	3933	4015	4018	4198	4328	4388	4560	4593	4637	4761	4766	4768	4800	4897	4958	4959	4972	
24	177	220	583	612	622	881	947	1035	1226	1252	1431	1447	1523	1550	1647	1915	2220	2298	2350	2353	2389	2466	2554	2761	2933	3083	3688	3690	3740	3835	3899	3987	4015	4201	4427	4466	4779	
8	183	448	526	566	628	652	740	745	747	752	781	798	1016	1075	1160	1190	1203	1360	1473	1534	1588	1619	1629	1745	1850	1965	2028	2120	2309	2419	2598	2617	2651	2674	2699	2766	2778	2782	2790	3057	3072	3290	3343	3363	3435	3567	3599	3612	3720	3735	3791	3868	3879	3902	4007	4163	4359	4374	4501	4571	4615	4616	4642	4682	4720	4743	4775	4821	4829	4881	4905	4969	4974	4985	4986	
170	291	763	816	900	985	1045	1158	1425	1593	1633	2058	2124	2807	2853	3039	3074	3154	3314	3582	3595	3834	3854	3910	3915	4041	4214	4478	4481	
56	320	447	580	721	953	968	1012	1029	1192	1290	1339	1521	1622	1705	1780	1933	1977	2058	2113	2138	2260	2308	2617	2650	2710	2781	2856	2937	2961	2992	3176	3283	3296	3628	3644	3648	3679	3717	3861	3959	4006	4009	4126	4313	4343	4403	4773	4830	4871	4890	
96	185	234	292	414	512	513	572	584	659	672	720	813	847	966	1184	1372	1572	1664	1747	1808	1925	2378	2388	2402	2488	2529	2558	2630	2695	2704	2819	2844	2879	2979	3002	3016	3146	3158	3217	3228	3243	3246	3284	3368	3394	3466	3625	3656	3671	3696	3702	3855	3891	3930	4002	4113	4154	4174	4189	4280	4316	4386	4389	4407	4418	4446	4520	4656	4699	4718	4798	4852	
84	429	770	852	863	1305	1775	1857	2262	2582	2746	2972	
181	208	447	730	768	1011	1044	1373	1566	1812	2754	3013	3362	3445	
195	255	545	1020	1497	1513	1822	1978	2303	2715	2943	2969	2994	3003	4167	
10	92	434	610	934	1119	1239	1282	1339	1347	1363	1398	1431	1575	1677	1708	1831	1856	1870	1935	2126	2202	2280	2491	2494	3070	3194	3201	3358	3394	3421	3793	3902	3947	4169	4203	4247	4285	4374	4635	4663	4735	4786	4966	4992	
254	306	467	787	990	1293	1674	1720	1737	1978	2197	2244	2375	2564	3034	3258	3276	3482	3558	3913	4060	4117	4135	4194	4958	
263	964	1443	1577	1852	1891	2265	2372	2745	2845	3017	3311	4568	4637	4865	
74	205	337	470	531	877	942	1007	1171	1333	1853	1971	2557	3289	3411	3438	3481	3592	3818	3893	3946	4015	4161	4162	4180	4339	4361	4372	4378	4608	
15	243	514	694	720	868	1056	1099	1339	1502	1516	1751	1941	2074	2087	2266	2404	2427	2431	2486	2572	2582	2652	2669	2732	2921	3336	3342	3551	3617	3727	3766	3816	4043	4129	4190	4338	4344	4458	4481	4486	4572	4649	4778	4816	4951	4958	4976	
347	425	512	620	1014	1094	1137	1243	1444	1450	1938	2056	2328	2502	3703	3857	4146	4185	4407	4659	
175	189	771	951	1947	2061	2748	2810	2883	2928	3046	3151	3387	3478	3984	4179	4619	4703	
338	962	1248	1264	1436	1558	1646	1731	3695	4912	
92	93	178	372	628	991	1186	1191	1201	1263	1376	1472	1493	1773	1874	1886	1983	1989	2017	2130	2149	2225	2286	2330	2340	2361	2373	2407	2515	2628	2694	2777	2788	2955	3179	3354	3356	3413	3421	3459	3596	3649	3815	3995	4069	4106	4179	4348	4432	4547	4810	4812	4860	4892	4913	4932	
235	333	447	1144	1204	1458	1723	1899	2143	2175	2336	2524	2561	3153	3343	3449	3455	3570	3741	3808	3907	4085	4140	4159	4163	4204	4273	4295	4360	
665	1549	1681	1749	1953	2324	2463	2473	2699	3004	3016	3019	3105	3228	3319	3371	3593	3665	4213	4961	4992	
28	483	745	762	795	818	1684	1706	2206	2342	2440	2672	2696	2760	2882	3012	3094	3134	3428	3517	3864	3940	4322	4389	4402	
173	322	363	478	636	706	745	860	994	1119	1142	1211	1415	1836	2152	2175	2178	2192	2255	2387	2451	2484	2642	2670	2793	2839	2863	2896	2920	2940	2953	3232	3275	3278	3320	3352	3429	3503	3556	3665	3676	3680	3717	3814	3867	3943	3974	3983	4024	4029	4063	4272	4306	4380	4454	4469	4482	4550	4805	4812	4904	4944	4975	4976	4999	
42	135	219	258	312	464	614	683	1202	1312	1607	1694	1783	1804	1864	1973	2138	2233	2557	2859	3098	3429	3432	3458	3549	3673	3691	3692	3693	3845	3873	3986	4060	4084	4132	4227	4356	4536	4659	4887	4957	
810	822	930	1009	1488	1714	1888	2152	2167	2241	2259	2270	2480	2492	2572	3147	3234	3333	3411	3470	3576	3615	3713	3740	3774	3793	4157	4267	4420	4966	4973	
308	371	581	1065	1116	1185	2104	2169	2278	2425	2428	2723	3378	3397	3552	3581	3779	4852	
87	423	605	642	681	970	1040	1192	1282	1364	1410	1529	1876	2080	2084	2133	2291	2590	2698	2726	2908	3134	3137	3156	3204	3218	3372	3475	3558	3635	3882	3980	4147	4185	4196	4548	4649	4839	4940	4961	
223	248	399	480	603	637	642	704	1070	1328	1379	1596	1730	1963	2131	2205	2382	2410	2597	3244	3495	4041	4928	4964	
28	32	118	133	229	328	374	391	452	522	594	798	1023	1372	1557	1900	1956	2009	2017	2025	2141	2180	2536	2615	2733	2744	2770	2794	2926	2941	2950	2954	3315	3321	3460	3498	3595	3776	3782	4086	4224	4580	4609	4631	4702	4742	4766	4808	4835	4893	
1224	1597	1988	2093	2689	2730	2794	3072	3110	3132	3236	3280	3445	4830	
14	28	34	237	303	339	400	552	631	673	678	843	922	1018	1201	1219	1237	1250	1268	1282	1317	1369	1378	1470	1796	1834	1962	1979	2036	2082	2138	2358	2407	2511	2514	2527	2543	2667	2750	2754	2789	2799	2811	2858	2946	3001	3003	3018	3065	3082	3202	3210	3213	3398	3411	3419	3474	3480	3533	3581	3642	3653	3675	3677	3787	3931	3990	4421	4434	4443	4657	4667	4731	4779	4818	4966	
60	61	69	121	139	233	282	343	357	384	516	533	621	708	987	994	1058	1159	1168	1401	1431	1447	1481	1485	1511	1542	1635	1653	1705	1764	1853	2181	2195	2366	2581	2601	2673	2738	2873	2877	2894	2965	3146	3305	3353	3399	3442	3443	3445	3446	3474	3644	3695	3717	3987	4072	4124	4161	4171	4230	4326	4371	4393	4398	4495	4523	4545	4589	4723	4797	
180	805	981	1083	1257	1505	1601	1687	1819	1875	1908	2152	2271	2791	2896	2907	3400	3729	3745	4310	4641	
288	482	510	570	740	1005	1112	1421	1716	1944	1962	2142	2327	2854	3043	3554	3734	3892	3951	4089	4123	4261	4930	
246	709	753	1127	1238	1271	1692	1840	2419	2595	4297	
222	286	343	563	733	743	946	965	994	1020	1316	1332	1351	1458	1535	1754	1925	1979	2035	2183	2493	2542	2596	2619	2677	2837	2872	3103	3242	3261	3309	3388	3410	3411	3440	3590	3755	4020	4071	4076	4081	4083	4130	4397	4426	4569	4608	4645	4731	4853	4865	4976	
206	386	497	576	589	626	971	1176	1186	1538	1794	1921	2328	2451	2457	2888	2968	3016	3124	3197	3240	3242	3270	3298	3305	3343	3356	3574	3598	3982	4167	4307	4312	4358	4479	4523	4557	4649	4697	4747	4793	4823	4852	
318	383	388	1148	1406	1417	1528	1753	1985	2141	2597	2958	4960	
134	286	640	1388	1598	1645	1660	2364	2679	2767	2779	2787	3009	3054	4720	
22	198	261	298	359	410	512	521	554	641	655	759	795	1004	1081	1093	1108	1275	1362	1581	1625	1725	1744	1842	1883	1908	2313	2335	2453	2654	2740	2804	2823	2849	2860	2978	3005	3097	3146	3222	3329	3343	3366	3802	3927	3962	3980	3998	4009	4058	4091	4127	4209	4232	4322	4354	4439	4489	4543	4559	4604	4614	4629	4651	4684	4789	4896	4924	4939	4979	4980	
174	606	1337	1730	1944	2117	2213	2460	2547	2575	2582	2594	2878	3101	3163	3479	3544	3747	3966	4310	4852	4976	
173	389	651	738	840	1015	1055	1696	1732	2075	2123	2302	2341	2581	2637	2648	2713	2793	2971	3075	3201	3225	3476	3686	3755	3760	3989	4003	4137	4199	4250	4261	4414	4437	4504	4534	4546	4643	4662	4665	4698	4951	
781	1823	1917	2201	2223	2464	2683	2707	2737	2845	2857	4348	4360	4412	4437	
97	324	331	491	710	978	1255	1320	1415	1784	2247	2354	2801	2979	3162	3616	3662	
57	78	99	150	194	212	552	726	866	887	1029	1032	1075	1134	1192	1316	1559	1568	1790	2253	2281	2311	2414	2510	2520	2553	2579	2840	2891	2892	2902	3239	3360	3421	3422	3467	3620	3637	3784	3827	3865	3885	3938	4025	4102	4245	4287	4371	4408	4430	4479	4498	4552	4574	4662	4670	4754	4858	4941	4954	4997	
40	92	275	286	552	908	948	994	1164	1173	1281	1438	2212	2639	2690	2693	2696	2864	3000	3100	3315	3408	3418	3456	3604	3633	3749	3972	4017	4074	4206	4296	4365	4581	4858	
213	484	597	1370	1722	1966	1969	1996	2007	2131	2297	2835	3118	3568	3698	3702	3717	3772	3953	4035	4928	
12	419	501	522	535	539	1032	1177	1411	1456	1747	1767	1938	2099	2144	2246	2284	2315	2408	2428	2437	2609	2826	2931	3212	3285	3470	3581	3943	3993	3997	4131	
55	596	838	924	1397	1520	1525	1848	1892	1924	2064	2111	2242	2646	2740	3298	3586	3588	3697	3798	3945	4026	4095	4264	4931	
115	132	250	368	392	396	465	587	655	657	660	888	923	954	1075	1076	1199	1335	1352	1399	1503	1507	1594	1599	1627	1657	1698	1767	1886	1935	1984	2086	2135	2141	2347	2451	2465	2494	2522	2559	2574	2576	2865	2890	2970	3049	3052	3314	3369	3434	3645	3736	3971	3998	4133	4150	4163	4298	4321	4371	4578	4690	4822	4878	4981	
28	66	110	220	223	257	258	326	328	460	648	901	906	1032	1136	1259	1343	1604	1734	1767	1784	1849	1925	2118	2144	2162	2315	2611	2703	2736	2756	2768	2792	2869	2953	3062	3146	3332	3544	3556	3831	4120	4183	4286	4317	4495	4524	4533	4558	4634	4812	4824	4839	4840	4913	4925	
185	471	525	1080	1104	1266	1804	1958	2494	2528	2583	2935	3064	3126	3134	3890	3908	4072	4371	4974	
405	445	826	1163	1254	1484	1788	2034	3246	4374	
224	397	1007	1198	1514	1678	1736	1763	1860	1914	2042	2553	2694	2700	2848	2962	2978	3116	3418	3744	3746	3950	3984	4292	4323	4394	4934	4957	
66	139	169	185	310	325	476	527	579	658	662	720	900	1192	1310	1366	1421	1451	1472	1551	1676	1713	1791	1801	1811	1942	2110	2122	2168	2362	2374	2399	2412	2489	2495	2578	2582	2675	2729	2795	3053	3060	3086	3157	3227	3347	3484	3674	3725	3744	3780	3844	3863	4045	4110	4208	4210	4254	4266	4310	4412	4413	4416	4436	4566	4583	4631	4711	4827	4843	4865	4866	4903	4970	4974	5000	
196	264	663	1049	1439	1671	2315	2482	2553	2742	2806	3188	3449	4616	
225	289	295	579	624	642	1029	1034	1084	1421	1546	1624	2060	2159	2258	2419	2500	2847	2913	3114	3235	3456	3645	4070	4088	
363	411	1039	1110	1190	1392	1464	1609	1705	1710	1797	1925	1993	2227	2490	2661	2680	3338	3562	3637	4067	4119	4167	4218	4233	4276	4793	4964	
546	780	1298	1382	1802	1824	2032	2055	2238	4485	
70	695	857	1458	1553	1670	1818	1938	2059	2096	2377	2497	2919	3025	3494	3560	3667	3799	3859	3891	3934	4103	4141	4173	4402	
538	557	701	864	1008	1048	1099	1486	1536	1765	2471	2655	
116	706	1405	1423	1639	2062	2092	2119	2120	2304	2632	2775	2922	2936	3863	4642	4874	4966	
126	138	209	230	269	270	380	782	794	1111	1135	1190	1536	1626	1785	1878	1908	1972	2714	2939	2997	3039	3126	3263	3474	3501	3578	3584	3832	3863	3869	3872	4014	4021	4250	4352	4374	4415	4484	4495	4508	4577	4596	4712	4772	4792	4907	
68	825	909	998	1208	1433	1521	1768	1769	1793	1795	2390	2504	2545	2860	3360	3377	3417	3462	3636	3763	4015	4064	4167	4199	4246	4261	4279	4429	4479	4514	
36	192	201	227	300	373	669	676	830	1007	1116	1433	1583	1713	2052	2179	2311	2732	2809	3032	3035	3058	3318	3357	3663	3767	3888	4493	4568	4629	4940	
76	92	95	350	562	689	759	884	980	1077	1094	1199	1205	1306	1432	1531	1556	1590	1621	1777	1804	1851	1859	1944	1955	2147	2193	2250	2251	2272	2365	2499	2504	2531	2613	2843	2846	3037	3076	3094	3131	3278	3308	3349	3556	3558	3678	3761	3783	3793	3806	3896	3917	3955	3977	4001	4163	4185	4302	4442	4452	4460	4500	4649	4659	4677	4689	4725	4730	4734	4752	4787	4796	4883	4910	4942	4950	4963	4966	
178	319	530	748	900	904	1196	1421	1430	1519	1543	1700	1896	2111	2576	2709	3659	3770	3920	4168	4560	4711	4766	
117	533	560	712	727	961	1365	1407	1554	1784	2089	2304	3130	3456	4256	4810	
700	791	1078	1471	1611	1978	2272	2415	2633	2653	2740	3048	3196	3231	3477	3619	3736	3817	4029	4078	4407	4887	
12	179	463	574	655	800	1028	1094	1173	1340	1442	1527	1702	1861	1886	2565	2611	2614	2816	2863	2941	3173	3220	3472	3652	3688	3821	3829	4060	4071	4270	4322	4336	4375	4417	4507	4647	4675	4685	4707	4727	4865	
72	94	689	699	795	839	938	980	1032	1051	1081	1153	1287	1495	1547	1560	1785	1831	1854	1964	2120	2153	2244	2245	2290	2321	2350	2429	2445	2494	2543	2692	2953	3039	3044	3172	3232	3375	3465	3530	3595	3820	3830	3850	3935	4065	4130	4151	4325	4535	4557	4608	4720	4774	4850	4898	4909	4937	4940	
89	106	220	280	357	425	506	521	522	758	834	847	909	1042	1059	1246	1261	1339	1346	1363	1432	1434	1556	1579	1671	1781	1835	1865	1883	1908	2060	2118	2120	2132	2191	2216	2385	2405	2454	2461	2541	2716	2731	2773	2872	2947	3127	3171	3246	3296	3418	3691	3731	3809	3846	4011	4038	4052	4132	4207	4318	4527	4530	4542	4613	4671	4714	4763	4779	4875	4876	4880	4885	4938	
210	670	723	823	865	1016	1478	1643	1909	2232	2551	2591	2828	2974	3036	3327	3330	3356	3987	4004	4637	
412	533	720	731	1052	1226	1354	2085	2121	2154	2468	2885	2957	3257	3370	3544	3716	3880	3906	3952	
90	564	654	740	1103	1126	1935	1978	2011	2012	2349	2401	3094	4088	
256	435	528	550	571	717	919	949	1020	1075	1269	1499	1539	1747	1881	2105	2317	2572	2617	2622	2979	3066	3117	3328	3512	3691	3706	3823	3886	3952	3957	4300	4369	4382	4408	4539	4582	4587	4654	4688	4749	4858	
91	309	366	450	551	706	767	879	980	1030	1128	1259	1422	1504	1665	1747	1827	1885	2018	2156	2203	2323	2352	2475	2557	2600	2610	3025	3232	3262	3379	3401	3483	3539	3544	3581	3637	3756	3783	3791	3863	4016	4135	4146	4167	4244	4252	4392	4460	4472	4473	4495	4522	4555	4622	4628	4648	4657	4659	4686	4831	4867	4888	4968	
