118	201	224	301	869	1310	2076	2292	2487	2557	2642	2687	2772	2830
343	442	533	1155	1315	1368	1426	1435	1440	1583	1756	2026	2272	2281	2501	2640	2974	3298	3349	3394	3401	3640	3787	4147	4206	4226	
26	801	816	867	883	927	1088	1219	1231	1513	1629	1669	2316	2318	2361	2454	2540	3049	3533	3896	
149	165	239	446	487	778	874	1085	1107	2337	2384	2397	2679	2711	2977	3174	3376	
39	425	475	570	870	939	959	994	1081	1210	1257	2158	2565	2744	3340	
67	206	397	505	587	665	783	991	1199	1420	1463	1496	1557	1587	1932	2059	2068	2106	2531	2536	2562	2665	3219	3652	4144	4227	
79	177	380	420	600	732	744	978	1312	1366	1526	1735	1927	1967	2147	2188	2282	3157	3343	3516	3691	3693	3880	3886	3893	4182	4260	4370	
81	179	199	381	509	923	1298	1473	1527	1558	1921	2647	2784	3042	3048	3275	3300	3698	3887	3935	4642	
102	103	214	231	271	296	685	1203	1573	1616	1682	1731	1767	2651	3291	3656	3726	3800	3870	
28	266	573	1138	1340	1552	1553	1679	1692	1992	2014	2247	2660	3086	
388	406	609	694	976	1258	1328	1390	1578	1729	1789	1852	1939	1965	2169	2215	2325	2746	2828	3046	3092	3120	3132	3160	3407	3524	3555	3752	3867	4189	4270	4446	
180	468	793	852	1215	1273	1546	1793	1989	2050	2581	2867	
94	155	203	216	288	376	377	440	498	500	799	956	1109	1117	1206	1399	1419	2069	2275	2307	2402	2462	2509	2583	2707	3026	3030	3070	3390	3405	3433	3462	3498	3662	3747	3847	3905	4003	4020	4031	4067	4083	4105	4161	4165	4221	4253	4377	4668	4708	4824	4863	4909	4915	4918	4952	
71	75	326	408	488	504	588	692	818	1012	1032	1062	1180	1297	1645	1701	1703	1857	1938	2038	2052	2288	2328	2344	2345	2541	2602	3083	3161	3165	3247	3706	3843	3932	3948	4122	4140	4240	4248	4439	4603	4630	4737	4740	4786	4814	4828	
145	392	450	580	581	592	605	653	678	695	737	960	1146	1189	1197	1409	1450	1452	1818	2001	2037	2157	2168	2189	2198	2252	2433	2450	2523	2567	2569	2724	2725	2731	2840	2945	3318	3336	3347	3446	3467	3494	3546	3549	3593	3639	3704	3899	3912	4064	4073	4095	4119	4151	4191	4233	4350	4428	4434	4464	4500	4518	4648	4658	4696	4741	4778	4871	4884	4887	4891	4926	4930	4973	5000	
95	582	760	931	1096	1343	1369	1494	1518	1520	1544	1705	1754	2010	2049	2159	2224	2225	2237	2346	2348	2353	2517	2606	2629	2940	2957	2980	2997	3084	3231	3306	3523	3620	3947	3956	4291	4355	4403	4618	4620	
131	161	428	521	546	888	935	1060	1063	1270	1311	1324	1329	1375	1444	1724	1856	1872	1923	1996	2078	2113	2122	2203	2240	2463	2639	2643	2658	2675	2779	3106	3302	3659	3699	3842	3866	3906	3977	4017	4127	4145	4157	4549	4562	4750	4831	
279	474	510	534	1015	1114	1331	1547	1549	1757	1810	2102	2284	2610	2673	2780	2965	3112	3238	3240	3286	3313	3719	3763	4016	4264	4325	
6	58	86	186	237	527	530	668	721	1371	1646	1753	1804	1980	2028	2056	2173	2201	2459	2585	2607	2676	2702	2854	2862	2882	2902	3080	3142	3245	3285	3339	3370	3465	3485	3568	3611	3695	3749	3829	4150	4152	4184	4372	4386	4393	4454	4529	4559	4714	4772	4827	4835	4855	4864	4882	4947	4987	
35	501	672	882	909	1274	1282	1890	2044	2246	2250	
135	164	315	375	626	759	787	837	891	999	1326	1377	1407	1418	1717	1746	1809	1817	1850	1934	2312	2393	2419	2693	2762	2809	2829	2860	2916	2961	2995	3078	3093	3127	3201	3266	3284	3333	3361	3509	3512	3646	3677	3685	3714	3855	3873	3891	3999	4052	4193	4213	4267	4333	4338	4368	4418	4461	4489	4513	4541	4580	4738	4743	4745	4755	4904	4916	4927	4928	4935	4956	4962	4982	4989	4990	4997	
105	616	756	1124	1192	1471	1898	1970	2467	2545	2696	2884	
478	746	775	985	1434	1570	1675	1928	2070	2578	2618	2756	2798	3278	3348	
126	249	362	1398	1733	2031	2156	2163	2256	4798	
68	96	307	483	560	572	1623	1678	1941	2321	
741	1233	1341	1571	1696	1749	1846	2064	2192	2425	2750	2924	3102	
167	706	1217	1348	1350	1718	1823	2017	2234	2242	
308	351	558	1159	1253	1262	1354	1417	1421	1759	2100	2109	2258	2439	2513	2584	2671	2845	2863	3025	3287	3602	3624	3737	3790	3793	4046	4096	4281	
139	1119	1245	1412	1451	1550	1575	1762	1784	1924	
120	286	353	460	497	522	538	608	642	753	826	954	979	1069	1160	1190	1244	1256	1301	1396	1410	1436	1457	1499	1538	1617	1755	1891	1902	2005	2357	2507	2616	2698	2821	2895	2943	2952	3098	3196	3235	3255	3269	3408	3470	3702	3727	3817	3845	3898	4037	4123	4282	4312	4353	4467	4516	4560	4587	4612	4624	4744	4865	4913	4929	4939	4941	4977	4995	
90	136	213	222	449	599	629	661	782	933	1278	1442	1580	1912	2057	2248	2302	2303	2555	2656	2879	2941	3293	3359	3369	3474	3592	3609	3617	3708	3982	3988	4036	4050	4054	4128	4199	4224	4263	4268	4314	4321	4448	4450	4629	4701	4719	4722	4748	4796	4844	4866	4900	4946	4975	
259	314	727	966	1003	1140	1289	1294	1477	1485	1504	1640	2710	2811	2865	3107	3233	3299	3428	3573	3644	3680	3858	4129	4207	4682	
212	217	708	1020	1338	1402	1432	1892	1968	2002	2084	2112	2481	2632	2770	2812	3058	3131	3146	3210	3404	3500	3618	3647	4000	4062	4203	
29	154	185	244	270	524	742	929	1092	1108	1111	1151	1325	1543	1591	1613	1727	1878	1916	2040	2086	2129	2556	2664	2674	2686	2791	2793	2852	2911	2929	3224	3353	3434	3440	3506	3681	3697	3813	3874	3894	3901	3926	4065	4172	4201	4218	4479	4508	4551	4576	4614	4678	4684	4694	4742	4815	4839	4898	
59	112	261	324	810	895	947	1002	1263	1401	1414	1695	1769	1795	2004	2048	2423	2613	3018	3345	3529	3603	3703	3849	3959	4162	
295	625	649	750	1018	1043	1272	2018	2166	2477	2542	2885	
209	614	1223	1306	2055	2171	2210	2264	2265	2333	2334	2646	2690	3307	3324	3504	
189	208	414	532	564	747	780	811	834	861	945	1028	1275	1302	1303	1356	1541	1581	1665	1700	1961	2000	2083	2313	2341	2407	2429	2449	2566	2574	2653	2788	2856	2897	2954	2986	3017	3082	3136	3228	3283	3326	3355	3463	3541	3566	3604	3776	3828	4068	4176	4177	4275	4277	4286	4311	4380	4401	4420	4730	4732	4783	4797	4800	4807	4820	4896	4901	4910	4923	4933	4972	4980	4998	
141	432	872	906	1318	1561	1957	2074	2093	2244	2350	2373	2375	2448	2482	2739	3281	3544	
64	403	1041	1162	1484	1917	2172	2178	2195	2249	
344	447	462	620	736	846	868	899	1001	1079	1164	1241	1277	1385	1476	1521	1734	1792	1798	2298	2308	2351	2453	2844	3002	3024	3248	3393	3484	3530	3596	3666	3735	3741	3796	3965	3990	4010	4026	4098	4477	4494	4515	4523	4536	4575	4579	4650	4705	4706	4769	4802	4860	4936	
31	41	243	290	493	1102	1800	2071	2535	2554	2669	
133	280	394	401	791	1688	2290	2525	2720	2736	2891	2966	3091	3097	3140	3185	3199	3207	3271	3309	3314	3351	3396	3468	3503	3521	3616	3907	4004	4035	4101	4125	4131	4187	4366	4525	4569	4591	4616	4637	4747	
331	336	384	426	481	512	565	1173	1251	1462	1509	1631	1952	2110	2399	2444	2636	2777	3100	3125	3175	3183	3191	3257	3295	3375	3418	3547	3835	3837	4063	4232	4273	
150	156	202	283	386	430	441	514	537	579	674	764	903	907	938	940	961	988	1038	1099	1132	1268	1347	1359	1364	1392	1523	1529	1689	1690	1758	1915	2041	2355	2458	2551	2733	2903	2923	3012	3034	3141	3181	3186	3478	3519	3527	3632	3688	3743	3758	3759	3827	3938	3949	4090	4121	4200	4225	4287	4302	4545	4628	4640	4751	4776	4806	4848	4853	4920	4924	4940	4961	4966	4976	4981	4988	
152	274	382	491	610	647	766	894	957	1056	1220	1443	1732	1751	1765	1770	1988	2204	2254	2285	2297	2352	2577	2619	2637	2754	2992	3035	3054	3069	3071	3076	3114	3163	3303	3382	3397	3613	3630	3779	3816	3945	3974	4238	4290	4319	4490	4514	4586	4621	4729	4819	4833	4867	4899	4950	4957	
143	368	547	769	770	845	1035	2085	2213	2515	2518	2914	2969	3020	3414	3439	3586	3738	3841	
305	586	613	696	1024	1667	1691	2320	2354	2596	2789	2795	2874	2960	3243	3535	3599	3881	
21	30	74	121	220	278	348	485	829	831	849	1147	1204	1470	1801	1849	1901	2003	2245	2287	2304	2413	2528	2543	2560	2609	2626	2650	2738	2748	3033	3074	3227	3330	3597	3857	3913	3944	3993	4391	4481	4506	4528	4592	
47	234	345	372	395	413	519	541	715	719	754	795	843	998	1112	1236	1280	1352	1503	1554	1660	1720	1726	1874	1943	2227	2363	2521	2568	2743	3177	3276	3381	3531	3569	3679	3832	4116	4304	4340	4359	4374	4417	4424	4503	4718	4764	4830	4834	
73	230	725	856	1355	1596	1606	1621	1637	1780	1899	1994	2263	2524	2611	2652	2728	2905	3388	3517	3739	3865	
555	589	794	912	1134	1234	1269	1384	1946	2469	2717	2778	2801	2820	3128	3167	3342	3469	3558	3836	3883	4687	
7	89	169	264	318	356	473	513	571	601	624	646	680	690	713	824	921	1200	1314	1357	1393	1633	1677	1906	2006	2182	2440	2489	2547	2614	2633	2806	3111	3172	3211	3260	3288	3334	3363	3424	3437	3565	3614	3668	3707	3720	3745	3772	3792	3908	3958	3981	4041	4082	4160	4214	4228	4234	4303	4307	4334	4343	4387	4466	4469	4550	4566	4610	4617	4699	4724	4746	4805	4808	4902	4912	4919	4943	4963	
93	122	255	346	448	677	1089	1216	1799	1945	2950	3038	3301	3425	4631	
107	327	337	772	968	1030	1129	1287	1336	1408	1423	1467	2015	2033	2121	2326	2573	2604	2712	2740	2747	2749	3022	3204	3380	3411	3629	3631	3795	3797	3811	3819	3834	3854	3920	3927	3930	3961	4139	4169	4196	4220	4342	4399	4453	4537	4615	4625	4657	4693	4723	4768	4826	4846	4849	4879	4885	4892	4925	4934	
194	196	316	452	470	602	943	1006	1087	1292	1327	1372	1495	1791	1825	2390	2417	2589	2683	2807	2876	3101	3249	3254	3454	3587	3635	3643	3657	3684	3692	3721	3728	3879	3991	4005	4040	4134	4156	4173	4239	4258	4317	4358	4442	4543	4585	4656	4711	4809	4810	4840	4852	4888	4890	4911	4921	4931	4951	4955	4965	4979	4992	4994	
562	993	1090	1154	1222	1252	1260	1651	1843	1956	2131	2283	2310	2314	2386	2396	2455	2587	2930	2931	3079	3417	3481	3486	3510	3537	3830	4085	4279	4316	4378	4396	4577	
166	310	391	611	820	1014	1037	1049	1077	1098	1265	1362	1391	1598	1811	1833	1973	2079	2128	2317	2331	2371	2430	2505	2655	2904	3147	3150	3197	3317	3452	3709	3771	3818	4045	4074	4104	4135	4292	4313	4379	4416	4471	4727	4789	4803	
91	275	724	777	1011	1127	1254	1264	1773	1819	1867	1963	2032	2212	2277	2394	2468	2502	2506	2558	2598	2799	2875	3783	3917	3941	4057	4278	4459	4540	4571	4691	
82	162	188	228	328	349	422	443	631	633	707	784	813	855	970	1005	1013	1171	1590	1740	1783	1845	1882	1933	1940	1993	2019	2117	3063	3164	3279	3670	3838	3909	4075	4102	4242	4300	4322	4376	4414	4488	4534	4663	
168	232	233	409	575	577	594	683	789	809	833	1121	1148	1229	1276	1332	1400	1422	1469	1488	1490	1632	1658	2267	2435	2442	2872	3019	3047	3051	3216	3315	3338	3432	3581	3651	3746	3788	3851	3863	3882	3996	4103	4458	4507	4627	4679	4697	4791	4795	4821	
159	242	415	703	1522	1559	1597	2130	2141	2691	2709	2825	2837	3103	3153	3563	
281	299	303	464	590	717	768	1266	1351	1358	1447	1556	1935	1995	2207	2273	2460	2530	2864	2896	3304	3322	3663	3671	3729	3809	3911	3975	4002	4167	4398	4475	4480	4535	
45	253	304	457	698	1177	1187	1242	1373	1394	1449	1788	2077	2191	2431	2592	2663	2776	2813	2814	2887	2909	3067	3155	3193	3316	3344	3374	3412	3413	3472	3608	3888	4195	4216	4288	4296	4389	4452	4455	4785	4790	4804	4829	
192	1304	1563	1630	1778	1844	1904	2029	2119	2488	2590	2718	
101	284	396	417	472	553	559	640	767	885	922	1044	1130	1448	1506	1612	1661	1824	1887	1896	2039	2045	2155	2550	2761	2797	2822	2948	3108	3151	3229	3365	3438	3508	3778	3823	3853	3915	4106	4115	4178	4426	4465	4476	4496	4574	4583	4702	
8	111	404	905	1050	1175	1227	1405	1474	1622	1668	1972	2133	2437	2672	2892	3037	3139	3225	3542	
108	110	374	664	1082	1137	1168	1188	1465	2233	2700	2767	2900	3023	3236	3357	3600	
116	354	423	492	604	890	1017	1120	1170	1479	1641	1662	1981	2054	2060	2080	2174	2222	2309	2329	2338	2405	2492	2898	2936	3143	3561	3570	3711	3924	3963	4013	4088	4097	4112	4272	4285	4324	4384	4395	4406	4457	4555	4557	4590	4599	4649	4704	4709	4766	4870	
46	567	1674	1704	1760	2143	2286	2491	2510	2641	2855	2926	2949	
3	18	44	359	412	495	539	576	740	752	859	877	893	983	1181	1238	1240	1313	1378	1453	1577	1638	1897	2105	2193	2259	2319	2398	2511	2752	2764	2832	2847	2979	3115	3117	3154	3536	3559	3582	3810	3892	3923	4053	4080	4092	4185	4192	4276	4289	4309	4310	4339	4352	4421	4689	4731	4771	4784	4787	4843	4878	4959	
55	62	309	340	341	367	489	550	901	930	967	992	1152	1228	1388	1584	1930	2065	2322	2347	2403	2452	2461	2534	2782	2878	2971	2996	3028	3263	3456	3724	3761	3877	4001	4215	4326	4335	4504	4703	
10	758	841	853	928	965	1086	1428	2075	2479	2499	2520	3253	
37	227	542	549	657	786	790	936	1955	1986	2030	2299	2323	2368	2657	2927	2967	3124	3188	3436	3844	3878	3895	3957	
282	554	814	838	958	1201	1761	1779	2047	2145	2374	2395	2701	2715	2913	2944	3184	3331	3487	3497	3852	3868	4048	4079	4117	4148	4318	4405	4419	4485	4531	
223	987	1054	1213	1247	1491	1517	1537	1644	1666	2186	2205	2289	2383	2514	2546	2695	2818	3202	3320	3571	3615	3733	3750	3972	4261	4440	4441	4449	
128	252	634	686	1074	1116	1363	1481	1948	2519	2703	2721	2999	
429	471	660	689	986	1466	1574	1595	1627	1650	1702	1975	2757	2794	2834	3200	3213	3824	3933	
52	119	638	675	848	876	924	926	1224	1482	1725	1745	2023	2108	2231	2638	2755	2873	2886	3057	3289	3294	3399	3430	3441	3654	3655	3978	4093	4159	4364	4519	
5	13	63	321	325	410	583	871	953	1053	1080	1184	1286	1288	1291	1320	1620	1680	1775	1870	2081	2099	2365	2645	2689	2810	3060	3066	3152	3234	3280	3395	3416	3431	3477	3660	3674	3760	3884	3918	3928	3955	3994	4274	4369	4447	4510	4643	4662	4680	4749	4781	4813	4859	4877	4967	4986	
531	574	593	1031	1061	1335	1353	1839	2229	2257	2293	2474	2932	3491	3514	3578	3584	3802	3872	3951	4136	4138	4186	4208	
12	291	628	776	781	840	889	981	1166	1430	1431	1454	1647	1855	1990	2124	2137	2268	2972	3073	3121	3319	3493	3825	3934	3952	3987	4030	4099	4180	4301	4348	4433	4483	4495	4530	4605	
170	200	320	508	779	880	996	1040	1078	1125	1191	1239	1618	1657	1739	1894	2012	2072	2097	2125	2138	2223	2376	2380	2624	2985	3256	3329	3367	3716	3748	3812	4070	4113	4231	4297	4308	4383	4413	4501	4671	4720	4734	
4	134	334	424	465	484	612	1047	1195	1259	1339	1387	1415	1532	1681	1697	1708	1842	1853	1879	1987	2200	2266	2291	2305	2389	2411	2415	2572	2729	2759	2792	2824	2888	2959	3029	3050	3116	3459	3471	3534	3540	3786	3931	4012	4025	4051	4107	4237	4250	4299	4388	4394	4445	4486	4522	4556	4660	4739	4752	4799	4836	4854	4858	4932	4937	
173	292	335	556	641	658	712	847	944	1019	1084	1145	1179	1413	1562	1643	1716	2013	2139	2209	2228	2241	2426	2539	2594	2615	2631	2697	2800	2836	2857	2983	3095	3373	3419	3427	3445	3574	3576	3594	3645	3765	3766	3799	3820	3821	3997	4024	4043	4069	4072	4179	4271	4345	4347	4407	4432	4460	4578	4600	4655	4721	4782	4880	4914	4922	4958	4960	4964	4968	4970	
247	313	383	399	918	1042	1232	1750	2206	2324	2667	2704	2841	
48	106	277	914	1039	1071	1103	1255	1624	1859	1861	2278	2612	2976	
43	88	431	591	1174	1211	1714	1831	1931	1977	2008	2087	2218	2490	2677	2684	2815	2958	3134	3423	3513	3580	3588	3601	3626	3744	3989	4009	4014	4111	4137	4210	4246	4269	4294	4411	4430	4597	4645	4664	
85	178	479	743	896	1178	1183	1186	1316	1684	1730	2036	2073	2441	2571	2869	3043	3075	3099	3296	3341	3356	3496	3801	3897	4108	4183	4244	4367	4451	4474	4532	4584	4608	
419	726	733	749	788	884	946	1072	1075	1091	1135	1205	1246	1295	1376	1531	1569	1711	1766	1812	1905	1974	2161	2422	2457	2580	2925	2994	3206	3426	3551	3755	3774	3846	3889	3890	3943	3973	3976	3983	4493	4505	4677	4788	
99	144	298	603	792	902	1008	1427	1614	1748	1884	1909	2404	2582	3014	3270	3683	3808	
260	322	934	971	1022	1073	1524	1626	1771	1847	2372	2456	2494	2537	2630	2649	2681	2774	2802	3552	3861	3902	3904	4154	4229	
499	644	1225	1230	1323	1971	2149	2253	2378	2861	3133	3250	3252	3323	3636	3665	3740	
24	339	358	822	975	1139	1441	1480	1536	2262	
33	551	723	1322	1895	1919	1937	1944	2408	2424	2654	2827	2921	3062	3173	3332	
22	100	153	229	240	544	615	1764	1837	2007	2232	
40	421	681	757	825	1202	1321	1858	2103	2154	2833	2899	2915	3122	3244	3422	3448	3781	
207	378	445	1208	1337	1344	1437	2219	2414	2737	2964	3085	3198	3205	3490	3579	3589	3605	3638	3722	3804	3826	
210	365	1065	1185	1794	2051	2118	2239	2255	2335	
151	205	287	371	1106	1172	1182	1330	1403	1929	
129	300	379	387	454	578	639	955	1093	1459	1533	1586	2180	2301	2588	2831	2894	2990	3171	3409	3492	3969	4109	
23	50	246	272	357	451	621	699	714	720	751	974	980	1149	1594	1709	1876	1958	1976	2107	2434	2446	2471	2480	2486	2526	2823	2853	3166	3180	3583	3757	3995	4089	4132	4211	4284	4320	4400	4425	4482	4524	4594	4647	4665	
19	61	83	197	333	411	486	676	718	952	1468	1540	1555	1607	1611	2035	2216	2603	2685	2771	2846	2917	2987	3113	3126	3383	3560	3777	3798	3900	4021	4055	4060	4091	4463	4517	4635	4646	4692	
11	241	319	363	480	518	569	977	1840	1863	2088	2132	2146	2184	2202	2270	2279	2381	2388	2835	2880	3187	3386	3402	3650	3964	4349	
49	70	182	418	711	716	1122	1535	1683	1774	2011	2090	2094	2144	2625	2634	2723	2920	2968	3221	3479	3501	3936	4209	4256	4306	
32	735	972	1021	1101	1548	1728	1737	1781	1953	1985	2342	2369	2410	2549	2734	2751	2953	3212	3230	3378	3415	3429	3562	3572	3664	3713	3992	4029	
80	364	393	506	523	669	802	858	898	995	1143	1361	1416	1610	1656	1694	1721	2098	2120	2152	2179	2221	2392	2401	2432	2595	2644	2688	2745	2988	3189	3389	3457	3483	3590	3710	3756	3814	3862	4007	4058	4078	4087	4110	4149	4205	4249	4266	4295	4382	4558	4598	4604	4681	4777	4897	4908	
53	104	306	455	812	878	1248	1866	1907	2009	2208	2236	2963	3274	3377	3482	
117	176	526	771	808	1507	1854	2162	2466	2476	2670	2938	3065	3109	
132	389	459	568	804	832	839	932	1036	1161	1342	1365	1374	1456	1478	1505	1545	1604	1881	1950	2127	2136	2306	2409	2443	2680	2787	2790	2817	3110	3305	3398	3461	3520	3732	3789	3940	4015	4061	4084	4435	4661	4675	4707	4733	
651	807	913	1136	1512	1534	2022	2220	2294	2311	
14	65	92	329	330	352	1094	1126	1142	1221	1349	1404	1487	1498	1585	1599	1609	1889	1926	2016	2034	2046	2058	2101	2470	2559	2848	3268	3507	3628	3637	3653	3785	4006	4042	4044	4120	4142	4166	4241	4327	4373	4609	4669	4688	4698	4780	4793	4868	4874	4875	4907	
701	863	1309	1381	1635	1710	1820	2111	2199	2438	2493	2497	3081	
27	109	123	265	373	515	643	656	1009	1144	1156	1978	2360	2495	2951	3246	3321	
294	350	369	435	438	516	637	709	755	761	1052	1281	1299	1380	1446	1464	1515	1601	1822	1835	1936	2042	2053	2235	2238	2243	2300	2349	2516	2826	2922	3129	3178	3195	3237	3272	3372	3444	3451	3495	3528	3564	3607	3689	3950	3966	4124	4153	4202	4262	4293	4336	4397	4542	4572	4607	4753	4775	4811	4817	4903	4984	
17	60	175	221	312	525	875	1207	1308	1951	1962	2387	2427	2485	2529	2978	3000	3090	3104	3159	3259	3327	3360	3567	3627	3682	3767	3805	4188	4280	4331	
130	191	254	366	540	585	881	900	1193	1816	2260	2484	2522	2538	2576	2850	2919	2933	3088	3217	3290	3366	3385	3548	3979	
51	98	225	400	467	507	517	563	597	607	679	745	886	1123	1293	1511	1582	1742	1862	1982	2091	2269	2445	2478	2635	2781	2803	2970	3087	3144	3194	3337	3391	3460	3480	3557	3575	3612	3622	3672	3705	3751	3764	4038	4094	4219	4422	4437	4444	4472	4570	4651	4695	4850	4869	4876	4893	4938	4991	
69	251	276	433	645	835	911	1034	1367	1551	1922	2858	
317	728	785	925	1067	1525	1821	1877	2061	2261	2330	2512	2662	2819	2870	3203	
114	370	543	622	627	652	864	865	917	1128	1169	1379	1397	1438	1539	1698	2116	2126	2142	2187	2251	2358	2370	2500	2682	2705	2732	2910	2934	2942	2962	2981	3010	3031	3032	3045	3168	3239	3261	3387	3406	3489	3515	3526	3678	3718	3859	3871	3968	3986	4022	4130	4146	4298	4438	4499	4548	4582	4622	4659	4736	4760	4773	4792	4837	4856	4886	4948	4974	4983	
42	174	258	302	536	632	650	738	815	1046	1249	1483	1608	1828	2160	2296	2708	3068	3223	3511	3553	3585	3633	3734	3782	3875	3885	3937	3970	4332	4498	4538	4581	4639	4654	4683	
172	311	636	729	850	1209	1300	1319	1425	1497	1508	1514	1736	1813	1873	1984	2150	2563	2713	2808	3041	3061	3267	3354	3358	3717	3773	3860	4018	4059	4076	4381	4409	4468	4478	4561	4564	4593	4611	
25	236	1029	1283	1489	1615	1888	2020	2164	2271	2483	2608	3130	3149	3350	4770	
184	355	654	798	805	860	1113	1250	1271	1345	1602	1763	1942	1998	2095	2364	2694	2775	2989	3011	3039	3170	3215	3232	3251	3297	3352	3475	3731	3922	4362	4390	4408	4533	
494	511	617	819	1100	1115	1212	1918	2062	2359	2416	2475	2553	2599	2716	2890	2893	2956	3004	3006	3137	3192	3277	3282	3368	3458	3625	3634	3676	3942	4028	4066	4081	4190	4198	4329	4337	4354	4415	4509	4588	4602	4754	4758	4759	4761	4763	
34	76	821	1284	1593	1693	1830	1834	1841	1999	2496	2991	3105	3209	3328	
38	158	248	705	762	1429	1579	1652	1787	1910	
36	148	342	416	598	618	619	662	666	823	962	1000	1023	1026	1083	1105	1131	1226	1267	1334	1360	1576	1699	1738	1776	1860	1903	2092	2104	2114	2123	2165	2377	2385	2465	2472	2661	2769	2773	2881	3016	3027	3040	3220	3311	3550	3577	3675	3769	3806	3848	3916	4171	4251	4456	4502	4563	4565	4670	4862	4895	4942	4954	4999	
338	731	830	1158	1568	2336	2544	2617	2668	2918	2955	3162	3265	3392	3447	3532	
16	20	124	347	398	407	482	490	623	697	949	1033	1058	1261	1317	1516	1542	1628	1772	1826	1885	1908	2082	2140	2185	2366	2601	2727	2730	2851	2947	3009	3053	3176	3312	3450	3753	3815	3856	3869	4164	4315	4487	4512	4713	4735	4756	4801	4825	4832	4845	4881	4894	4905	
115	262	529	667	806	1530	1914	1983	2194	2503	2622	2928	2998	3096	3158	3273	3455	
289	702	748	969	1150	1157	1406	1493	1605	1664	1900	2623	2768	3258	
193	439	461	687	941	963	1198	1589	2451	2593	3055	3226	3346	
72	160	163	218	722	897	920	937	951	1685	1949	2722	
2	66	113	137	257	360	436	596	854	1048	1659	1673	1686	1814	1886	1911	1913	1920	1979	2067	2153	2175	2190	2498	2552	2575	2586	2627	2839	2859	2907	2939	3001	3044	3138	3169	3379	3410	3453	3466	3518	3522	3595	3619	3686	3850	3967	3980	3984	4158	4236	4243	4328	4351	4356	4392	4404	4511	4547	4633	4644	4653	4794	4985	4996	
78	127	361	463	548	595	648	704	774	797	817	851	857	887	942	989	1045	1333	1472	1706	1707	1723	1743	1777	1815	2276	2356	2367	2428	2678	2719	2785	3013	3118	3179	3421	3449	3473	3476	3621	3700	3723	3775	3914	3921	4100	4174	4217	4222	4235	4257	4283	4305	4365	4371	4429	4473	4484	4491	4492	4526	4553	4589	4601	4613	4667	4686	4716	4762	4857	4873	4906	4917	4944	4971	
256	390	671	1163	1386	1411	1455	1519	1560	1564	1639	1654	1805	1827	1997	2135	2464	2591	2883	3123	3145	3156	3264	3649	3712	3803	3864	3954	4019	4033	4163	4170	4223	4245	4363	4497	4595	4674	
1	142	198	245	269	545	635	682	684	691	734	765	964	1025	1066	1076	1095	1110	1165	1167	1214	1237	1458	1565	1592	1648	1676	1797	1829	1869	2230	2295	2339	2533	2621	2760	2889	2993	3052	3059	3222	3403	3435	3443	3502	3545	3606	3641	3648	3669	3780	3822	3971	4008	4034	4118	4204	4252	4254	4360	4375	4412	4527	4544	4568	4672	4726	4838	4842	4889	4949	4953	4978	4993	
125	215	456	469	973	1500	1808	1960	2066	2096	2343	2382	2420	2706	2935	2973	3056	3119	3214	3325	3554	3623	3642	3661	3762	3839	4071	4197	
15	97	140	183	226	323	444	535	688	1004	1016	1285	1383	1486	1502	1722	1836	1848	2315	2473	2508	2532	2735	2753	2868	3005	3094	3610	3736	3742	3985	4011	4023	4141	4155	4168	4181	4357	4402	4427	4470	4521	4552	4554	4634	4676	4757	4774	4812	4823	4883	
146	157	238	273	285	332	427	584	606	659	710	828	836	844	910	1059	1064	1176	1566	1567	1663	2024	2027	2089	2176	2214	2332	2570	2628	2666	2692	2726	2766	2906	2937	3007	3262	3292	3464	3539	3598	3658	3730	3754	3784	3831	3833	3910	4032	4114	4194	4212	4255	4323	4410	4423	4436	4539	4567	4596	4626	4685	4690	4700	4710	4715	4728	4851	4861	4872	4969	
466	630	663	700	800	1279	1290	1642	1806	2167	2197	2871	
171	476	693	773	842	1218	1370	1655	2327	2659	2741	2877	3036	3335	
56	915	1010	1104	1133	1461	1528	1572	1752	2211	2379	2982	3182	3190	3208	
195	437	655	873	919	948	982	1027	1153	1235	1296	1433	1445	1510	1625	1649	1715	1832	1871	1947	1959	2391	2579	2648	2816	2946	3021	3089	3694	3696	3701	3876	3925	4056	4230	4344	4346	4361	4462	4573	4606	4623	4641	4765	4816	
385	402	984	997	1118	1389	1744	1768	1796	1803	1807	1893	1925	1969	2021	2148	2226	2418	2758	2908	2912	3148	3442	3998	4049	
57	87	250	268	827	892	1196	1382	1475	1786	2527	2763	3003	3310	
9	211	503	561	670	862	1307	1619	1671	1964	2177	2400	2421	2620	2714	2742	2838	3064	3135	3218	3364	3499	3505	3556	3725	3768	4039	4143	4265	
77	219	267	528	557	673	730	908	1305	1346	1439	1687	1713	1719	1991	2063	2115	2564	2765	2783	2842	2901	2975	3308	3538	3543	3591	3673	3690	3715	3807	4027	4077	4086	4133	4330	4520	4546	4619	4636	4638	4652	4666	4712	4717	4767	4779	
263	458	477	552	796	916	1424	1460	1492	1588	1653	1672	1865	2196	3791	3840	3929	3946	
405	1097	1600	1603	1782	1868	1954	2181	2280	2362	2561	2597	2786	3008	3015	3077	3687	
204	453	866	879	1007	1055	1243	1712	1875	2217	
138	181	190	235	293	297	496	502	566	904	1057	1068	1070	1141	1395	1636	1670	1747	1790	1838	1864	1883	2043	2151	2183	2406	2548	2605	2699	2843	2866	3241	3242	3400	3420	3488	3770	3794	3939	3953	3960	4047	4175	4259	4341	4431	4443	4632	4673	4725	4818	4822	4841	4847	4945	
147	434	520	739	763	803	1634	1741	1785	1880	1966	2134	2170	2274	2340	2412	2436	2796	2804	2805	2984	3371	3384	3903	4126	4247	4385	
54	84	187	950	990	1051	1194	1501	1802	1851	2025	2447	2504	2600	2849	3072	3362	3525	3667	3919	3962