170	413	481	1174	1198	1504	2063	2279	2527	2552	2715	2969	3001	3281
16	41	622	841	899	947	1253	1846	2342	2495	2844	2904	3078	3253	3254	3313	3369	3400	3491	3658	3674	3715	3921	3922	4032	4057	
731	773	1043	1295	1301	1326	1521	1899	1922	2042	2219	2307	2387	2450	2830	2864	2910	3725	3738	3851	
67	102	171	555	602	654	1225	1346	1405	1747	1926	2107	2178	2506	2737	3468	3928	
172	398	507	568	660	740	763	845	937	969	990	1134	1217	1305	1527	1566	1647	1718	1975	2156	2306	2363	2383	2392	2989	3227	3524	3639	3931	4000	4071	4244	4252	4281	
219	249	261	566	719	737	823	1071	1255	1351	1634	1726	2166	2188	2222	2283	2634	2870	3260	3429	3589	4014	4029	4036	4132	4233	
299	678	679	691	1060	1443	1471	1698	1753	1893	1993	2030	2413	2727	2900	2981	3089	3244	3339	3354	3612	3679	3736	3743	3792	3820	4070	4366	
202	337	1315	1349	1411	1537	2328	2457	2465	2571	2736	2875	3098	3228	3541	3747	3870	3900	4008	4035	4090	
272	683	742	830	864	1056	1206	1536	1732	2115	2689	2866	2874	2894	2955	3091	3248	3303	3533	
519	920	968	1004	1654	1691	1741	2004	2340	2396	2481	2497	3262	3307	
135	245	250	284	702	1142	1167	1559	1633	1752	2284	2310	2364	2499	2632	2671	2813	2920	2940	3015	3214	3246	3634	4127	4199	4228	4258	4265	4284	4462	4546	4938	
120	242	476	1139	1506	1780	1952	2108	2204	2406	2558	2765	
126	211	290	315	328	348	407	725	893	956	1002	1006	1180	1275	1314	1354	1468	1482	1503	1604	1666	1672	1795	1810	1841	1962	1977	2233	2393	2426	2453	2649	2707	3132	3196	3532	3846	3946	4161	4179	4334	4402	4432	4455	4505	4523	4541	4626	4629	4709	4730	4755	4838	4895	4897	4941	
83	100	155	217	385	498	516	701	842	1026	1027	1187	1265	1660	1697	1838	1904	1965	2431	2473	2575	2592	2631	2687	3046	3087	3273	3352	3447	3499	3628	3990	4072	4193	4218	4249	4275	4308	4422	4427	4428	4576	4581	4649	4736	4844	
7	86	143	145	274	310	336	444	573	827	849	856	861	959	984	1012	1039	1156	1327	1336	1474	1562	1564	1574	1592	1676	1751	1862	2008	2068	2170	2196	2271	2554	2596	2705	2997	3008	3194	3245	3278	3332	3380	3567	3689	3695	3761	3788	3854	3876	3959	3985	4080	4198	4203	4340	4369	4447	4452	4503	4526	4536	4542	4554	4563	4713	4805	4899	4915	4926	4956	4972	4982	
549	595	794	1009	1058	1119	1413	1539	1630	1823	1933	2079	2189	2287	2477	2480	2514	2615	2996	3134	3178	3261	3421	3436	3595	3636	3730	3794	3814	3852	3905	4028	4100	4108	4133	4220	4358	4608	4630	4665	4957	
63	332	382	500	542	658	733	801	925	995	1072	1098	1105	1116	1138	1488	1501	1616	1775	1797	1915	2192	2214	2597	2679	2741	2847	2877	3035	3056	3185	3406	3416	3551	3754	3826	4188	4289	4392	4426	4679	4747	4763	4787	4790	4851	
253	592	699	960	1092	1223	1276	1449	1620	1988	2127	2336	2347	2404	2825	2995	3009	3217	3398	3490	3992	4017	4050	4129	4206	4253	
97	110	201	298	426	486	583	746	749	850	896	1179	1195	1236	1240	1461	1510	1525	1528	1529	1602	1607	1631	1744	1839	1946	1968	2067	2085	2313	2337	2369	2389	2501	2508	2851	3036	3104	3147	3304	3386	3470	3560	3622	3624	3649	3781	4387	4502	4712	4768	4813	4826	4876	4894	4958	4965	4970	4977	
146	340	437	756	1127	1675	1715	2005	2302	2471	4864	
10	37	122	181	338	369	420	430	533	539	565	617	738	790	970	1080	1330	1389	1453	1458	1683	1733	1767	1830	1868	1950	1960	2015	2103	2147	2213	2524	2734	2744	2754	2793	2798	2820	2829	2947	2966	3016	3034	3170	3204	3361	3378	3529	3559	3571	3579	3662	3688	3722	3832	3869	3904	3932	4084	4086	4178	4202	4382	4388	4417	4418	4445	4448	4459	4489	4527	4532	4631	4823	4854	4884	4948	4973	
826	1084	1281	1648	1935	1939	2072	2168	2177	2226	2411	4034	
101	401	730	1099	1619	1809	2140	2194	2600	2691	2819	2908	2978	3169	3296	
52	256	363	443	499	819	998	1292	1816	1859	
105	162	829	1040	1279	1373	1387	1613	2285	2312	
866	877	1241	1357	1388	1402	1705	1831	2137	2572	2625	2811	4711	
56	452	1034	1086	1432	1477	1656	2136	2260	
93	334	364	403	460	805	991	1196	1215	1359	1551	1664	1770	2157	2296	2454	2761	2769	3081	3330	3433	3574	3640	3709	3849	4113	4241	4372	
152	1017	1268	1324	1570	1594	1653	2044	2134	2254	
72	73	173	239	331	344	393	440	680	712	717	779	901	902	940	996	1065	1126	1205	1303	1355	1577	1595	1832	1909	2203	2361	2395	2418	2446	2458	2636	2706	2782	2858	3213	3222	3225	3240	3372	3565	3834	3842	3858	3874	3894	3906	4058	4152	4204	4368	4406	4516	4660	4681	4766	4798	4837	4847	4870	4960	4968	4969	4979	4994	4995	
31	412	558	627	745	935	973	1239	1277	1390	1394	1480	1658	1677	1695	1703	1739	1771	1811	1896	2099	2207	2215	2299	2730	2788	2795	2807	2901	3171	3288	3539	3667	3694	3898	3966	4005	4042	4069	4147	4164	4240	4296	4317	4318	4483	4567	4710	4811	4832	4850	4880	4907	4923	4955	
119	387	532	659	1274	1456	1457	1600	1813	2261	2391	2408	2443	2849	3126	3258	3471	3558	3610	3697	4056	4106	4128	4200	4333	
127	529	620	770	907	1155	1317	1517	1603	1622	1680	1737	2176	2595	2642	2674	2923	3010	3687	3719	3787	3888	4238	4250	4272	4299	4347	
427	446	1054	1150	1183	1213	1214	1310	1383	1806	1847	1887	1992	2163	2258	2394	2531	2644	2735	2821	2823	2881	2890	3050	3112	3157	3316	3518	3538	3588	3665	3670	3724	3727	3848	3865	3948	3971	4010	4224	4280	4282	4292	4377	4480	4515	4548	4565	4578	4585	4611	4742	4749	4759	4776	4893	4921	4961	
317	455	471	755	905	922	1052	1261	1754	1863	1895	1959	2102	2403	2479	2496	2709	2740	3150	3389	3620	3776	3855	3936	4158	4940	
85	133	228	1786	1875	2033	2090	2378	2447	2729	2763	2902	
293	589	655	716	840	962	1015	1152	1309	1639	2046	2228	2269	2842	3250	3277	
14	78	304	356	459	484	530	650	673	789	817	875	927	1047	1104	1177	1256	1278	1427	1450	1460	1464	1608	1708	1884	1970	2101	2133	2142	2244	2275	2434	2590	2664	2690	2720	2944	2977	2991	3152	3174	3195	3252	3267	3282	3289	3357	3481	3561	3627	3741	3764	3837	3850	3891	3978	4155	4209	4310	4338	4343	4384	4472	4593	4604	4672	4676	4700	4702	4705	4719	4988	4998	
136	192	626	1115	1175	1287	1339	1467	1589	1682	1712	1727	2162	2436	2525	3140	3733	
204	405	858	1147	1579	1587	1833	1932	2116	2183	
12	159	271	390	649	837	868	988	1014	1106	1132	1300	1495	1526	1614	1665	1670	1723	1757	1818	2056	2286	2526	2573	2622	2897	2926	3100	3382	3603	3676	3755	3768	3798	3899	4163	4335	4342	4397	4547	4551	4704	4723	4728	4735	4761	4785	4835	4848	4917	4934	4947	
425	453	456	1312	1581	1761	1866	2216	2563	2598	2660	
187	693	753	787	985	1590	1699	1755	1765	1942	2043	2059	2073	2083	2221	2322	2339	2359	2486	2533	2588	2841	2945	3025	3103	3368	3384	3473	3479	3480	3521	3660	3735	3960	4196	4314	4533	4572	4642	
25	213	248	439	728	776	859	955	1044	1395	1534	1556	1769	1911	1921	2304	2628	2780	2876	3065	3302	3356	3791	3877	3988	4122	4298	4386	4391	4458	4509	4512	4890	
77	289	355	501	502	557	636	645	671	720	885	1050	1226	1479	1545	1560	1567	1657	1673	1736	1941	2055	2065	2191	2247	2273	2692	2696	2710	2751	2794	2848	2872	2893	3189	3286	3287	3331	3467	3497	3498	3615	3647	3657	3666	3681	3685	3773	3847	3908	3911	4062	4063	4166	4177	4213	4234	4278	4283	4345	4346	4423	4632	4644	4666	4678	4683	4688	4696	4788	4812	4846	4896	4937	4945	4980	4996	
32	301	303	670	821	878	1367	1493	1643	1709	2126	2239	2311	2338	2360	2386	2561	2578	2662	2703	2733	2787	2846	2892	2983	3017	3030	3146	3154	3333	3335	3393	3439	3458	3477	3482	3672	3913	3977	4001	4019	4037	4093	4331	4450	4479	4501	4513	4571	4657	4691	4707	4740	4809	4879	4951	4953	
64	354	454	832	891	1197	1423	1584	1640	2018	2442	2855	3476	3575	3605	3652	3805	4690	
503	625	900	1061	1148	1296	1386	1441	1766	1791	1980	2075	2088	2500	2504	3014	3404	3487	
30	269	813	910	1042	1304	1483	1540	2011	2197	2238	2416	2708	2774	2867	2916	2972	3055	3061	3446	3587	3609	3703	3711	3838	3914	3956	3958	4053	4117	4187	4225	4435	4470	4522	4573	4591	4659	4744	4789	
66	163	193	230	312	322	541	585	606	764	808	815	957	1173	1418	1473	1684	1889	2054	2169	2182	2193	2528	2684	2697	2850	3040	3064	3067	3167	3290	3383	3441	3590	3895	3923	3983	4140	4301	4370	4463	4482	4675	4721	4799	4806	4810	4868	
216	747	898	1029	1035	1431	1435	1486	1745	1861	2278	2492	2570	2777	2809	3095	3309	3478	3488	3531	3632	
185	689	707	982	1007	1091	1398	1445	1547	1550	1873	1966	2036	2066	2138	2606	3241	3355	3434	3974	4123	
5	81	161	210	231	238	276	282	360	434	465	603	710	816	987	1046	1135	1262	1417	1422	1490	1569	1596	1689	1722	1729	1738	1789	1903	1924	2020	2139	2190	2199	2264	2288	2333	2355	2445	2459	2502	2828	2832	2882	3109	3176	3188	3242	3305	3324	3342	3344	3409	3645	3646	3740	3748	3799	3827	3882	4092	4189	4349	4444	4494	4537	4577	4590	4658	4674	4794	4801	4814	4857	4912	4925	
165	275	512	552	706	729	1898	1951	2399	2681	2686	3073	3247	3257	3444	
2	128	139	295	318	352	487	860	903	916	1137	1407	1641	1728	1763	1912	1949	1953	2441	2484	2523	2618	2757	2839	3101	3142	3279	3310	3474	3564	3568	3651	3723	3759	3769	3801	3955	4341	4381	4495	4584	4595	4636	4648	4689	4724	4726	4729	4731	4765	4786	4819	4821	4862	4866	4889	4943	4992	4993	4999	
28	232	244	342	370	381	477	511	556	754	765	820	835	1122	1182	1320	1333	1338	1409	1626	1725	2045	2132	2195	2256	2309	2325	2350	2483	2489	2546	3023	3031	3102	3192	3283	3415	3422	3563	3617	3641	3731	3777	4087	4237	4327	4336	4404	4449	4525	4539	4580	4588	4693	4803	4824	4829	4856	4869	4874	4888	4946	4971	4989	
109	130	178	311	661	1249	1439	1636	2109	2110	2125	2155	2433	2601	2672	2712	2797	2826	3093	3115	3218	3964	4064	4149	4217	4321	4383	4476	4497	4562	4566	4606	
46	157	182	345	607	637	792	822	972	1013	1113	1243	1393	1448	1459	1650	1772	1963	2119	2146	2201	2255	2397	2398	2407	2485	2623	2843	2913	2967	3365	3405	3430	3598	3878	4136	4182	4344	4552	4734	4741	4748	4756	4783	4834	4852	
53	84	939	1028	1037	1120	1285	1375	1381	1524	1582	1955	2025	2048	2748	2907	2914	3074	3472	3536	3554	3607	3762	3796	3808	3979	4312	4378	4408	4424	4545	
13	68	106	112	118	214	262	389	528	639	677	879	897	1094	1103	1158	1159	1290	1586	1655	1716	2181	2323	2468	2621	2985	3191	3655	3659	4107	4293	4297	4315	4320	4352	4430	4446	4466	4514	4599	4634	4643	4720	
4	6	132	160	571	1069	1160	1340	1451	1801	2113	2281	2409	2435	2462	2487	2747	2986	3044	3069	3181	3198	3239	3449	3466	3546	3572	3883	3986	4047	4048	4105	4138	4157	4245	4263	4339	4348	4410	4433	4471	4499	4613	4685	4701	4781	4784	4822	4900	4919	
19	365	463	780	994	1025	1283	1408	1429	2270	2778	2928	3212	3274	3390	3576	
60	721	783	1136	1192	1288	1332	1434	1518	1576	1798	1836	2051	2237	2752	2827	2885	3002	3085	3124	3223	3347	3461	3793	3811	4011	4012	4151	4170	4172	4192	4365	
92	164	237	266	379	888	1100	1153	1507	1938	2081	2230	2349	2365	2424	2511	2607	2633	2878	2964	3129	3182	3327	3366	3371	3448	3654	3668	3708	3742	3860	3924	4131	4154	4195	4376	4425	4465	4549	4687	4714	4772	
116	168	469	711	918	1462	1702	1829	1934	1986	2243	
96	197	224	292	327	409	1185	1455	1571	1642	1794	1844	1957	2186	2224	2655	2796	2919	3094	3114	3268	3501	3526	3656	3664	3680	3713	3767	3784	3830	3935	3940	4061	4066	4229	4439	4475	4498	4583	4592	4652	4673	4732	4743	4767	4782	4833	
166	489	596	906	979	1212	1428	1469	1877	2276	2308	2520	2880	3049	3343	3682	3943	
113	605	709	734	1211	1365	1424	1991	2262	2317	2553	2581	2658	2802	2887	3548	
257	593	621	943	1032	1036	1143	1184	1384	1416	1585	1724	1843	2047	2082	2236	2332	2345	2376	2448	2529	2545	2556	2653	2789	2873	3019	3096	3121	3219	3465	3512	3815	3975	4153	4160	4185	4235	4246	4295	4442	4496	4694	4715	4770	4802	4839	4910	
270	280	700	713	784	1191	1696	2150	2200	2427	2540	3020	3066	
33	36	279	283	554	675	739	758	894	926	1166	1200	1250	1286	1392	1484	1553	1774	1779	1845	1901	1929	2002	2061	2091	2094	2122	2245	2444	2613	2665	2803	2840	2934	3063	3141	3162	3321	3328	3462	3517	3535	3671	3866	3926	4033	4141	4175	4356	4605	4650	4853	4858	4871	4892	4904	4924	4931	4967	
225	235	278	371	518	584	599	895	1020	1053	1066	1362	1688	1711	1730	1749	1857	1940	2093	2098	2160	2423	2516	2762	3028	3122	3284	3693	3804	3812	3879	3969	3970	4081	4085	4393	4628	4695	4703	
74	247	260	814	948	1917	1936	2074	2358	2476	2659	2792	2837	
34	141	189	491	851	1266	1544	1652	1717	2210	2366	2381	3133	3200	3256	3396	3428	3623	3817	3890	4013	4060	4114	4135	
263	1426	1580	1598	1762	1897	1996	2294	2356	2463	2599	2616	2650	2948	2950	3097	3106	3236	3275	3401	3463	3696	3760	3783	3980	4103	4221	4307	4407	4431	
76	302	757	1572	1575	1742	1803	1817	1983	2205	2351	2432	2438	2770	2984	3083	3334	3399	3644	3705	3790	3844	3918	3973	4059	4116	4210	4254	
449	598	824	981	1041	1870	1906	1981	2231	2624	2639	3054	
406	788	1048	1210	1232	1902	1947	2069	2301	2305	2661	2980	3358	3522	3596	3700	3751	
39	117	121	586	631	834	924	932	934	941	1199	1329	1878	2010	2353	2579	2738	2750	2971	3048	3376	3515	3545	3569	3581	3758	4003	4186	4201	4257	4373	
131	205	300	414	640	1075	1117	1144	1168	1489	1679	1807	2123	2175	2341	2414	2437	2544	2586	2630	2755	2759	2853	2930	2946	3138	3145	3291	3336	3492	3500	3578	3599	3601	3678	3822	3868	3957	3995	4094	4212	4323	4380	4396	4419	4429	4524	4540	4646	4654	4684	4760	4769	4860	4861	4886	4963	
82	221	325	353	386	572	612	1022	1070	1096	1165	1514	2016	2154	2375	2968	3079	3144	3392	3452	3507	3704	3999	4124	
8	11	341	350	358	396	424	436	531	696	1073	1313	1353	1637	1998	2041	2130	2334	2626	2721	2941	2992	3041	3148	3159	3280	3897	3939	4015	4329	4374	4379	4664	4677	
134	174	267	357	714	1476	1554	1632	1661	1894	2006	2128	2143	2164	2412	2451	2857	3052	3158	3251	3346	3496	3506	3540	3586	3600	3650	3902	3909	3934	3996	4004	4038	4043	4051	4096	4264	4394	4477	4602	4607	4627	4746	
38	99	203	408	492	623	732	760	884	946	966	1055	1101	1121	1146	1188	1267	1318	1397	1399	1492	1505	1508	1858	1891	1919	2019	2211	2419	2646	2647	2756	2791	3027	3119	3314	3412	3542	3556	3616	3821	3961	3984	4009	4098	4197	4259	4270	4294	4403	4469	4568	4682	4717	4771	4797	4800	4841	4902	4905	4952	4981	4985	
24	142	180	240	321	410	473	515	545	576	666	668	807	811	828	971	1000	1031	1341	1403	1410	1433	1509	1513	1555	1611	1690	1985	2060	2185	2229	2249	2405	2410	2594	2627	2717	2718	2833	2951	3038	3306	3308	3619	3638	3756	3778	3795	3813	3863	4097	4168	4248	4269	4279	4303	4355	4399	4474	4529	4561	4637	4668	4751	4762	4808	4859	4872	4936	
308	653	697	768	1291	1850	1882	1914	2507	2766	2799	
349	394	646	799	1076	1269	1734	2274	2303	2354	2638	2918	3156	3190	
144	148	209	510	522	535	771	965	1124	1629	2071	2087	2266	2318	2384	2466	2548	2567	2745	2784	2822	2831	2911	2949	3215	3235	3451	3484	3557	3828	3843	3875	3889	4205	4375	4535	4616	4639	
184	359	384	497	590	635	1083	1347	1494	1530	1542	1824	1871	1879	2120	2370	2518	2574	2868	2960	2993	3007	3230	3265	3338	3648	3840	3982	3993	4044	4300	4362	4457	4519	
319	457	890	958	1131	1149	1532	1612	1692	1808	1931	1945	2235	2373	2657	2818	2838	2869	2974	3004	3006	3011	3070	3440	3566	3718	3872	3884	3910	4239	4304	4361	4364	4401	4436	4557	4609	4722	4780	4815	4817	4825	
314	1059	1068	1228	1337	1404	1610	1918	1979	2680	2716	2781	2806	3165	3514	3582	3629	3690	
48	313	326	400	980	1024	1511	1793	1826	2000	2425	2584	3012	3080	3209	3351	3643	3807	3833	3886	4101	
179	560	575	741	931	1123	1245	1246	1864	1920	1973	2152	2329	2987	3226	3772	3835	
208	241	435	715	1093	1202	1272	1478	4326	
722	752	778	818	1063	1219	1548	1890	2029	2240	2593	2760	2800	2917	3237	3243	
220	441	836	975	1140	1568	1756	2151	2316	2488	
123	367	517	526	651	912	1057	1325	1345	1628	2475	2889	3018	3388	3417	3611	3613	3744	
429	431	495	581	1515	1659	1923	2104	2131	2564	2612	2933	3160	3413	3464	3841	3867	3976	4095	4110	4460	
89	215	662	810	831	1713	1822	1872	2242	2251	
194	234	305	468	546	989	1114	1190	1498	
98	254	324	373	1102	1242	1363	1701	1840	2062	2666	2739	2973	3123	3184	3325	3710	3786	4024	4073	4142	
104	153	604	676	695	751	873	1161	1235	1322	1561	1638	2012	2096	2145	2172	2174	2362	2470	2547	2603	2656	2764	2912	2929	3003	3202	3411	3423	3431	3631	3677	3770	3797	3803	3916	4022	4156	4508	4528	4538	4686	
57	703	708	862	923	1008	1172	1258	1270	1420	1704	1759	1883	1910	2253	2300	2320	2614	2725	2753	2898	3045	3057	3058	3238	3503	3728	3825	3951	3963	4049	4389	4454	4615	4621	4662	4663	
58	156	362	376	415	564	632	684	791	867	1051	1635	1758	1821	2348	2536	2569	2773	3128	3135	3208	3232	3509	4023	4040	4291	
88	372	380	483	682	853	1110	1129	1248	1523	1558	1825	2037	2124	2280	2357	2429	2589	2640	2652	2860	3642	3702	3732	3810	4018	4330	
124	309	421	482	667	1003	1163	1229	1316	1360	1378	1499	2248	2252	2374	2449	2637	2801	3153	3295	3319	3375	3527	3618	4076	4148	4207	4357	
17	198	445	618	648	718	772	854	919	929	942	976	1038	1077	1259	1350	1358	1491	1500	1535	1543	1958	2092	2257	2292	2326	2417	2472	2677	2682	2704	2724	2749	2994	3037	3090	3149	3221	3259	3523	3537	3673	3987	4041	4351	4359	4456	4544	4596	4750	4778	4849	4867	4918	
26	212	288	479	488	663	674	1440	2009	2814	2932	2962	3298	3456	3493	3519	
562	781	1021	1323	1368	1848	1881	2031	2161	2474	2635	2906	3206	
59	115	149	378	464	520	727	798	992	1095	1170	1238	1391	1976	2039	2129	2149	2352	2428	2440	2668	2903	2954	2990	3187	3216	3229	3329	3485	3583	3606	3779	3806	3912	4055	4120	4143	4262	4473	4569	4600	4633	4680	
9	343	506	876	953	1112	1157	1849	1995	2223	
90	200	223	333	493	550	577	641	656	857	892	1331	1406	1414	1623	2049	2218	2346	2534	2580	2953	2975	3205	3407	3453	3547	3608	3633	3683	3712	3717	3729	3775	3954	3972	4126	4183	4363	4390	4434	4488	4504	4511	4586	4619	4640	4929	
461	490	597	795	1382	1681	1865	1869	1956	2202	2331	2530	2542	
265	587	786	848	1087	1415	1538	1624	1748	1982	3118	3172	3311	3483	3516	3543	
140	169	297	863	865	1118	1377	1485	1827	2007	2034	2050	2070	2112	2180	2452	2490	2505	2539	2587	2714	2804	2824	2915	3051	3092	3179	3266	3312	3337	3340	3381	3387	3394	3721	3745	3753	3809	3953	3967	3989	3994	4162	4247	4306	4559	4560	4610	4653	4698	4699	4737	4836	4950	4990	5000	
23	154	291	377	537	1888	2003	2064	2212	2272	2400	2535	2767	2768	2834	2859	2879	3062	3163	3437	3508	3829	3997	4222	4313	4400	4440	4467	4484	4485	
825	855	880	952	967	997	999	1176	1220	1297	1760	2367	2498	2645	2731	3299	3435	3511	3597	3663	3716	3739	3782	3903	4194	
138	176	246	570	629	847	886	1194	1237	1257	1280	1466	1686	1750	1787	1799	1925	2080	2118	2209	2388	2555	2648	2670	2695	2771	3108	3249	3443	3570	3625	3686	3714	3726	3824	3845	3871	3965	4104	4115	4144	4180	4214	4216	4277	4415	4438	4531	4669	4818	4827	4878	4891	4909	4966	4975	4976	4991	
391	652	793	843	1735	1851	2232	2512	2817	2835	
243	609	619	881	889	1162	1298	1401	1520	1814	2503	2557	2702	3210	3486	3530	
1	15	49	87	158	285	392	422	458	462	540	594	687	800	869	938	993	1016	1045	1203	1244	1425	1472	1943	2173	2267	2324	2344	2372	2401	2430	2566	2605	2700	2719	2732	2743	2937	3021	3292	3360	3391	3549	3750	3823	3887	3896	3945	3950	4025	4091	4286	4309	4319	4325	4367	4398	4520	4575	4618	4727	4843	4845	4898	4927	4935	4942	4986	
20	107	255	638	833	949	964	1252	1376	1905	2106	2144	2510	2515	2543	2551	2583	2676	2722	2815	2886	3026	3047	3088	3326	3403	3502	3544	3552	3562	3952	4109	4171	4191	4564	4716	
29	188	339	399	478	611	735	917	1222	1302	1308	1344	1412	1644	2026	2577	2758	2895	2976	3022	3042	3084	3173	3203	3207	3374	3991	4016	4052	4082	4121	4137	4165	4316	4443	4500	4550	
273	320	416	521	681	913	1062	1885	2114	2187	2250	2377	3105	3323	3426	3445	
69	79	129	151	206	287	494	578	600	647	1109	1201	1247	1588	1593	1601	1812	1930	1997	2493	2560	2925	3029	3175	3186	3320	3691	3800	3818	4130	4169	4243	4491	4620	
43	167	286	294	335	480	504	547	613	944	1074	1154	1186	1251	1306	1442	1667	1828	1908	1994	2014	2086	2097	2220	2379	2491	2723	2884	2921	3072	3164	3269	3276	3402	3901	3949	4226	4287	4354	4589	4725	4738	4745	4758	4793	4828	
307	608	664	804	812	914	1969	2022	2330	2415	2999	3075	3180	3377	3425	
3	150	1010	1385	1438	1669	2017	2057	2321	
475	559	579	762	882	1019	1064	1254	1321	1436	1452	1541	1646	1781	1805	1954	1974	2023	2153	2184	2227	2550	2683	3000	3116	3127	3315	3359	3424	3427	3432	3504	3555	3692	3737	3785	3859	3873	4027	4046	4078	4173	4184	4215	4227	4242	4260	4322	4481	4486	4594	4603	4645	4647	4774	4903	4933	4954	4964	
111	726	809	874	1133	1145	1343	1972	2111	2790	3043	3211	3272	3534	3675	
21	54	61	65	190	524	536	553	580	634	838	983	1030	1204	1234	1519	2038	2095	2141	2171	2179	2293	2298	2421	2549	2619	2643	2667	2698	2711	3125	3193	3270	3349	4065	4099	4111	4208	4232	4251	4261	4453	4464	4487	4553	4570	4612	4791	4804	4807	4831	4875	4906	4928	4944	4962	
207	361	448	628	644	883	961	1049	1319	1552	1773	2422	3071	3255	3301	3410	3454	
70	383	485	527	870	1178	1481	1714	1989	2158	2402	2559	2673	
614	759	1033	1227	1364	1374	1663	1743	1778	2319	2541	2604	2863	3024	
432	685	904	950	1444	1719	2385	2494	2608	2812	
108	229	281	296	306	368	736	921	945	1282	1609	1621	1668	1685	1867	1880	1927	2078	2241	2315	2517	2609	2620	2651	2663	2701	2883	2888	2979	3117	3120	3137	3271	3300	3510	3669	3684	3763	3766	3802	3861	3885	3962	4007	4074	4219	4276	4311	4324	4328	4353	4411	4451	4461	4490	4493	4506	4597	4625	4638	4739	4816	4855	4908	4974	4978	
42	44	55	91	472	525	588	774	954	978	1011	1342	1437	1578	1674	1678	1694	1783	1784	1796	1834	1837	2027	2234	2263	2265	2290	2513	2519	2688	2693	2726	2742	2810	2845	2852	2924	2931	3099	3111	3168	3294	3345	3362	3489	3520	3626	3789	3937	3944	4118	4125	4146	4230	4268	4305	4413	4507	4517	4574	4773	4775	4911	4914	4920	4939	4983	4984	4987	
35	45	94	191	236	330	404	534	543	839	872	1108	1372	1396	1454	1606	1804	2297	2455	2699	2899	2922	3077	3233	3234	3364	3367	3469	4026	4031	4068	4267	4468	4478	4624	4635	4670	
147	177	417	418	419	496	513	551	591	723	743	777	785	871	1001	1018	1078	1079	1334	1400	1419	1447	1597	1662	1671	1740	1792	1856	1967	2084	2148	2165	2167	2469	2610	2675	2836	2998	3039	3143	3166	3199	3293	3385	3457	3585	3614	3637	3706	3734	3839	3919	3920	3927	3933	3998	4030	4054	4174	4231	4302	4332	4441	4543	4651	4655	4840	4873	4883	4922	4997	
137	508	615	630	803	852	1097	1189	1380	1497	1516	1605	1785	1819	1820	1928	2040	2295	2775	2938	2961	3183	3197	3450	3580	3720	4134	4421	
103	346	411	423	433	450	538	844	933	936	1081	1128	1361	1599	1707	1874	1907	2217	2390	2509	2532	2565	2568	2786	2862	3005	3220	3350	3420	3459	3591	4006	4020	4045	4067	4077	4083	4088	4139	4181	4190	4236	4255	4671	4753	4877	4882	4885	
47	175	196	375	428	466	616	633	887	977	1082	1111	1181	1264	1293	1352	1379	1565	1782	1815	1876	1886	2100	2456	2522	2654	2669	2776	2891	3033	3060	3107	3136	3379	3414	3455	3494	3584	3621	3630	3661	3699	3816	3819	3853	3881	3917	3941	3947	4176	4211	4256	4271	4288	4290	4337	4360	4395	4414	4510	4518	4534	4555	4556	4614	4656	4901	4916	4949	
986	1193	1263	1273	1421	1446	1618	2058	2942	3110	
50	374	438	447	694	767	1802	1853	2035	2053	2121	2602	2939	2958	
323	347	915	1130	1171	1348	2001	2032	2785	2871	3363	3475	
18	264	574	624	665	744	761	782	1151	1218	1230	1289	1512	1549	1627	1645	1706	1720	1777	1987	2021	2277	2327	2641	2746	2772	2959	3086	3373	3395	3698	3707	3892	4021	4079	4089	4159	4167	4420	4582	4779	4792	4796	
258	351	402	467	567	642	930	1005	1090	1233	1371	1531	1852	1855	2105	2159	2291	2617	3130	3553	3857	3925	3942	4039	4119	
75	277	669	1067	1207	1224	1463	1533	1842	1892	1978	2537	2538	2629	2927	
509	523	610	724	1164	1169	1591	1731	1768	1860	1900	1961	1990	2117	2420	2460	2464	2861	2865	3053	3059	3322	3505	3525	3593	3604	3653	3746	3765	4371	
95	186	199	218	395	690	750	769	1271	1299	1356	1487	1496	1522	1557	1721	1776	1937	2089	2135	2198	2206	2268	2576	2779	2896	2905	3032	3082	3139	3353	3573	3592	3594	3701	3938	4002	4223	4350	4412	4492	4530	4697	4706	4795	4820	
71	672	802	909	951	1107	1366	1465	1475	1625	1693	2585	2591	3151	3438	3528	3577	3856	3893	
62	195	514	908	1208	1311	1502	1687	1964	2028	2678	2728	2935	2988	3201	3297	3774	3780	
226	252	329	505	928	1260	1328	1746	2289	
27	183	222	233	259	388	397	474	657	688	748	766	775	974	1088	1089	1125	1617	1649	1854	2246	2380	2461	2478	2611	2694	2783	2816	2936	2952	2963	2965	3177	3224	3231	3285	3318	3341	3348	3408	3880	3930	4285	4405	4558	4587	4601	4692	4718	4764	4865	4887	4930	
80	227	442	544	643	1231	1369	1651	1788	1800	1916	2052	2208	2314	2805	2970	3013	3161	3264	3550	3771	3831	4112	4385	4437	
251	569	601	963	1209	1294	1307	1370	1430	1546	1948	1971	2013	2335	2482	2521	3263	3317	3635	3752	3907	
316	366	705	806	846	1085	1141	1563	1583	1615	1984	1999	2024	2259	2382	2562	2685	2909	2982	3113	3460	3836	3862	
470	548	561	563	582	686	692	698	704	911	1221	1284	1335	1470	1573	1700	1710	1944	2076	2077	2225	2368	2467	2582	2713	2854	3068	3155	3370	3397	3419	3442	3513	3749	3864	3915	3929	3968	3981	4075	4102	4145	4266	4273	4274	4416	4579	4623	4661	4708	4733	4777	4830	4842	4863	4881	4913	4932	4959	
22	40	51	114	125	268	451	796	797	1023	1216	1764	1790	1835	1913	2282	2343	2371	2439	2808	2856	2943	2956	2957	3076	3131	3418	3495	3602	3757	4150	4409	4521	4598	4617	4622	4641	4667	4752	4754	4757
