133	141	234	434	829	1105	1570	1573	2616	2659	2860	2906	3020	3042
360	412	501	529	607	1247	1344	1424	1477	1543	1789	1837	1857	1865	2187	2233	2828	2960	2990	3380	3438	3450	3542	3955	4140	4270	
129	410	527	666	858	1188	1669	1692	2131	2295	2338	2523	2532	3017	3043	3203	3232	3431	3803	3942	
29	220	734	846	974	1012	1134	1270	1822	1901	2405	2440	2719	2952	2965	3469	3674	
184	225	479	665	999	1304	1396	1478	1912	2054	2082	2135	2339	3056	3100	
6	28	58	89	502	550	746	889	1010	1137	1340	1823	2048	2188	2536	2669	2955	3154	3336	3399	3416	3441	3711	4032	4064	4304	
1040	1196	1310	1348	1621	1806	2157	2246	2251	2276	2351	2422	2527	2738	3220	3254	3473	3563	3664	3684	3690	3764	3779	3853	4049	4073	4376	4440	
253	678	862	870	949	1248	1327	1484	1992	2183	2571	2646	2705	2861	2971	3218	3319	3527	3792	3913	3960	
345	521	604	936	1080	1244	1303	1474	1533	1694	2012	2165	2320	2364	2798	2829	2976	3079	3777	
78	223	327	617	659	1210	1328	1414	1604	1735	2097	2213	3230	3314	
162	270	319	343	707	775	817	885	951	1181	1293	1306	1384	1460	1733	1861	1909	2046	2121	2142	2166	2328	2753	2953	3173	3535	3728	3739	3876	4246	4350	4455	
190	192	467	528	1065	1104	1272	1656	1750	1807	2279	2638	
158	212	262	571	633	677	702	710	740	766	1345	1365	1537	1610	1642	2108	2141	2147	2206	2232	2409	2827	2849	2870	2875	2905	2913	2937	2970	3199	3213	3258	3307	3494	3612	3622	3973	3988	4060	4099	4137	4211	4248	4494	4503	4537	4545	4613	4698	4755	4777	4838	4840	4889	4906	4932	
83	152	163	214	230	398	438	513	754	1097	1138	1215	1237	1329	1571	1598	1603	2011	2025	2381	2420	2539	2593	2626	2711	2774	2933	3313	3456	3582	3588	3693	3775	3877	3882	3959	4002	4031	4271	4407	4420	4431	4436	4625	4684	4687	4778	
22	308	526	793	819	1153	1170	1203	1242	1255	1338	1377	1488	1550	1675	1979	2001	2013	2032	2161	2222	2383	2389	2575	2579	2612	2657	2826	2852	2915	2944	2978	3255	3296	3435	3500	3513	3714	3751	3767	3827	3849	3916	3935	3938	3970	4097	4115	4134	4180	4206	4218	4288	4315	4477	4517	4557	4567	4624	4628	4632	4633	4692	4693	4704	4766	4790	4807	4879	4921	4929	4953	4962	4972	4989	
15	252	269	329	489	491	511	781	958	1014	1072	1076	1458	1506	1551	1633	1674	1753	1864	1950	1990	2005	2101	2136	2540	2761	2887	3157	3235	3345	3724	3819	4252	4324	4433	4447	4520	4548	4616	4754	4757	
66	96	462	649	658	689	719	744	758	782	826	970	1021	1083	1123	1202	1553	1597	1637	1716	1876	1999	2078	2259	2345	2346	2449	2946	2947	3193	3315	3411	3634	3677	3838	3948	3958	4191	4370	4386	4423	4467	4493	4524	4652	4735	4811	
487	857	899	983	1331	1341	1385	1463	1507	1587	1842	2028	2432	2956	3011	3209	3378	3390	3424	3580	3586	3656	3744	3897	4124	4156	4234	
210	347	716	940	957	1147	1330	1409	1453	1496	1498	1734	1762	1913	2079	2117	2218	2324	2365	2606	2643	2679	2681	2775	2799	3013	3134	3164	3308	3327	3403	3428	3495	3731	3933	3963	3983	4067	4079	4108	4114	4175	4193	4196	4241	4264	4291	4345	4465	4596	4667	4682	4713	4714	4762	4827	4909	4934	4947	
100	453	690	851	979	1258	1278	1792	2304	2308	2501	
39	280	299	331	358	364	416	624	644	667	670	694	798	821	893	925	1091	1173	1262	1383	1449	1691	1713	1756	1768	1854	1949	1957	2199	2267	2430	2625	2794	2892	2900	2957	2981	3001	3024	3128	3174	3188	3202	3247	3330	3407	3432	3497	3502	3537	3649	3788	3804	3899	3900	3936	4008	4011	4045	4127	4185	4302	4421	4512	4531	4565	4575	4592	4611	4669	4680	4710	4711	4814	4904	4920	4938	4970	
466	493	816	864	1081	1082	1086	1469	2241	2270	2759	2885	
515	1164	1282	1548	1596	1826	1870	2015	2145	2630	2678	2786	2804	3281	3367	
206	739	808	838	1013	1118	1356	1510	2027	2203	
296	338	520	650	699	751	1435	1953	1956	2307	
420	942	1141	1229	1250	1500	1536	1617	1754	1786	1911	2624	3241	
132	356	365	428	503	921	1174	1440	2055	2274	
371	811	840	926	1087	1197	1451	1581	1585	1882	1989	2102	2168	2193	2311	2319	2404	2592	2639	2932	3012	3039	3054	3419	3516	3556	3604	4219	4255	
72	120	340	668	946	1256	1436	1714	1917	2231	
11	41	118	229	316	446	510	531	570	641	738	764	830	859	861	1042	1079	1175	1349	1401	1408	1624	1628	1630	1699	1817	1996	2047	2086	2413	2463	2516	2526	2637	2809	2872	2985	3096	3341	3408	3421	3439	3514	3570	3607	3890	3901	3976	4083	4125	4151	4229	4284	4472	4530	4683	4689	4694	4728	4761	4784	4787	4798	4837	4867	4905	4967	4973	4975	
197	362	411	495	564	684	994	1110	1404	1407	1600	1638	1770	1848	1856	1939	2009	2045	2238	2366	2396	2417	2499	2503	2509	2520	2713	2729	2812	2873	2911	2912	2951	3053	3263	3353	3524	3740	3908	3920	4130	4381	4401	4415	4449	4510	4563	4587	4598	4658	4719	4737	4786	4888	4955	
584	600	845	848	996	1481	1504	1652	1746	2076	2099	2120	2185	2683	2690	3014	3026	3298	3332	3470	3487	3845	4204	4233	4243	4293	
61	332	422	423	429	595	599	691	892	988	1067	1339	1420	1489	1660	1663	1688	1723	2342	2344	2795	2801	3009	3423	3776	3868	4247	
20	35	454	473	590	701	713	932	945	1061	1063	1122	1151	1204	1261	1438	1518	1741	1777	1908	1971	2209	2227	2228	2426	2445	2460	2464	2642	2644	2699	2783	2811	2816	2863	2921	3086	3179	3445	3492	3647	3660	3696	3760	3850	3953	3982	4089	4182	4475	4516	4556	4846	4916	4960	4963	4976	4984	4987	
304	372	447	557	608	697	928	998	1150	1410	1802	1886	2053	2261	2444	2567	2674	2720	2914	3047	3276	3282	3778	4043	4194	4217	
598	654	944	1815	1889	1936	1951	1985	2350	2397	2457	2500	
419	586	836	1373	1761	1812	1894	2087	2201	2332	2926	3046	3149	3182	3246	3363	
36	130	142	149	186	227	233	369	404	474	488	506	535	686	752	854	916	939	956	1088	1114	1159	1238	1319	1333	1405	1524	1931	1955	2235	2252	2296	2313	2314	2316	2349	2371	2521	2563	2578	2603	2631	2693	2697	2717	2739	2869	2943	2994	3165	3272	3290	3294	3534	3642	3896	3898	3929	3944	4065	4163	4176	4232	4341	4427	4523	4615	4631	4656	4688	4842	4903	4958	4968	4995	
187	246	577	669	742	1352	1641	2065	2380	2458	2476	2515	2524	2694	2878	3107	3234	3665	
341	551	795	920	937	1003	1839	1891	1906	2263	
16	250	408	483	543	638	703	783	787	969	1156	1201	1220	1245	1263	1448	1472	1664	1739	1782	1873	1875	1887	1930	1965	1968	1978	2007	2062	2162	2175	2181	2205	2855	3018	3068	3170	3201	3215	3299	3335	3522	3587	3685	3795	3879	4103	4155	4368	4610	4647	4829	4859	4878	
32	209	869	1051	1145	1367	1470	1677	1805	2348	2488	
136	381	763	1006	1239	1243	1285	1584	1810	2098	2112	2297	2343	2352	2544	2696	2857	2966	2995	3080	3088	3360	3391	3474	3748	3824	3847	3904	3989	4069	4152	4161	4228	4310	4363	4391	4462	4637	4726	4742	4776	
200	448	485	625	655	755	1216	1360	1721	1771	2152	2236	2369	2566	2568	2692	2919	3286	3375	3420	3458	3633	3715	3889	3962	4095	4143	4154	4170	4266	4385	4396	4397	
52	292	311	323	383	470	574	623	671	759	786	815	922	1102	1252	1287	1439	1473	1508	1586	1784	1809	1828	1838	1868	2059	2107	2144	2289	2322	2359	2394	2423	2475	2502	2582	2585	2632	2743	2771	2787	2867	2927	2968	3040	3095	3385	3493	3499	3519	3610	3629	3652	3671	3713	3867	3952	3956	3961	4019	4071	4201	4424	4458	4533	4583	4589	4646	4796	4803	4812	4830	4835	4852	4872	4886	4942	
119	183	486	507	663	884	976	986	1185	1475	1559	1679	1835	1850	1872	2003	2361	2461	2623	2735	2917	3006	3140	3159	3163	3178	3396	3400	3446	3462	3482	3501	3617	3645	3653	3691	3758	3821	3865	4015	4053	4224	4227	4235	4351	4507	4552	4586	4668	4707	4717	4781	4870	4881	4883	4971	4974	4977	
19	164	167	293	680	953	971	1127	1318	1337	1591	1593	1797	2196	2682	2685	2899	3076	3762	
867	972	1281	1582	1731	1832	1851	2111	2281	2329	2376	2525	2558	2767	2791	2945	3152	3382	
26	57	125	126	191	285	441	461	594	761	831	1616	1773	1958	2309	2355	2654	2689	2834	2942	3060	3089	3137	3161	3205	3373	3567	3608	3644	4018	4126	4169	4253	4272	4280	4287	4406	4521	4579	4654	4696	4730	4795	4813	
77	268	494	549	714	784	987	1177	1257	1314	1422	1703	2030	2077	2173	2177	2225	2250	2455	2629	2706	2918	2996	3005	3120	3144	3459	3543	3573	3624	3699	4159	4162	4214	4258	4278	4290	4319	4405	4471	4478	4538	4614	4673	4756	4820	4847	4855	4880	4901	
872	978	1128	1541	1588	1788	1998	2080	2294	2580	2596	2667	2695	2721	3231	3323	3512	3571	3687	3717	3922	4120	
53	91	137	181	374	413	450	1362	1501	1710	1791	1919	2137	2186	2255	2341	2777	3305	3620	3781	3785	4016	
27	55	261	478	643	727	745	800	835	865	901	968	1200	1283	1294	1357	1368	1526	1534	1881	1935	2070	2095	2224	2280	2363	2452	2595	2607	2838	2938	3008	3074	3112	3196	3361	3436	3481	3598	3630	3632	3855	3993	4029	4068	4074	4087	4092	4105	4107	4139	4190	4230	4279	4347	4354	4413	4419	4438	4453	4511	4519	4546	4561	4570	4585	4590	4603	4681	4785	4792	4839	4841	4848	4853	4913	4941	4959	5000	
199	350	426	568	1084	1461	1719	2088	2382	2531	2569	2651	2772	3347	3351	
73	203	216	322	552	582	639	656	820	888	1116	1301	1455	1530	1562	1578	1709	1722	1783	1884	1922	2090	2248	2326	2401	2414	2577	2635	2652	2755	2769	2822	2889	2997	3097	3136	3143	3148	3511	3538	3809	3866	4035	4078	4084	4136	4325	4372	4527	4591	4649	4663	4815	4819	4825	4861	4866	4894	4928	4949	4996	
87	102	174	272	287	687	772	773	907	959	1046	1160	1219	1221	1223	1299	1378	1392	1567	1658	1693	1819	2036	2039	2138	2273	2282	2290	2583	2598	2610	2619	2716	2731	2903	2973	3090	3141	3145	3183	3245	3460	3560	3639	3730	3765	3808	3833	3965	3996	4003	4448	4457	4464	4536	4657	4670	4716	4720	4723	4788	4821	4862	4876	4910	4948	
43	62	376	392	421	475	749	906	1395	1520	1640	1758	1984	2143	2197	2211	2433	2640	2752	2782	2923	3210	3387	3750	3790	4022	4100	4142	4223	4239	4445	4450	4505	4593	
5	266	403	558	856	898	1098	1230	1505	1601	1685	1725	1824	2210	2242	2421	2747	2762	2839	2883	2959	2983	3003	3331	3606	3759	3830	3831	3861	4056	4101	4147	4148	4212	4429	4476	4488	4495	4606	4659	4712	4733	4743	4763	4817	4844	4854	
249	514	532	533	679	711	712	822	1053	1119	1163	1353	1513	1700	2044	2146	2846	2888	2950	2986	3244	3401	3417	3732	3780	3991	4240	4339	4418	4481	4502	4550	
13	112	154	337	399	439	471	1048	1143	1169	1412	1618	1650	1728	1831	1903	1995	2164	2576	2633	2851	2999	3075	3181	3229	3413	3418	3468	3558	3673	3801	4082	4236	4263	4504	4513	4549	4577	4594	4618	4627	4750	4753	4765	
260	336	463	492	505	636	645	825	905	1007	1074	1218	1347	1495	1497	1599	1689	1816	1862	2037	2202	2207	2370	2517	2533	2573	2832	2874	3124	3333	3461	3475	3525	3547	3611	3623	3654	3701	4041	4295	4298	4303	4335	4515	4553	4582	4612	4675	4734	4748	4873	4885	
10	799	982	1251	1540	1634	1668	2126	2191	2418	2661	2830	2939	3045	3374	3601	
86	123	255	265	353	523	729	917	1095	1265	1271	1391	1402	1486	1698	1833	2040	2214	2448	2541	2561	2574	2599	2821	3092	3198	3200	3392	3707	3846	3974	4158	4167	4623	
69	140	145	241	406	538	726	790	1030	1043	1096	1139	1148	1240	1297	1390	1429	1804	1841	2041	2368	2482	2538	2785	2891	2901	2929	3122	3139	3175	3381	3839	4098	4166	4327	4355	4373	4444	4461	4498	4560	4564	4703	4729	
335	352	546	796	797	950	1775	2049	2109	2128	2471	2617	
18	612	748	955	967	1002	1077	1205	1225	1269	1499	1751	1899	1902	2029	2411	2591	2668	2893	2922	2928	2949	3063	3322	3372	3486	3496	3505	3548	3675	3680	3782	3789	3813	3816	3854	3927	4023	4024	4094	4132	4172	4597	4641	4661	4746	4775	4845	
635	1058	1423	1759	1905	1941	2057	2116	2257	2287	2340	2866	2871	3186	3194	3211	3318	3589	3651	3909	
92	105	202	217	282	294	1078	1208	1317	1321	1975	2085	2154	2271	2519	3261	3528	
171	172	251	432	540	629	660	673	1089	1232	1235	1312	1375	1542	1558	1611	1724	1895	2446	2547	2584	2636	2648	2710	2725	3061	3288	3329	3350	3544	3625	3631	3658	3729	3815	4037	4039	4080	4081	4113	4122	4131	4160	4265	4395	4677	4731	4828	4857	4875	4877	
204	556	876	1142	1246	1487	1605	1757	2291	2318	2882	2964	3070	
84	160	298	328	433	468	572	662	683	750	792	1038	1045	1085	1113	1213	1315	1343	1418	1480	1607	1623	1924	2708	2734	2810	2880	2894	3010	3025	3117	3271	3354	3376	3386	3478	3504	3592	3727	3784	3806	3858	3966	4063	4203	4205	4289	4309	4342	4389	4522	4636	4678	4679	4702	4800	4808	4856	4863	4918	4935	4940	4950	
79	221	264	560	622	634	802	980	1106	1620	1718	1847	2125	2627	2628	2634	2807	2881	3146	3185	3311	3366	3491	3755	3798	3799	3903	3923	3940	3945	4046	4276	4382	4463	4470	4487	4500	4617	4671	4708	
33	117	1005	1295	1556	1986	2362	2549	2673	2792	2802	3031	3073	
23	193	207	402	409	847	1023	1062	1654	1755	1932	1946	2174	2176	2466	2655	2934	3129	3297	3650	3692	3716	3747	4075	4076	
85	101	108	113	224	330	583	651	722	1117	1569	1614	2220	2258	2298	2327	2555	2778	2924	2930	3262	3356	3533	3562	3575	3828	3862	4058	4365	4491	4496	
50	51	273	363	517	547	562	566	741	843	1036	1187	1336	1667	2473	2552	2653	2868	3166	3384	3545	3596	3679	3697	3932	4072	4086	4318	4451	
243	254	688	1033	1273	1286	1430	1443	1492	1729	2056	2114	2245	
97	109	168	208	437	676	1026	1236	1364	1491	1564	1933	1966	2931	2987	3749	3812	3851	3874	
242	288	370	395	509	642	842	880	1166	1452	1696	1717	1940	1969	2416	2677	2686	2691	2853	3015	3132	3277	3291	3325	3521	3594	3708	3772	3884	3934	3937	4145	
49	205	309	580	627	675	809	874	923	929	984	995	1019	1162	1400	1483	1798	1916	1954	1959	1972	2010	2239	2387	2486	2493	2543	2553	2658	2715	2740	2902	2972	3048	3051	3463	3517	3540	3564	3666	3829	3832	3834	3863	3981	4144	4173	4299	4437	4474	4489	4525	4559	4568	4578	4653	4749	4771	4782	4893	
64	157	351	565	724	935	1179	1334	1425	1852	2200	2375	2784	2936	3104	3190	3236	3304	3368	3520	3700	3743	3883	3886	
98	440	443	903	1172	1260	1529	1592	1644	1781	1900	2043	2093	2491	2684	2728	2781	2836	2907	3127	3207	3228	3591	3683	3734	3756	3783	3837	3997	4000	4138	4297	4400	4403	4482	4602	4604	
114	150	522	653	732	810	853	882	934	938	1124	1192	1207	1288	1447	1456	1509	1671	1973	2104	2415	2487	2687	2707	2989	3078	3206	3275	3477	3559	3718	3857	3894	4149	4200	4244	4352	4358	4384	4588	4651	4699	4789	
2	71	166	188	355	382	578	601	605	785	919	1001	1094	1132	1346	1531	1880	1896	2052	2071	2149	2160	2194	2240	2337	2429	2489	2494	2508	2535	2559	2586	2615	2660	2688	2763	2768	2776	2958	2998	3044	3465	3472	3483	3508	3551	3613	3619	3661	3741	3825	3979	3987	4054	4093	4119	4164	4207	4245	4569	4650	4824	4831	4887	4917	4919	4978	
93	139	146	259	267	274	300	348	405	414	647	693	839	913	1020	1024	1039	1093	1129	1130	1289	1311	1444	1471	1980	2133	2229	2305	2357	2439	2480	2622	2745	2825	2858	2864	3004	3343	3397	3410	3498	3515	3577	3614	3646	3702	3761	3771	3820	4013	4117	4174	4238	4250	4282	4307	4380	4473	4497	4529	4532	4540	4542	4547	4555	4685	4923	4926	4930	4931	4999	
290	685	709	1017	1126	1249	1538	1680	1962	2511	2845	2847	3101	
65	143	281	312	606	717	1388	1428	1910	1938	2514	2614	2732	3113	
185	275	315	728	849	852	927	1361	1399	1535	1635	1695	1885	1921	2068	2204	2315	2358	2373	2469	2477	2557	2704	2841	2935	3285	3324	3406	3443	3678	3725	4050	4452	4466	4551	4607	4666	4691	4715	4725	
134	342	1182	1406	1416	1622	1760	1927	2026	2031	2066	2081	2412	2505	2779	2797	2876	2910	2954	3029	3316	3599	3600	3738	3770	3814	3869	4090	4091	4257	4334	4442	4501	4576	
131	218	451	455	553	610	777	1073	1376	1494	1555	1626	1646	1649	1987	2106	2129	2180	2223	2226	2425	2435	2602	2770	2969	2980	3037	3057	3065	3115	3150	3312	3352	3433	3442	3703	3860	3990	4061	4177	4178	4349	4642	4764	4823	
70	169	718	737	791	813	915	1195	1639	1890	1947	2179	2472	2589	2727	2808	3584	3694	
40	211	386	628	962	1035	1442	1769	1801	1976	2115	2454	2490	2550	2709	2803	3002	3310	3569	3672	3723	3793	3864	4184	4186	
279	384	630	1032	1167	1222	1379	1846	1853	1981	2303	2474	3111	3126	3208	3640	3695	3852	
147	388	542	646	1068	1308	1625	1732	1888	2570	
155	175	534	692	1190	1726	1843	1883	2118	2244	2256	2427	2548	2609	2750	3217	
418	611	788	850	943	1780	1920	2119	2301	2393	2546	
307	548	632	778	881	1121	1580	1744	2006	2266	2325	2431	2886	3257	3349	3509	3581	3757	
14	361	379	427	445	1457	1583	1763	1796	1855	1926	2002	2275	2391	2392	2597	2656	2736	3293	3427	3444	4010	
8	151	194	215	393	900	902	1016	1276	1829	
17	277	303	415	1070	1149	1565	1632	1636	2208	
530	1034	1049	1052	1100	1296	1394	1490	1515	1923	2410	2672	2744	2898	3062	3317	3371	3566	3574	3626	3817	3895	3906	
21	248	263	318	480	525	720	1066	1482	1512	1516	1527	1547	1554	1787	1907	2035	2050	2113	2483	2562	2581	2698	2712	2844	3239	3328	3523	3568	3603	3721	3735	3787	3887	4034	4192	4296	4300	4344	4392	4535	4566	4674	4700	4773	
34	189	201	226	484	496	695	721	890	1552	1720	1825	1970	1994	2023	2441	2451	2556	2967	2974	2988	3023	3485	3557	3595	3811	3921	3943	3978	4020	4028	4057	4059	4066	4216	4267	4479	4492	4672	
121	313	456	537	593	774	1254	1300	1309	1342	1557	2265	2299	2608	2726	2819	2848	2993	3087	3121	3125	3222	3334	3618	3763	3964	4150	
46	354	380	896	1069	1131	1191	2063	2122	2219	2260	2312	2406	2428	2528	2530	2590	2605	2723	3069	3176	3260	3676	3823	3836	4118	4187	
7	56	68	104	196	609	648	1993	2008	2064	2217	2321	2496	2702	2963	2977	3058	3212	3370	3422	3425	3506	3526	3555	3576	3736	4195	4322	4328	
80	135	177	301	344	368	472	631	708	770	1041	1335	1479	1544	1915	2130	2264	2300	2347	2442	2492	2510	2522	2920	3066	3067	3131	3138	3169	3195	3284	3593	3648	3706	3712	3766	3951	4048	4070	4121	4128	4249	4286	4323	4362	4371	4374	4375	4378	4469	4639	4690	4752	4769	4822	4899	4900	
9	245	390	460	465	833	866	879	1233	1421	1651	1736	2198	2700	3032	3274	
103	128	179	1025	1411	1522	2140	2178	2306	2333	2618	2780	3162	3221	
258	276	278	539	575	824	844	860	1140	1171	1298	1324	1332	1602	1657	1701	2254	2456	2564	2650	2820	3106	3326	3388	3440	3720	3805	3840	3947	3971	4012	4135	4314	4393	4435	4480	4558	4599	4608	4630	4665	4727	4747	4770	4816	
165	170	283	373	807	1133	1154	1316	1426	1572	
88	95	219	500	541	698	776	947	1044	1161	1189	1280	1370	1446	1579	1707	1747	1827	2182	2395	2437	2572	2733	2756	2818	3016	3094	3250	3398	3449	3510	3605	3637	3794	3891	3914	3999	4001	4062	4077	4123	4199	4292	4369	4490	4741	4783	4799	4806	4874	4891	4892	4902	
333	346	681	931	1146	1476	1897	1942	2150	2317	2323	2746	3099	
81	302	442	657	991	1165	1433	1672	2067	2462	2507	2554	2611	2916	3364	3409	3681	
42	232	237	375	378	457	519	618	837	909	948	1176	1325	1432	1665	1774	1836	2042	2302	2353	2377	2403	2453	2565	2665	3109	3189	3191	3266	3503	3539	3549	3668	3688	3810	3842	3872	3917	3941	3967	4179	4225	4256	4262	4317	4320	4408	4439	4459	4572	4626	4638	4664	4721	4751	4767	4897	4951	4957	4969	4983	4991	
4	74	231	271	476	828	863	908	941	1305	1743	1818	2038	2468	2862	2865	3036	3050	3085	3133	3226	3279	3342	3682	3939	3977	4006	4109	4277	4443	4468	
321	545	585	743	895	1158	1681	2019	2021	2134	2156	2360	2385	2398	3238	3267	3292	3402	3457	3585	3597	3628	3841	3930	3992	
12	180	310	359	459	498	512	518	561	801	963	965	975	1227	1274	1359	1445	1589	1647	1661	1662	1684	1745	1866	2155	2604	2620	2714	2742	2904	2961	3022	3253	3302	3379	3393	3429	3452	3541	3773	3843	3880	3950	3968	4021	4030	4165	4189	4222	4294	4430	4543	4621	4758	4760	4826	4836	4884	4945	4993	
349	391	589	904	1071	1109	1284	1323	1386	1934	2588	2703	
82	99	176	705	1198	1214	1291	1397	1417	1648	1918	2293	2367	3071	3337	3426	
30	148	244	397	435	458	554	591	640	768	912	952	1000	1009	1029	1064	1108	1194	1231	1266	1419	1450	1631	1655	1676	1702	1711	1740	1821	1871	1997	2018	2084	2216	2272	2286	2356	2979	3135	3280	3369	3414	3476	3488	3579	3602	3752	3980	3986	4042	4106	4110	4209	4260	4383	4387	4416	4422	4499	4541	4605	4709	4759	4779	4865	4882	4922	4924	4944	4988	4990	4997	
213	314	317	326	499	966	1047	1050	1107	1374	1528	1697	1790	1834	1867	1929	2247	2374	2388	2399	2647	2722	3028	3197	3219	3287	3348	3454	3466	3531	3655	3875	4040	4102	4281	4346	4359	4544	4644	4662	
75	106	291	305	324	497	581	1369	1398	1434	1606	1748	1799	1964	2061	2075	2354	2372	2478	2765	2877	3118	3216	3338	3405	3434	3471	3888	3907	3998	4026	4038	4047	4326	4398	4404	4483	4655	4695	
60	559	579	592	733	930	1028	1459	1673	1708	1772	1991	2249	2560	2764	3467	
31	115	124	524	661	806	1136	1183	1363	1380	1521	1563	1612	1727	1785	2016	2072	2100	2212	2788	2896	3554	3911	3946	4017	4330	4366	4399	4425	4485	4509	4554	4581	4595	4600	
144	256	396	814	1090	1184	1193	1217	1803	1863	1928	2000	2092	2170	2262	2443	2600	2664	2754	2773	2806	2840	3116	3130	3270	3448	3464	3615	3807	3822	4111	4116	4157	4210	4242	4269	4308	4357	4377	4402	4601	4648	4732	4832	4834	4850	4858	
45	159	914	1022	1682	1960	1961	2033	2051	2330	2465	2749	2854	3300	3437	
59	107	407	569	706	805	818	1464	1539	1568	
47	222	235	289	366	387	696	715	753	873	875	886	910	985	997	1059	1253	1485	1627	1670	1904	1974	2073	2159	2195	2253	2284	2479	2613	2835	2897	3082	3119	3142	3153	3484	3532	3552	3659	3705	3709	3754	3768	3878	3949	4036	4221	4274	4313	4364	4390	4562	4584	4619	4640	4706	4740	4791	4818	4964	4981	4982	4985	4994	
198	767	918	1228	1594	1765	1988	2277	2283	2537	2796	2859	2984	3077	3158	3289	
54	508	779	990	1018	1101	1111	1155	1186	1224	1226	1441	1730	1869	2020	2110	2151	2171	2497	2529	2587	2663	2670	2800	2909	3295	3358	3365	3479	3742	3802	3844	3925	3928	3969	3975	3994	4014	4168	4171	4188	4311	4331	4360	4409	4456	4508	4526	4573	4635	4660	4705	4804	4851	4912	4946	
730	1031	1056	1561	1659	1690	1738	1794	1952	2438	2793	2925	3064	3243	3303	3686	3769	
567	871	1178	1267	1313	1427	1454	1977	1983	2058	2153	2190	2378	3035	
25	320	477	588	973	1112	1629	1666	1944	2518	2790	3155	3171	3177	3412	
161	182	762	855	924	1099	1292	1683	1859	1877	2105	2402	
156	400	573	602	614	620	700	891	894	1004	1015	1277	1290	1307	1320	1354	1355	1415	1466	1560	1590	1752	1766	1937	2022	2139	2215	2230	2234	2278	2450	2485	2495	2676	2837	3030	3251	3259	3269	3455	3583	3621	3636	3704	3726	3873	3905	3915	3985	4197	4208	4226	4261	4338	4410	4454	4528	4574	4772	4794	4797	4864	4915	4925	4936	4961	4992	
48	247	357	394	430	621	731	747	760	803	812	823	868	887	1008	1075	1168	1259	1322	1366	1381	1413	1437	1653	1820	1878	1982	2017	2127	2484	2513	2542	2680	2760	2815	2817	2879	2941	2975	3033	3049	3081	3156	3248	3256	3306	3321	3344	3346	3404	3451	3529	3550	3826	3954	4009	4231	4237	4329	4353	4411	4417	4432	4534	4580	4609	4697	4718	4774	4833	4843	4849	4871	4890	4907	4908	4952	
76	239	367	377	603	771	827	1057	1199	1206	1264	1350	1575	1678	1892	1945	2083	2148	2163	2386	2666	2789	2813	2842	3394	3395	3553	3627	3710	3881	4096	4129	4336	4356	4379	4446	4460	4539	
37	38	240	425	563	615	735	756	883	897	961	981	1115	1152	1180	1326	1358	1576	1645	1686	1687	1704	1706	1712	1737	1779	1840	1849	1893	2004	2024	2169	2336	2447	2545	2645	2730	2766	2831	3084	3110	3184	3214	3489	3796	3797	3800	3848	3870	3931	4052	4146	4251	4361	4414	4426	4434	4484	4518	4622	4676	4686	4724	4744	4780	4793	4810	4860	4869	4896	4911	4939	4979	4980	4986	4998	
284	482	587	652	704	1027	1467	1517	1532	1545	1830	1879	1967	2221	2269	2400	2512	2962	3172	3192	3240	3264	3565	3609	3786	3957	4141	4153	4321	
138	637	794	832	877	1120	1382	1431	1519	1813	1844	2014	2285	2288	2379	2459	2737	2751	2856	2890	2908	3000	3021	3098	3147	3167	3168	3225	3377	3415	3536	3746	3902	3919	3924	3984	4007	4051	4088	4181	4198	4215	4259	4301	4316	4337	4412	4514	4643	4736	4802	
24	94	153	178	236	385	436	469	555	613	757	780	911	1054	1212	1275	1302	1511	1525	1549	1619	1742	2089	2158	2189	2237	2310	2498	2534	2662	2982	3027	3041	3103	3123	3160	3224	3249	3265	3268	3309	3320	3355	3359	3453	3480	3753	3818	3856	3910	3912	3995	4027	4033	4044	4055	4213	4220	4268	4348	4367	4506	4634	4701	4738	4868	4895	4914	4927	4943	4954	4956	4966	
63	286	295	325	516	616	992	1574	2243	2551	2823	2843	
111	122	481	597	964	1241	1705	1963	2094	2124	2671	2948	3180	3283	
596	736	765	977	1393	1523	1795	1860	2123	2184	2675	2824	3072	3301	3357	
228	389	444	544	576	664	834	933	954	1060	1103	1125	1268	1387	1577	1609	1778	1800	1858	1925	1943	2467	2850	2991	3034	3052	3091	3223	3273	3546	3572	3657	3669	3719	3745	3835	3871	3918	4283	4285	4343	4629	4645	4768	4809	
90	401	619	1351	1372	1898	2034	2334	2390	2407	2424	2434	2470	2621	2748	2758	3083	3151	3233	3339	3362	3561	3578	3662	3972	
536	878	993	1157	1764	1808	1814	1874	1948	2069	2172	2481	3055	3059	3242	
3	116	257	306	1011	1055	1092	1468	2132	2292	2641	2741	2757	2814	2884	2940	3019	3108	3667	3698	3737	3892	4005	4273	4275	4305	4306	4394	4441	4486	
44	67	424	431	449	626	672	1037	1135	1209	1462	1566	1613	1615	1715	1767	1776	1793	2060	2268	2408	2594	2601	2649	2805	3007	3093	3102	3114	3187	3204	3340	3518	3530	3590	3859	3885	3893	3926	4025	4085	4112	4183	4202	4254	4312	4620	4801	
127	297	674	769	804	1234	1502	1595	1643	2096	2331	2436	2718	2724	2833	3389	3507	3638	3641	3774	
417	725	960	1279	1914	2167	2384	2419	2506	2992	3038	3227	3252	3278	3490	3616	3663	3670	
1	339	490	504	682	1403	1749	1811	2074	2192	
110	173	195	238	334	452	464	723	789	841	989	1144	1211	1371	1389	1465	1493	1503	1514	1546	1608	1845	2091	2103	2335	2504	2701	2895	3105	3237	3383	3430	3447	3635	3643	3689	3722	3733	3791	4004	4104	4133	4332	4333	4340	4388	4428	4571	4722	4739	4745	4805	4898	4933	4937	4965	
