57	208	979	1004	1330	1715	1977	2111	2161	2470	2589	2786	3178	3357
39	337	356	555	730	840	1060	1390	1525	1542	1647	2226	2638	2735	2827	2912	3325	3543	3656	3673	3755	3870	3876	3921	4034	4133	
61	179	572	1290	1355	1399	1457	1508	1535	2706	2864	3069	3170	3251	3421	3521	3815	3858	3983	4089	
432	469	473	765	867	1232	1439	1670	1964	2002	2133	2151	2590	2960	3024	3390	3512	
580	942	1062	1123	1137	1182	1257	1530	1651	1791	2431	2605	2629	2927	3241	
354	932	1351	1478	1636	1720	1853	2119	2150	2356	2399	2424	2452	2577	2685	2749	2819	3122	3168	3305	3335	3907	4020	4031	4121	4313	
79	107	229	328	441	1040	1047	1206	1337	1601	1611	1718	1774	1850	1889	2077	2079	2512	2553	2876	2996	3180	3366	3622	3860	3993	4197	4484	
22	164	226	992	1031	1185	1719	1872	2156	2565	2603	2604	2808	2904	3242	3346	3529	4042	4050	4182	4556	
662	953	1032	1142	1464	1643	1771	1865	1929	1943	2010	2105	2823	3347	3593	3681	3732	3897	4093	
291	502	908	934	1156	1418	1786	2067	2371	2435	2441	2802	3295	3394	
72	334	368	1333	1347	1408	1429	1539	1547	1897	2195	2203	2240	2244	2570	2598	3022	3101	3282	3315	3540	3645	3666	3670	3745	4207	4351	4455	4498	4572	4575	4628	
149	251	732	890	1007	1045	1769	1925	2674	2692	2741	2812	
23	120	167	342	474	505	592	638	725	801	892	950	1111	1204	1382	1384	1461	1549	2048	2162	2269	2297	2359	2429	2602	2621	2662	2961	3049	3199	3376	3420	3504	3586	3615	3744	3924	4008	4107	4149	4164	4223	4289	4457	4492	4519	4620	4659	4741	4742	4764	4791	4975	4993	4996	4997	
276	373	382	494	558	648	1152	1209	1251	1275	1373	1568	1782	1820	1842	1988	2047	2155	2205	2302	2633	2688	2693	2743	2919	3268	3623	3624	3627	3635	3637	3770	3778	3931	3956	4046	4266	4371	4403	4456	4649	4658	4720	4736	4746	4868	4889	
11	68	121	157	222	503	543	683	744	781	797	853	925	987	996	1072	1134	1149	1166	1176	1272	1349	1407	1411	1441	1456	1493	1656	1705	1706	1752	1776	1779	1856	1898	1947	2152	2208	2252	2405	2466	2564	2675	2681	2696	2815	2879	2959	3026	3033	3073	3085	3330	3465	3547	3668	3717	3756	3885	4202	4239	4465	4662	4698	4705	4770	4776	4789	4792	4826	4872	4911	4912	4962	5000	
38	131	526	709	783	931	969	1001	1050	1107	1114	1267	1284	1444	1471	1654	1734	1768	1833	1926	1953	2009	2467	2515	2556	2691	2740	2763	3023	3042	3594	3995	4122	4157	4325	4415	4481	4564	4602	4685	4738	
24	154	252	568	589	839	855	903	1021	1022	1086	1119	1249	1381	1614	1748	1909	2038	2089	2164	2277	2418	2463	3000	3556	3840	3859	3874	3896	3976	4041	4072	4119	4142	4148	4205	4352	4405	4467	4497	4547	4562	4609	4670	4695	4805	4816	
122	146	256	324	329	497	626	701	1474	1754	1937	2007	2016	2124	2259	2619	2715	3055	3064	3151	3162	3289	3405	3523	3557	3798	4059	
181	183	333	340	400	533	618	1125	1135	1240	1269	1496	1608	1612	1713	1764	1811	1814	1883	1978	2045	2086	2262	2513	2548	2563	2585	2723	2790	3015	3066	3237	3348	3397	3492	3515	3612	3739	3779	3831	3862	3884	4144	4166	4194	4263	4355	4361	4373	4482	4663	4692	4703	4714	4730	4746	4810	4895	4916	
36	87	577	635	817	856	905	1430	2679	2716	2731	
44	161	225	321	393	415	438	551	715	761	768	800	841	877	919	1057	1069	1118	1121	1255	1287	1308	1412	1606	1896	1905	1918	2090	2115	2264	2353	2355	2475	2796	2849	2931	2963	3009	3062	3076	3174	3177	3230	3269	3270	3329	3454	3460	3548	3659	3676	3792	3887	3905	3911	4030	4043	4238	4245	4252	4332	4347	4379	4394	4458	4500	4524	4556	4636	4761	4848	4850	4860	4898	4900	4943	4964	4984	
50	215	694	831	927	1476	1824	1958	2000	2593	2816	3019	
262	302	947	1317	1357	1590	1866	2206	2595	2683	2725	3135	3277	3417	3572	
84	538	967	978	1177	1621	2256	2423	2507	3957	
433	491	544	1090	1694	1854	2001	2122	2223	2522	
447	456	741	1011	1013	1116	1425	1844	2147	2547	2587	3086	3395	
486	685	760	1324	1574	1746	1914	2336	2348	2616	
30	349	418	513	830	872	1225	1293	1484	1627	1633	1886	1981	2117	2397	2751	2766	3319	3440	3486	3601	3940	4048	4214	4322	4343	4472	4502	4748	
316	398	573	858	1862	2093	2219	2263	2362	2395	
15	102	111	132	216	280	421	463	639	640	778	894	920	974	1026	1071	1082	1112	1234	1370	1472	1709	1727	1749	1788	1803	1887	1923	2006	2307	2387	2456	2510	2546	2771	3063	3243	3258	3301	3358	3514	3522	3620	3633	3857	3879	4039	4055	4168	4189	4273	4279	4287	4292	4331	4365	4416	4434	4446	4496	4641	4717	4725	4837	4896	4901	4918	4971	4986	
277	442	570	667	862	1029	1088	1106	1259	1334	1578	1616	1632	1639	1692	1728	1735	1969	2026	2056	2218	2246	2279	2280	2385	2468	2755	2792	2991	3048	3051	3235	3341	3519	3534	3671	3750	3764	4018	4026	4088	4134	4216	4290	4346	4385	4425	4426	4744	4817	4829	4908	4935	4951	4966	
5	224	401	535	1043	1127	1359	1678	1876	2239	2505	2594	2754	2883	3058	3140	3287	3314	3355	3463	3718	3738	3890	4037	4156	4302	
31	305	596	663	698	780	798	951	1095	1164	1296	1524	1591	1859	2251	2530	2656	2945	3455	3663	3736	3786	3901	4024	4125	4329	4449	
317	371	387	395	511	578	619	764	864	1055	1241	1283	1323	1367	1458	1529	1540	1584	1660	1831	2142	2169	2404	2514	2637	2663	2762	2818	2870	2887	3286	3361	3408	3502	3646	3683	3695	3752	3948	3997	4057	4127	4337	4362	4443	4507	4548	4697	4704	4723	4777	4807	4812	4883	4903	4921	4963	4972	4988	
17	21	453	466	717	844	930	991	1158	1913	2136	2214	2694	3006	3052	3077	3099	3310	3476	3716	3853	3919	3967	3994	4140	4249	
246	616	774	852	1110	1903	2053	2084	2844	2914	3065	3094	
186	720	1300	1799	1912	2021	2055	2082	2193	2365	2958	3441	3544	3576	3590	3694	
19	104	173	211	406	460	566	599	666	680	728	806	897	910	1017	1260	1690	1757	1763	1849	1877	2370	2554	2606	2614	2677	2799	2891	2976	2988	3074	3136	3164	3250	3309	3313	3323	3332	3363	3378	3413	3457	3494	3797	3828	3841	3917	3922	3947	4058	4116	4117	4174	4241	4282	4285	4311	4364	4436	4464	4506	4638	4644	4645	4651	4718	4748	4843	4876	4878	4919	4938	4953	4990	4998	
86	168	928	1052	1108	1266	1537	1607	1968	1985	2140	2367	2413	2581	2916	3806	3864	3987	
472	959	1379	1385	1545	1548	1732	1807	2220	2543	
35	159	492	541	549	634	770	851	944	1153	1214	1311	1424	1470	1473	1717	1892	2013	2068	2132	2146	2257	2271	2292	2309	2337	2341	2534	2727	3021	3057	3142	3205	3317	3326	3618	3743	3812	3836	3883	3935	3962	4155	4186	4335	4475	4610	4665	4726	4779	4781	4905	4967	4968	
309	362	583	731	826	983	1190	1239	1684	2188	2358	
52	137	261	307	419	529	567	673	684	691	1048	1605	1615	1730	2057	2373	2460	2495	2520	3108	3359	3446	3485	3562	3595	3658	3700	4005	4045	4062	4208	4212	4229	4261	4286	4419	4552	4554	4596	4706	4751	
78	207	929	1014	1136	1825	1957	1973	1990	2044	2376	2481	2730	2910	3368	3385	3506	3783	3823	3898	3932	4068	4113	4151	4200	4215	4218	4288	4384	4516	4533	4579	4600	
133	182	196	271	320	476	482	591	603	611	632	657	914	921	985	1046	1049	1054	1167	1186	1250	1581	1744	1775	1863	1875	1984	2036	2043	2104	2120	2145	2166	2528	2535	2678	2765	2826	2836	2848	2873	2939	2948	2952	2967	3132	3137	3152	3193	3203	3459	3479	3654	3675	3684	3714	3781	3814	3834	3850	3979	4082	4175	4213	4228	4376	4462	4534	4626	4630	4668	4709	4734	4844	4845	4947	4995	
201	470	605	606	733	815	1005	1041	1093	1169	1215	1281	1294	1465	1674	1759	1784	1798	1817	1933	1992	2193	2227	2254	2272	2304	2432	2544	2557	2584	2881	2933	2971	3005	3091	3176	3226	3232	3342	3450	3469	3471	3517	3647	3698	3747	3819	4075	4184	4195	4408	4489	4491	4545	4708	4822	4847	4992	
90	170	217	289	574	723	1143	1488	1653	1687	2061	2083	2126	2718	2857	3503	3851	3866	3913	
91	223	811	874	1172	1238	1350	1409	1736	1778	1880	2207	2526	2776	3059	3220	3302	3381	
7	9	357	383	396	600	696	1010	1353	1354	1394	1554	1954	2070	2222	2325	2648	2655	2736	2769	2780	2915	3081	3116	3184	3202	3293	3566	3630	3672	3761	3782	3832	3889	3893	3969	3984	4280	4327	4398	4503	4715	4799	4839	
40	63	81	116	228	537	550	576	582	633	636	835	1078	1270	1468	1491	1551	1750	1924	1935	1994	2131	2176	2276	2488	2521	2576	2653	2758	2868	3010	3090	3605	3693	3737	3751	3764	3789	3964	4138	4374	4410	4543	4605	4783	4801	4857	4917	4933	4937	
64	74	218	230	515	1039	1065	1252	1343	1368	1576	1579	1816	1999	2197	2391	2416	2684	3619	3793	3863	4187	
366	428	480	659	746	972	1151	1410	1497	1585	1731	1815	1885	1950	2015	2123	2428	2877	2955	3082	3388	4508	
10	28	117	385	652	707	802	882	924	1171	1236	1346	1440	1451	1480	1573	1628	1818	1839	1860	1963	2020	2049	2088	2099	2141	2174	2236	2287	2298	2438	2440	2478	2482	2486	2649	2773	2898	2901	3014	3016	3032	3070	3149	3223	3228	3273	3380	3470	3480	3537	3584	3585	3691	3818	3871	3910	3941	4011	4056	4098	4169	4177	4244	4296	4336	4356	4357	4490	4528	4601	4612	4625	4700	4825	4834	4863	4940	4969	
510	822	998	1303	1543	1725	2330	2392	2401	2414	2647	3029	3114	3375	3423	
96	145	155	326	346	364	439	530	584	660	762	821	1015	1036	1097	1126	1154	1299	1335	1365	1487	1506	1521	1673	1702	1848	1948	2149	2315	2344	2491	2617	2671	2680	2689	2746	2759	3148	3244	3360	3493	3661	3741	3745	3826	3934	3960	4071	4179	4262	4270	4314	4360	4399	4653	4756	4948	4957	4959	4983	4989	
244	343	376	597	692	747	1076	1085	1130	1201	1312	1511	1517	1586	1625	1640	1789	1806	1978	2017	2024	2074	2210	2228	2444	2477	2483	2764	2935	3011	3121	3264	3374	3387	3389	3444	3484	3511	3539	3735	3909	3982	4084	4146	4209	4236	4309	4321	4508	4538	4617	4640	4679	4711	4735	4766	4778	4823	4832	4855	4890	4922	4958	4965	4977	4981	
162	345	702	771	804	1223	1242	1344	1362	1564	1638	1655	1756	2170	2549	2565	2760	2791	2835	2871	3106	3165	3245	3337	3609	3611	3650	3875	4021	4101	4439	4509	4569	4581	
32	169	341	420	736	745	793	823	885	906	1089	1175	1199	1358	1435	1504	1804	2413	2855	2938	2979	3003	3039	3130	3145	3229	3308	3383	3403	3495	3727	3952	4105	4206	4281	4306	4312	4366	4392	4453	4532	4608	4675	4684	4729	4864	4885	
238	250	455	523	654	711	721	899	1025	1132	1637	1669	1743	1795	1861	2034	2822	3067	3189	3207	3271	3651	3771	3773	3861	3914	4000	4368	4377	4388	4466	4570	
108	189	253	298	306	444	454	457	545	610	706	740	889	968	1216	1546	1556	1599	1810	1829	1834	1864	2281	2583	3222	3406	3452	3489	3582	3706	3796	3810	3854	3949	4094	4115	4350	4380	4525	4560	4597	4646	4841	4873	
240	319	348	378	465	560	617	665	769	820	843	881	1027	1099	1141	1499	1526	1617	1661	1731	1801	1845	1919	2334	2349	2403	2421	2516	2630	2635	2661	2676	2690	3157	3169	3171	3215	3371	3604	3821	3888	3916	4001	4079	4132	4230	4255	4445	4478	4672	4902	4906	
129	518	554	799	866	1558	1672	2014	2332	2408	2496	2744	2798	3141	3303	3802	
113	318	424	588	710	789	794	904	1147	1329	1790	2078	2278	2318	2459	2524	3027	3093	3195	3290	3307	3443	3570	3780	3975	3998	4092	4102	4271	4278	4486	4488	4494	4535	
130	483	540	556	630	655	803	1139	1230	1507	1512	1723	1966	2324	2479	2579	2626	2627	2843	2846	2874	3133	3179	3274	3373	3401	3560	3634	3757	3827	3970	4123	4165	4222	4234	4294	4300	4320	4461	4593	4594	4774	4802	4818	
16	239	269	408	501	1006	1180	1226	1869	1962	2673	2944	
3	34	136	402	777	814	879	888	916	1033	1081	1401	1494	1527	1561	1603	1626	1766	1952	2064	2158	2354	2390	2517	2542	2645	2686	2905	2940	2956	3138	3231	3437	3657	3829	3843	3892	4319	4441	4469	4485	4607	4707	4838	4904	4923	4927	4928	
55	80	241	331	350	452	498	1181	1288	1593	1696	2095	2248	2289	2666	2909	2921	3043	3435	3688	
203	270	287	593	945	986	1227	1248	1375	1562	2382	2457	2485	2494	3115	3324	3722	
151	243	477	615	620	646	1187	1197	1246	1391	1414	1819	1974	2076	2200	2288	2310	2472	2474	2502	2817	2950	2993	3034	3046	3080	3253	3262	3331	3458	3461	3491	3589	3592	3648	3784	3799	3848	4078	4192	4248	4370	4412	4454	4539	4553	4722	4758	4888	4926	4932	
18	134	140	148	833	1064	1356	1442	1884	2098	2923	3068	3123	
235	268	404	450	499	500	524	651	676	753	773	810	938	1208	1237	1306	1327	1428	1485	1489	1553	1676	1695	1701	1741	1808	1838	1956	2299	2313	2445	2518	2545	2669	2672	2720	3020	3200	3212	3218	3451	3496	3629	3724	3742	3766	3839	3845	3988	4049	4051	4091	4204	4264	4577	4592	4632	4737	4750	4798	4867	4941	4985	
14	115	147	308	374	380	409	413	977	984	1098	1604	2153	2201	2291	2346	2465	2631	2903	3030	3265	3431	3551	3880	3971	3974	4017	4053	4143	4424	4536	4576	4687	4693	4694	4696	4757	4769	4788	4808	
37	258	581	1235	1256	1264	1645	1761	2241	2340	2437	2450	3430	
168	323	351	561	629	1012	1231	1325	1550	2032	2285	2625	2742	3012	3071	3238	3285	3379	3552	3555	3573	3581	4077	4275	4305	
127	278	661	922	1262	1515	1587	1663	1781	1967	1995	2008	2096	2100	2785	2800	2922	3041	3240	3291	3343	3748	3813	4161	4299	4381	4414	4480	4493	4527	4558	
71	105	675	970	1070	1168	1224	1622	1699	1894	2202	2255	2331	2498	2729	2738	2756	2772	2774	2987	3518	3655	3788	3930	4070	4108	4190	4258	4338	
504	756	805	832	1019	1220	1449	1671	2469	2571	2941	2980	3190	
197	273	304	514	828	1387	1467	1502	1503	1840	1961	2357	2402	2489	2777	2778	3571	3869	3915	
114	248	397	750	849	1363	1600	1722	1787	1794	1878	2041	2110	2190	2400	2872	3047	3109	3120	3254	3306	3404	3530	3575	3785	4120	4167	4272	4428	4546	4567	4627	
372	438	658	672	735	923	1160	1162	1320	1555	1566	1575	1662	1783	1979	1991	2155	2238	2320	2394	2462	2559	2615	2652	2698	2699	2792	2889	2953	2997	2999	3087	3096	3297	3542	3719	3804	3908	3989	4012	4074	4076	4081	4111	4118	4154	4334	4367	4431	4549	4566	4683	4690	4731	4899	4925	4931	4942	4954	4991	
54	88	195	272	284	299	571	988	1159	1533	1823	1867	2037	2065	2345	2573	2588	2837	2893	2969	3103	3276	3550	3816	
279	462	489	575	982	1059	1163	1450	1565	1572	1737	1802	1812	1826	1915	1917	1944	1998	2019	2139	2551	3175	3415	3426	3559	3567	3568	3882	4227	4251	4303	4483	4661	4677	4688	4689	4955	
112	128	150	259	423	437	475	585	612	847	887	896	962	1023	1117	1528	1649	1986	2192	2266	2305	2333	2347	2379	2926	3225	3248	3292	3311	3391	3474	3524	3712	3938	3951	4096	4152	4203	4326	4420	4557	4622	4702	
81	93	100	174	249	290	525	569	641	734	917	918	937	995	1058	1128	1191	1219	1557	1646	1665	1677	1698	1721	1780	1940	2050	2204	2230	2282	2500	2623	2821	2839	2983	3017	3079	3312	3333	3386	3409	3411	3569	3610	3686	3704	3707	3710	3891	3929	3991	4083	4237	4349	4409	4499	4511	4521	4773	4803	4819	4849	4861	4894	4934	4939	4994	
41	42	49	109	185	237	311	422	468	490	565	643	645	714	752	915	943	1051	1184	1310	1393	1519	1890	1920	1982	1983	2073	2091	2138	2171	2311	2393	2487	2492	2667	2781	2782	2840	2911	2929	3002	3072	3111	3163	3219	3221	3239	3280	3364	3453	3545	3558	3822	3878	3972	4004	4063	4259	4382	4518	4591	4619	4676	4752	4782	4797	4806	4835	4874	4880	4946	
336	471	1063	1372	1383	1609	2232	2360	2591	2884	3150	3419	3433	
99	353	443	792	809	1024	1092	1623	1949	2175	2447	2820	2951	3267	
236	274	379	532	604	807	1079	1144	1309	1405	1563	1598	1916	2245	2415	2575	2705	2807	2811	2875	2882	2907	3018	3083	3210	3398	3467	3726	3980	4274	4315	4442	4588	4631	4634	4681	4745	4754	4762	4793	
213	313	414	508	552	559	782	788	973	1074	1100	1289	1374	1445	1462	1837	1936	1980	2042	2191	2209	2250	2284	2426	2540	2701	2831	3217	3616	3833	3943	4061	4180	4603	
51	77	89	98	296	303	338	410	429	542	860	871	1091	1253	1450	1707	1733	2030	2116	2260	2550	2561	3407	3541	3614	3649	3685	3721	3775	3808	3847	3918	4067	4243	4265	4328	4407	4589	4639	4712	4784	4796	4804	4814	4887	
139	622	1080	1198	1282	1490	1583	1595	1941	2063	2398	2634	3001	3159	3507	3639	3981	3986	
76	234	609	719	850	1034	1422	1469	1703	2243	2339	2586	2620	2892	3044	3320	3418	3533	3603	3895	3926	4022	4069	4260	4387	
325	369	729	825	1133	1426	1427	1693	1880	1930	2316	2499	2888	3206	3263	3296	3774	3856	
192	255	697	958	1438	1532	1777	1888	2054	2455	
459	941	954	1433	1592	1634	2383	2643	2710	2974	2982	3036	3161	3598	3642	3769	
103	156	430	637	913	1369	1386	1589	2108	2897	3097	
59	70	176	377	391	479	493	681	1716	1796	1843	1870	2085	2213	2767	3037	3118	3350	
190	411	449	689	975	1233	1377	1404	1475	1742	1901	2234	2366	2454	2920	3472	3579	3809	4103	4112	4147	4201	
485	614	724	1053	1087	1277	1500	1792	1871	2127	
200	370	536	909	1378	1624	1691	1942	2640	2709	
754	961	963	1170	1211	1419	1509	1569	2121	2753	2968	3400	3528	3597	3607	3617	3729	3830	3867	3963	4016	4191	4257	
118	263	386	389	1203	1477	1618	1686	1813	2092	2112	2144	2212	2597	2717	2737	2832	2869	3040	3061	3156	3246	3412	3483	3501	3674	3730	3937	3958	3996	4038	4044	4047	4130	4397	4417	4479	4514	4515	4520	4652	4691	4765	4840	4875	
83	193	233	367	384	426	467	496	837	842	859	880	1416	1620	1664	2187	2216	2381	2419	2476	2750	2752	2880	2890	3098	3563	3606	3608	3621	3636	3652	3662	3906	3950	4199	4283	4378	4476	4523	
144	242	301	330	339	431	520	886	1510	1827	2167	2805	2981	3089	3183	3233	3660	3687	3754	3886	3912	4141	4158	4225	4284	4404	4460	
205	727	790	1221	1668	1921	1975	2148	2308	2611	2613	3158	3208	3370	3561	3596	3664	3677	3702	3873	3939	4110	4231	4393	4400	4429	4843	
126	172	704	791	878	1096	1437	1446	1455	1959	2137	2375	2659	2732	2885	2917	2989	3112	3209	3249	3428	3448	3464	3525	3538	4100	4240	4363	4505	
4	92	97	295	314	315	390	417	548	613	669	674	690	703	716	758	819	1008	1066	1068	1148	1194	1371	1396	1505	1594	1770	2179	2253	2409	2427	2497	2582	2779	2824	2852	2861	3105	3328	3339	3393	3468	3602	3679	3689	4015	4032	4095	4124	4310	4580	4614	4740	4809	4853	4891	4982	
999	1075	1101	1103	1280	1613	2075	2430	2508	2900	2943	3531	3577	3580	3682	3760	
94	142	171	187	292	487	964	981	1009	1463	2493	2747	2761	3535	
27	53	85	285	352	598	602	965	1030	1077	1301	1307	1388	1874	2097	2135	2196	2215	2270	2525	2592	2856	3028	3084	3104	3201	3497	3699	3709	3731	3868	4010	4247	4411	4459	4526	4529	4541	4542	4647	4686	4743	4755	4772	4877	
43	557	563	1044	1210	1454	2242	2293	2509	2650	
6	101	210	478	656	699	898	939	948	1037	1056	1146	1205	1265	1348	1402	1453	1495	1514	1518	1543	1571	1740	1836	2060	2389	2568	2719	2722	2757	2973	2985	3429	3509	3574	3667	3720	3759	3787	3903	3945	4007	4040	4066	4188	4235	4256	4268	4307	4323	4571	4611	4821	
363	743	870	902	1352	1681	1747	2028	2178	2970	3127	3131	3283	
123	153	399	926	1173	1536	1821	2029	2274	2471	2511	2768	2847	2894	3213	3257	3445	
275	300	360	412	425	451	507	547	766	1003	1038	1183	1376	1492	1650	1758	1793	1830	1851	1879	1971	2072	2094	2134	2199	2306	2328	2372	2380	2443	2596	2707	2726	3007	3013	3060	3181	3279	3298	3425	3442	3447	3498	3516	3697	3900	3927	4013	4173	4383	4437	4452	4477	4501	4559	4586	4795	4815	4858	4879	4909	4936	
29	590	875	957	990	1189	1520	1588	1773	1785	2062	2129	2312	2654	2858	3110	3294	3427	3481	3768	3791	3807	3920	4002	4153	4219	4344	4517	4598	4599	4604	
191	708	933	1102	1313	1361	1432	1481	1631	1745	1931	1960	1976	2229	2436	2473	2618	2628	2713	2990	2994	3334	3953	4090	4097	
65	75	106	184	232	281	388	436	678	869	966	1212	1263	1292	1415	1448	1580	1675	1899	2143	2157	2163	2425	2448	2480	2552	2567	2658	2687	2825	2886	3124	3143	3144	3182	3194	3279	3288	3410	3711	3740	3852	4028	4029	4099	4129	4137	4145	4160	4217	4354	4358	4406	4544	4584	4595	4615	4721	4851	4973	
327	446	827	911	1345	1683	1997	2087	2368	2422	2578	3095	
158	608	748	1150	1710	1902	1970	2118	2793	2804	2845	2986	3336	3365	3416	3565	
56	206	212	221	355	359	416	464	595	671	1328	1341	1403	1459	1482	1531	1658	1708	1765	1822	1828	1881	1934	2058	2185	2249	2275	2326	2714	2721	2733	2828	3008	3088	3128	3141	3197	3318	3353	3399	3436	3462	3513	3805	3844	3933	4163	4185	4210	4211	4295	4297	4318	4422	4463	4474	4512	4573	4582	4613	4623	4660	4728	4862	4881	4920	4944	4955	4956	4960	4976	4978	
60	110	302	322	672	712	713	795	813	952	1192	1286	1318	1319	1498	1538	1657	1689	2236	2294	2352	2442	2665	2728	3166	3216	3252	3327	3865	3925	3973	4073	4173	4267	4330	4396	4421	4565	4727	4800	
135	209	785	838	1124	1161	1380	1420	1516	1946	2159	2184	2189	2224	2261	2303	2364	2506	2841	2906	2934	2942	2946	3211	3224	3344	3638	3701	3777	3800	3928	4126	4159	4341	4389	4471	4587	4724	4763	
2	119	392	517	742	755	1434	1522	1712	2040	2532	2622	2809	2964	3392	4657	
20	365	527	687	1120	1174	1421	1577	1596	1663	1753	1809	2069	2128	2173	3056	3234	3247	3266	3384	3466	3478	3599	3817	3872	3877	3899	3978	3985	4395	4438	4522	4551	4664	4713	
194	198	521	539	587	700	935	1213	1326	1336	1552	1711	1755	1893	2031	2106	2350	2361	2420	2519	2531	2599	2632	2644	2703	2794	2949	3075	3281	3304	3439	3587	3653	3746	3838	3961	4036	4065	4181	4430	4470	4701	4732	4820	4830	4852	4856	
231	293	564	1247	1339	1832	2378	2396	2660	2932	3025	3300	3488	3578	3643	
312	1131	1195	1466	1772	1855	2022	2168	2523	2601	
45	124	204	484	693	737	784	845	848	891	893	901	971	1178	1298	1340	1406	1423	1630	1652	1667	1922	1951	1993	2101	2107	2114	2247	2283	2300	2439	2503	2668	2850	2853	2863	2962	2972	3227	3345	3414	3510	3532	3794	3820	3825	3944	4085	4171	4221	4435	4568	4642	4643	4650	4667	4680	4870	4871	4882	4897	4924	4974	4999	
562	757	772	912	1140	1295	1541	1739	2484	2775	2896	3372	3434	3591	3628	3728	
33	265	286	344	461	516	524	586	749	812	884	1157	1196	1200	1302	1724	1729	1857	2066	2102	2109	2160	2290	2407	2449	2490	2697	2702	2770	2784	3050	3092	3214	3275	3369	3490	3733	3765	3980	4064	4109	4139	4150	4413	4473	4624	4635	4637	4669	4678	4733	4759	4771	4780	4827	4859	
58	69	266	335	1109	1431	2023	2296	2338	2363	2374	2541	2608	2930	3172	3278	3396	
199	361	405	1342	1682	1688	1841	1895	2609	2646	3160	3167	3196	3508	
46	670	763	836	895	1042	1297	1417	1726	1996	2018	3284	3526	3621	4493	
294	297	347	506	601	1104	1244	1322	2410	2607	2704	2783	
82	219	358	440	534	631	677	722	759	818	861	876	1016	1018	1035	1254	1274	1316	1360	1400	1501	1567	1659	1868	1891	1908	1910	1927	1932	1955	1989	2052	2113	2180	2580	2624	2651	2739	2797	2878	3117	3173	3362	3382	3487	3705	3723	3904	4003	4183	4369	4391	4418	4487	4513	4563	4570	4583	4606	4656	4704	4739	4775	4790	4854	4913	4950	
138	227	435	519	546	627	628	705	786	824	872	940	993	1218	1268	1278	1285	1291	1364	1619	1680	1762	2130	2225	2237	2317	2329	2351	2814	2937	2978	2992	3031	3134	3159	3188	3236	3338	3340	3352	3367	3475	3546	3549	3588	3849	4025	4104	4135	4178	4196	4246	4333	4340	4353	4423	4440	4448	4537	4616	4648	4671	4673	4682	4749	4760	4768	4794	4811	4846	4884	4886	4914	4949	4961	4970	4987	
8	47	62	73	178	310	522	624	625	650	900	1582	1610	2035	2177	2211	2286	2327	2572	2612	2788	2810	2975	3004	3153	3155	3204	3482	3625	3708	4242	4348	4372	4386	4402	4510	4550	4710	
141	152	220	254	257	288	332	407	644	955	1094	1165	1276	1321	1397	1479	1486	1523	1648	1714	1800	1906	1965	2005	2033	2039	2080	2182	2194	2217	2267	2319	2322	2335	2529	2558	2562	2574	2657	2700	2834	2899	2947	2957	2977	3100	3147	3154	3255	3377	3432	3703	3772	3835	3846	3954	3957	3966	3990	4087	4128	4316	4504	4531	4585	4618	4657	4666	4716	4719	4767	4813	4892	4910	4930	4980	
188	224	247	267	607	623	688	775	994	1304	1560	1666	2046	2181	2183	2323	2342	2636	2860	3192	3256	3422	3631	3725	4033	4086	4131	4253	4375	
283	448	488	512	594	668	1305	1460	1641	1847	2003	2071	2103	2258	2386	2388	2411	2434	2446	2458	2566	2641	2998	3038	3261	3322	3424	3438	3477	3583	3613	3626	3644	3678	3715	3842	3936	3977	4027	4052	4060	4136	4172	4224	4269	4339	4555	4574	4590	4828	4869	
26	143	163	180	245	344	495	509	553	653	873	936	960	1073	1083	1202	1338	1413	1447	1513	1629	1738	1938	2125	2154	2273	2295	2314	2369	2538	2539	2833	2842	2851	2854	2862	2908	3078	3113	3272	3299	3356	3402	3456	3500	3527	3632	3690	3696	3749	3942	4009	4023	4162	4226	4291	4342	4345	4401	4444	4447	4450	4561	4562	4699	4786	4824	4831	4865	4929	4945	4952	4979	
67	579	686	846	949	980	1436	1443	1911	2377	3045	3146	
202	808	1398	1534	1642	1900	2004	2501	2745	2803	2859	2867	3035	3185	
48	481	1067	1115	1122	1635	1945	2081	2165	2412	2560	2748	2830	2866	2902	
125	394	427	445	621	976	997	1129	1229	1570	1751	1873	2051	2301	2417	2453	2533	2537	2639	2724	2838	2936	3053	3107	3125	3554	3669	3763	3790	3902	3959	3965	3999	4019	4193	4254	4301	4304	4324	4530	4540	4674	4747	4836	4893	
647	857	1061	1222	1279	1392	2233	2464	2555	2664	2670	2954	2995	3102	3129	3186	3680	3758	3803	3837	4106	4176	4250	4308	4359	
282	682	695	1188	1386	1704	2198	2235	2734	2789	2865	2928	3191	3259	3316	
1	531	787	1105	1145	1179	1228	1366	1697	1797	1987	2011	2321	2406	2504	2600	2695	2997	3119	3260	3351	3499	3641	3713	3767	3824	4293	4390	4433	4468	
25	166	175	260	381	776	779	829	834	868	946	1084	1138	1261	1331	1544	1767	1858	1882	1904	2334	2461	2642	2895	2913	2924	2925	2966	3139	3553	3665	3955	3992	4006	4114	4232	4233	4277	4317	4427	4495	4578	4633	4654	4753	4785	4866	4907	
458	664	739	796	1002	1113	1389	1852	1939	2172	2268	2527	2712	2806	2813	3126	3569	3875	4080	4170	
95	214	528	816	854	1020	1207	1217	1559	1760	2025	2130	2221	2536	2787	3354	3520	3811	
649	1243	1245	1685	1907	2012	2059	2343	2569	2610	
12	13	66	165	264	375	434	726	751	767	865	956	989	1000	1028	1155	1258	1271	1314	1395	1452	1597	1644	1716	1928	1972	2186	2682	2708	2795	2829	2918	3054	3349	3505	3536	3600	3753	3762	3795	3801	3881	3968	4035	4198	4276	4298	4432	4451	4621	4629	4655	4787	4833	4842	4915	
160	177	642	718	738	907	1273	1332	1700	1805	2027	2231	2451	2711	2898	2965	2984	3321	3449	3473	3640	3692	3734	3776	3855	3923	3946	4115	4220	
403	679	863	883	1193	1315	1483	1602	1679	1835	1846	2265	2384	2433	2801	3187	3198	3564	3894	4014	4054