50	105	141	271	298	733	904	1268	1641	1657	1944	2353	2916	3073
160	726	747	750	829	933	1024	1068	1330	1427	1530	1668	1694	1797	1800	1991	2170	2581	2618	2918	2922	3492	3795	3918	3929	4299	
309	689	960	1247	1293	1438	1481	1558	1624	1718	1803	1813	1879	2037	2088	2574	2710	3058	3732	3831	
362	574	989	1004	1081	1288	1432	1544	1679	1753	2114	2727	2753	2883	3352	3442	3531	
53	114	325	773	824	892	1358	1376	1601	1937	2076	2192	2286	2604	3012	3143	3395	3488	3542	3877	3901	3917	4039	4069	4149	4197	
266	399	638	1017	1189	1425	1459	1687	1921	2046	2265	2632	2643	2704	2956	2995	3055	3107	3217	3263	3498	3739	3875	4010	4218	4302	
76	104	197	292	441	535	985	1235	1396	1674	1708	2066	2155	2914	3056	3136	3168	3247	3893	3897	3963	3983	4041	4123	4133	4167	4190	4400	
2	125	513	777	792	821	1270	1366	1468	1869	2095	2182	2451	2554	2683	2697	2775	3408	3673	3800	3903	
487	573	642	1250	1297	1516	1566	1640	1835	1981	2211	2321	2797	3224	3267	3374	3660	3793	3887	
112	566	652	1625	1664	2099	2116	2455	2528	2557	2681	3080	3108	3179	
397	612	620	757	788	988	1080	1393	1554	1627	1634	2093	2108	2121	2328	2447	2772	2780	3099	3315	3376	3506	3536	3604	3641	3642	3685	3782	4016	4362	4405	4460	
187	237	480	660	876	894	1216	1717	2314	2498	2778	2848	
216	243	275	288	408	717	793	868	1061	1194	1240	1241	1242	1354	1359	1389	1616	1644	1734	1740	1744	1923	1968	2028	2039	2354	2599	2800	2886	2887	2901	2934	2959	3043	3241	3456	3470	3569	3621	3636	3815	3841	4148	4199	4256	4320	4367	4530	4541	4607	4643	4834	4877	4879	4892	4906	
100	154	355	391	392	648	854	983	999	1151	1175	1646	1995	2394	2482	2637	2821	2964	3030	3186	3252	3299	3375	3513	3538	3735	3766	3966	3999	4082	4168	4206	4253	4282	4366	4425	4545	4635	4640	4660	4699	4700	4703	4719	4744	4823	4830	
40	80	145	170	219	251	324	328	376	538	742	853	1011	1013	1269	1271	1415	1422	1521	1772	1793	1830	1865	1953	2001	2023	2071	2217	2240	2341	2400	2403	2453	2588	2660	2678	2794	2831	2851	2860	2974	2993	3021	3103	3110	3141	3275	3491	3539	3559	3720	3852	3874	3998	4004	4030	4112	4213	4220	4227	4335	4340	4461	4491	4512	4537	4548	4651	4714	4729	4763	4816	4881	4969	4995	
218	234	378	416	494	575	626	825	965	970	1050	1205	1292	1384	1511	1531	1556	1811	1899	1985	2091	2362	2654	2736	2761	2762	2823	2994	3007	3293	3425	3648	3694	3790	3908	3950	4074	4221	4452	4485	4489	
11	155	241	335	377	406	530	595	685	753	790	798	1015	1064	1301	1431	1451	1560	1836	1856	2006	2302	2360	2424	2563	2645	2686	2734	2747	2827	2917	3036	3391	3480	3579	3585	3722	3849	3934	4013	4348	4353	4370	4565	4738	4766	4774	
220	231	440	505	543	774	776	852	975	1067	1156	1482	1553	1631	2038	2582	2786	2854	2939	2977	3016	3614	3748	3994	4065	4154	4312	
23	90	211	469	846	976	1144	1202	1307	1377	1465	1480	1505	1569	1587	1801	1896	2162	2380	2393	2433	2458	2535	2585	2649	2676	2947	3025	3047	3138	3372	3383	3413	3509	3702	3715	3977	4062	4107	4176	4195	4243	4341	4349	4358	4428	4462	4527	4540	4602	4614	4639	4732	4750	4825	4836	4866	4958	4982	
55	1018	1037	1343	1445	1698	1873	2216	2278	2363	2526	
27	43	83	137	169	312	327	452	577	588	759	858	870	909	1003	1107	1166	1195	1196	1258	1370	1390	1458	1496	1761	1862	1913	1949	2115	2207	2271	2277	2389	2397	2420	2423	2679	2687	2788	2909	3005	3018	3038	3054	3064	3072	3253	3364	3743	3848	3890	4021	4056	4060	4093	4132	4139	4145	4215	4224	4298	4392	4440	4446	4550	4657	4705	4822	4851	4854	4898	4929	4933	4939	4942	4962	4989	4999	
6	193	248	277	449	714	761	1300	1581	2369	2769	2857	
206	488	507	578	1098	1509	1568	1814	2036	2282	2320	2746	3087	3139	3191	
224	421	883	886	1113	1114	1263	1918	1959	1976	
290	336	616	621	698	703	769	984	1158	1770	
174	176	686	763	851	958	1045	1745	1967	2007	2623	2913	3084	
113	212	579	833	961	996	1254	1545	1751	2392	
39	74	167	214	254	659	1138	1150	1374	1522	1806	2129	2334	2349	2415	2600	2819	3450	3840	3845	3851	3946	3951	4110	4342	4343	4395	4406	4772	
647	765	1010	1026	1085	1316	1401	1528	1799	2244	
38	56	69	109	637	731	743	923	928	1042	1058	1121	1146	1221	1513	1575	1690	1756	1910	2138	2364	2398	2699	2752	2838	2921	2928	3034	3063	3079	3146	3260	3295	3521	3620	3635	3677	3729	3745	3776	3783	3820	3992	4085	4184	4192	4209	4236	4255	4292	4314	4371	4391	4456	4563	4711	4784	4821	4835	4843	4903	4926	4941	4945	4954	4959	4967	4984	4993	
106	133	265	333	433	587	711	943	1076	1124	1170	1222	1417	1441	1469	1586	1614	1709	1724	1979	2054	2060	2130	2161	2196	2268	2329	2348	2830	2849	2874	2907	2951	3324	3336	3548	3570	3603	3618	3664	3695	3713	3796	3933	3938	4097	4119	4186	4285	4317	4542	4658	4852	4874	4890	
144	242	281	321	711	764	1183	1188	1368	1391	1626	1643	1733	1880	2084	2147	2437	2767	2900	3171	3209	3515	3588	3786	3810	4070	
385	514	879	921	968	1192	1333	1467	1494	1720	1759	1804	2013	2077	2201	2587	2602	3083	3239	3318	3426	3656	3661	3974	4038	4248	4266	
341	372	409	556	568	664	706	1077	1147	1315	1329	1365	1434	1478	1565	1589	1819	1839	2187	2256	2337	2421	2580	2703	2717	2735	2743	2751	2784	2861	2865	3022	3206	3222	3268	3340	3392	3397	3412	3473	3484	3652	3756	3759	3821	3830	3986	4156	4429	4451	4496	4647	4681	4720	4728	4869	4905	4919	4934	
34	65	287	461	593	952	1200	1419	1623	2198	2200	2218	2456	2559	2771	2998	3117	3123	3132	3135	3148	3446	3965	4042	4079	4263	
157	199	223	477	521	610	732	1750	2172	2203	2284	2332	
208	370	677	734	1362	1637	2141	2443	2611	2653	2754	2929	2967	3286	3553	3679	
136	188	190	235	320	326	353	379	401	438	463	508	749	834	902	931	940	1034	1120	1137	1149	1223	1367	1394	1412	1435	1535	1594	1611	1704	1986	2048	2331	2593	2663	2673	2795	2807	2893	2970	3020	3035	3214	3273	3526	3556	3568	3578	3602	3689	3738	3777	3784	3861	4033	4057	4136	4225	4230	4330	4402	4418	4558	4585	4590	4605	4675	4713	4767	4785	4844	4897	4922	4923	4961	
534	586	640	859	1924	2293	2728	3068	3218	3229	3240	3294	3449	3468	3469	3533	3581	3678	
143	184	625	1057	1559	1603	1633	2064	2291	2636	
172	696	857	946	1115	1178	1310	1324	1493	1510	1512	1537	1688	1715	1817	1844	1892	1934	1974	2388	2460	2592	2662	2809	2868	2882	3060	3097	3189	3359	3550	3686	3699	3781	4075	4088	4219	4233	4257	4260	4274	4337	4407	4419	4432	4438	4528	4638	4786	4792	4808	4820	4887	4901	
35	73	269	294	797	1290	1922	2018	2237	2296	2521	
25	126	183	280	304	338	429	596	1244	1312	1341	1721	1863	1912	2053	2160	2189	2288	2391	2538	3045	3266	3357	3410	3423	3502	3668	3669	3716	4163	4200	4387	4414	4543	4552	4619	4659	4669	4676	4686	4764	
75	239	291	565	848	1083	1093	1280	1436	1602	1663	1680	2051	2137	2280	2377	2409	2422	2659	2742	2758	2766	2984	3002	3237	3837	3855	4026	4117	4383	4390	4495	4695	
156	229	369	561	564	584	624	639	684	705	807	934	993	1016	1159	1172	1208	1323	1630	1654	1686	1735	1747	1748	1763	1851	1898	1932	1989	2032	2059	2113	2308	2508	2650	2832	2866	2961	3026	3113	3153	3161	3188	3212	3216	3281	3674	3687	3710	3711	3751	3895	3896	3930	4018	4058	4151	4238	4259	4297	4323	4420	4493	4514	4629	4637	4743	4755	4800	4832	4847	4885	4886	4912	4920	4957	4966	
52	142	200	249	252	510	539	567	599	656	770	783	890	951	1008	1012	1536	1703	1827	1926	2069	2270	2540	2594	2682	2718	2806	2858	2863	3205	3274	3348	3373	3435	3487	3680	3683	3733	3863	3878	3912	3954	4202	4280	4344	4345	4412	4413	4501	4517	4559	4566	4641	4762	4765	4791	4938	4973	
24	398	412	917	1063	1111	1133	1331	1771	2061	2387	2491	2720	2889	3210	3227	3256	3519	3876	
26	118	189	707	855	1306	1853	2298	2726	2776	2911	3062	3258	3420	3451	3737	3773	3873	
48	244	261	402	497	527	690	991	1090	1108	1248	1326	1538	1580	1662	1893	2015	2444	2468	2471	2661	2691	2721	2755	2885	2978	3236	3290	3303	3765	3884	3889	3989	4037	4064	4231	4464	4562	4740	4756	4781	4809	4811	4812	
195	413	893	1052	1092	1237	1410	1421	1477	1491	1504	1600	1966	2080	2148	2242	2347	2531	2647	2669	2725	2856	2936	2950	3093	3255	3337	3354	3608	3772	3798	3941	4048	4081	4086	4134	4174	4212	4444	4575	4594	4599	4653	4682	4689	4768	4787	4814	4867	4888	
42	563	744	865	1353	1605	1882	1983	2339	2396	2833	2896	2904	3126	3571	3601	3650	3730	3842	3856	3957	4068	
215	542	760	1227	1322	1666	1891	1956	2109	2120	2122	2472	2478	2517	2966	3065	3122	3625	3626	3818	3883	3972	
46	95	162	314	340	373	604	672	678	683	701	712	755	758	900	982	1020	1071	1132	1155	1272	1338	1456	1471	1484	1551	1555	1567	1632	1849	1868	1877	2000	2004	2233	2312	2366	2406	2499	2556	2646	2953	3067	3133	3204	3332	3339	3367	3409	3422	3709	3719	3789	3828	3858	3898	3985	4040	4096	4120	4140	4164	4177	4187	4207	4321	4519	4561	4733	4736	4828	4845	4891	4914	4917	4940	4947	4979	4986	
15	386	418	489	845	1033	1387	1741	2251	2367	2760	2931	2958	3362	3380	
29	121	310	439	582	668	704	752	780	809	819	839	911	1055	1206	1211	1320	1426	1472	1576	1618	1908	1969	2049	2126	2145	2239	2309	2315	2530	2740	2890	2915	3085	3193	3244	3287	3306	3370	3444	3594	3658	3690	3736	4031	4211	4264	4325	4468	4568	4569	4664	4815	4841	4849	4858	4924	4928	4930	4963	5000	
28	119	182	221	400	424	633	643	644	695	842	978	992	1060	1199	1313	1430	1503	1526	1527	1677	1776	1887	2152	2199	2301	2310	2449	2612	2627	2666	2702	2894	2969	2972	3120	3163	3269	3297	3301	3426	3433	3479	3634	3744	3886	3888	3910	3944	3982	4204	4279	4361	4520	4531	4560	4620	4632	4715	4735	4805	4896	4935	4964	4977	4996	
78	94	381	545	554	597	632	725	847	1006	1319	1381	1577	1903	2012	2111	2357	2443	2527	2607	2707	2783	3358	3406	3461	3640	3662	3749	3755	3805	3859	3916	4181	4472	
54	63	101	284	405	454	501	778	782	830	1072	1143	1356	1742	1955	1978	2131	2464	2485	2633	2640	2716	2920	2957	3090	3231	3335	3400	3432	3472	3549	3612	3819	3913	3995	4091	4135	4275	4294	4326	4351	4385	4490	4546	4625	4722	4771	
3	149	238	253	293	367	403	404	617	840	867	912	925	980	1464	1490	1613	1642	1905	1907	2150	2532	2541	2564	2792	3070	3137	3718	3741	3980	4025	4478	
158	342	389	430	827	903	1123	1184	1210	1255	1470	1781	1812	2073	2206	2257	2417	2522	2729	2905	2946	2981	3152	3185	3344	3584	3589	3609	3637	3665	3708	4138	4193	4401	4448	4470	4538	4551	4606	4668	4678	4701	4778	4782	
138	383	451	479	569	589	627	791	884	1002	1048	1101	1308	1349	1557	1769	1938	1945	2171	2236	2546	2664	2675	2710	2732	3174	3177	3190	3248	3259	3283	3355	3657	3701	3981	3987	3997	4087	4128	4131	4158	4328	4396	4417	4533	4582	4613	4718	4817	4819	4846	4875	
360	609	789	910	1126	1295	1385	1755	1792	2466	2685	2910	2997	3008	3144	3448	
161	177	724	820	1056	1169	1291	1542	1620	1798	2190	2351	2410	2575	2614	2615	2656	3118	3462	3551	3590	3630	3768	3940	4006	4101	4179	4240	4261	4272	4289	4459	4506	4507	
131	407	762	799	1142	1220	1473	1498	1523	1691	1731	1791	1795	1894	2021	2370	2467	2723	2802	2845	2919	2963	3102	3384	3398	3593	3633	3726	3763	3785	3892	3960	3970	4055	4099	4201	4217	4354	4416	4455	4587	4597	4687	4772	
135	308	1217	1439	1561	1608	1832	2212	2516	2638	2810	3017	
343	490	962	1000	1088	1287	1442	1497	1638	1737	1779	1872	1983	2140	2205	2225	2316	2606	2672	3187	3211	3311	3319	3329	3330	3458	3567	3597	3868	4092	4095	4098	4115	4210	4273	4329	4398	4424	4447	4488	4508	4509	4515	4554	4596	4717	4730	4870	
255	436	748	1304	1325	1901	1939	2176	2191	2652	2684	2714	2880	3208	3331	3377	3457	3561	3653	3705	
283	460	493	600	766	926	1371	1506	1783	2448	2518	2524	2927	2940	3069	3130	3555	
197	300	466	472	476	739	785	1148	1186	1246	1364	1443	1453	1483	1588	1607	1842	1914	1936	2106	2210	2214	2450	2452	2562	2594	2824	3106	3131	3272	3342	3541	3566	3706	3854	3857	4071	4089	4111	4251	4293	4404	4498	4593	4692	4748	4770	4807	4813	4893	4900	
260	415	667	702	806	1066	1102	1400	1452	1962	2273	2438	4845	
60	110	147	159	175	178	417	935	957	1163	1164	1173	1334	1340	1352	1444	1457	1475	1543	1579	1655	1722	1816	1875	1897	1957	2002	2151	2253	2327	2371	2474	2639	2674	2698	2825	2941	3197	3246	3300	3320	3427	3523	3672	3807	3928	3984	4254	4384	4486	4492	4510	4524	4624	4677	4737	4759	4795	4796	4839	4899	4913	4925	
213	396	453	522	523	631	811	835	944	1054	1086	1336	1347	1449	1520	1652	1692	1829	1834	1843	1859	1867	1994	2143	2221	2465	2837	2933	3031	3385	3407	3495	3610	3899	3939	4155	4466	4526	4631	4704	
22	99	346	1346	1399	1963	2186	2345	2408	2414	2435	2816	2839	
339	771	775	881	1145	1676	1707	1725	1993	2247	2514	2744	2867	3013	3270	3321	3428	3804	3835	3844	4009	4105	4165	4237	4245	
165	496	529	581	966	1229	1382	1500	1782	1958	2003	2134	2311	2344	2613	2689	2696	2799	3160	3165	3522	3615	3638	3667	3704	3862	3923	4250	4350	4373	4661	
250	388	1125	1253	1305	1420	2022	2462	2595	2930	3050	3076	3150	3235	3460	3682	3721	3750	3761	3949	3996	4005	4015	4172	4205	4228	4296	4331	4431	
301	800	919	1339	1398	1440	1678	2016	2266	2457	2834	2881	2926	
19	368	414	590	1466	1578	1658	1990	2386	2390	2764	2777	2803	2841	3037	3175	3195	3477	3485	
446	486	495	518	550	623	877	918	972	1243	1518	1906	1977	2159	2544	2545	2561	2903	3042	3127	3176	3390	3517	3623	3663	3865	4094	4137	4180	4247	4283	4505	
194	282	313	653	657	694	745	816	1022	1135	1492	1599	1628	1667	1754	1933	2220	2231	2330	2445	2497	2667	2943	2979	3156	3167	3207	3254	3262	3304	3349	3365	3382	3510	3562	3670	3688	3778	3847	3971	4078	4104	4188	4291	4311	4445	4484	4601	4710	4721	4789	4849	4861	4871	4910	4927	4948	4980	4981	4985	
41	380	524	860	1141	1273	1296	1476	1699	1732	1785	1971	2052	2082	2358	2844	2925	2942	2948	3202	3434	3545	3962	4144	
9	166	428	570	645	713	826	828	908	1279	1283	1311	1363	1590	1665	1762	1848	1890	1928	2197	2326	2440	2470	2634	2774	3096	3464	3647	3731	3829	3836	3964	4073	4142	4147	4226	4567	
32	192	198	307	552	655	661	812	901	1103	1174	1327	1592	1727	1788	1823	1970	2290	2492	2513	2536	2668	2932	2976	3048	3094	3145	3312	3368	3415	3429	3639	3808	3891	3926	4313	4338	4347	4436	4483	4544	4573	4586	
7	59	203	247	285	331	511	560	628	700	796	1028	1104	1139	1361	1383	1534	1570	1604	1645	1656	1675	1713	1746	1757	1790	1861	2175	2181	2250	2254	2269	2429	2879	2923	3010	3184	3261	3393	3437	3455	3501	3573	3728	3792	3931	3936	3976	4002	4011	4045	4208	4239	4318	4382	4408	4411	4574	4693	4734	4824	4878	4889	4932	4956	4994	4998	
1	13	168	246	272	306	345	365	636	708	895	977	1095	1180	1540	1606	1622	1636	1706	1765	1815	1846	1902	1952	2024	2117	2177	2287	2346	2359	2374	2480	2487	2565	2603	2814	2899	3000	3234	3314	3323	3399	3436	3505	3528	3582	3869	3880	3921	3959	4050	4053	4066	4267	4300	4360	4369	4375	4521	4571	4626	4683	4688	4726	4804	4864	4904	4911	4937	4976	4991	
151	227	459	772	1030	1357	1784	2489	2597	2616	2629	2872	3095	
17	458	506	715	794	1109	1450	1574	1822	2063	2368	3134	3155	3198	
79	256	305	546	801	802	969	1112	1262	1378	1546	1651	1915	1996	2083	2350	2494	2520	2630	2694	2884	3196	3296	3347	3424	3445	3466	3534	3591	3611	3764	3797	3902	3979	4072	4189	4410	4435	4454	4634	
270	606	691	963	1100	1119	1285	1818	1820	1948	2136	2245	2264	2275	2402	2493	2591	2651	2980	3023	3282	3288	3361	3482	3518	3627	3769	3832	4000	4049	4191	4355	4570	4580	
4	70	103	444	697	767	787	805	1001	1176	1238	1446	1487	1533	1789	2128	2168	2289	2336	2361	2399	2713	2724	3213	3305	3622	3697	3767	3967	4036	4244	4281	4393	4430	4576	4579	4588	4589	4608	4645	4649	4665	4670	4706	4709	
58	62	740	979	1190	1671	1833	1982	2230	2255	2292	2376	2598	2688	2748	2768	3164	3271	
92	485	649	779	843	1274	1395	1501	1547	1552	1866	2262	2382	2537	2621	2989	3278	3404	3447	3812	3822	3827	3955	4020	4043	
36	93	181	278	432	468	888	1035	1858	2164	2461	2511	2782	3250	3508	3558	3631	4003	
86	202	462	476	723	1653	1810	1904	1911	2224	
77	350	661	936	1134	1689	1711	1831	2017	2297	2840	2999	3077	3170	3232	3675	
316	344	483	641	728	836	899	941	1074	1661	1752	
299	1044	1716	2010	2090	2179	2232	2479	2500	2624	2657	2853	3178	3575	3576	3596	3703	3715	
580	583	737	781	838	905	1029	1069	2065	2101	2267	2274	2488	2620	3284	3328	3338	3535	3654	3742	3909	4100	
81	89	286	613	891	1079	1162	1670	1696	1764	
146	217	500	1131	1232	1392	1920	2097	2119	2243	
186	259	315	720	873	1231	1802	1821	1874	1878	1927	2081	2125	2178	2304	2779	2906	3082	3543	3583	3696	3801	4061	
128	245	263	358	478	528	679	699	746	814	874	889	1224	1234	1245	1532	1660	1673	1739	1758	1876	2035	2154	2512	2534	2577	2692	2733	2741	3215	3223	3243	3443	3520	3557	3867	4450	4503	4555	4609	4650	4666	4684	4708	4799	
98	302	517	571	646	1031	1110	1152	1414	1502	1593	1701	1702	1710	1850	1946	1965	2033	2098	2430	2446	2619	2644	2852	2870	2892	3014	3497	3563	3838	3914	3935	4270	4277	4386	4475	4482	4572	4727	
319	849	1070	1230	1550	1787	1935	2056	2219	2299	2405	2463	2601	2719	2828	2862	3421	3430	3486	3504	3547	3692	3911	4008	4333	4695	4913	
84	148	180	264	927	1185	1236	1335	1344	1448	1871	1947	2009	2343	2383	2412	2501	2789	2820	3100	3629	3632	3937	4052	4322	4336	4486	
233	504	722	1117	1168	1408	1463	1485	1659	1682	2188	2319	2323	2815	3003	3041	3092	3350	3401	3402	3476	3813	3871	3879	4001	4032	4363	4426	4661	
37	51	71	179	499	541	592	815	887	1209	1256	1539	1619	1705	1723	1860	2029	2070	2100	2123	2185	2338	2385	2548	2770	2787	2805	3147	3343	3403	3453	3465	3471	3514	3826	3904	3915	3945	3947	3988	4223	4229	4234	4278	4423	4441	4465	4522	4532	4776	4810	4818	4868	4873	4908	4909	4936	
296	553	738	1078	1345	1386	1889	2490	2519	2525	2655	2791	3059	3159	3389	3459	
127	207	297	329	384	422	634	1284	2169	2434	2486	2677	2842	3125	
97	347	555	619	1203	1298	1409	1507	1629	1647	1726	1828	1837	1870	1916	1943	1992	2008	2030	2477	2579	2648	2765	2790	2847	2971	3121	3298	3353	3474	3698	3740	3907	3952	4024	4178	4334	4352	4359	4427	4453	4581	4690	4725	4790	
124	322	457	464	1140	1233	1508	1639	1697	1972	
16	279	357	394	491	549	810	937	997	1041	1084	1214	1355	1681	1883	2045	2050	2156	2249	2375	2454	2757	2804	2829	2875	2954	3105	3109	3142	3276	3316	3325	3524	3725	3760	3762	3783	3833	3846	3973	4059	4157	4170	4246	4288	4308	4457	4463	4497	4716	4724	4777	4895	
191	318	473	520	533	938	1318	1609	1826	2982	3011	3033	3066	
236	450	467	1051	1407	1693	2146	2227	2356	2572	2608	2960	2965	2996	3089	3116	3387	
31	129	332	419	426	471	562	602	635	730	929	932	950	1136	1212	1213	1416	1525	1635	1650	1860	1954	2107	2124	2135	2283	2506	2609	2658	2750	2873	3115	3431	3598	3599	3607	3712	3802	3816	3817	4110	4185	4305	4364	4380	4477	4504	4518	4523	4539	4647	4680	4691	4760	4779	4802	4803	4860	4915	4943	4955	4974	
96	205	492	663	719	954	1027	1047	1405	1474	1564	1583	2258	2259	2342	2473	2533	2539	2543	2895	3044	3057	3201	3221	3512	3681	3779	3956	4162	4316	4437	
72	116	196	465	718	803	882	964	1191	1514	2204	2234	2260	2635	2912	3029	3251	3419	3467	3499	3537	3643	3757	3991	4268	
132	185	268	442	498	666	1040	1160	1239	1257	1433	1684	1723	1917	1931	2085	2307	2355	2381	2407	2476	2642	2730	2822	2855	3049	3378	3416	3441	3478	3483	3544	3616	3619	3747	3791	3825	3948	3990	4017	4035	4124	4127	4129	4183	4443	4578	4592	4754	4761	4775	4788	4794	4837	4840	4859	4863	4865	4882	4916	
68	134	222	262	831	955	1610	1775	2665	2671	2876	2945	
152	351	967	1007	1372	1397	1548	2174	2194	2529	2706	2793	2898	2973	2987	3101	
364	410	474	557	558	591	598	608	676	692	786	974	1089	1388	1617	1621	1719	1774	1852	1857	1960	2031	2072	2340	2352	2365	2475	2496	2510	2693	2709	2785	2864	2937	3061	3104	3351	3356	3379	3546	3646	3723	3794	3803	3823	3920	3953	3975	4014	4077	4108	4109	4222	4262	4356	4357	4394	4469	4479	4642	4646	4652	4663	4694	4712	4741	4769	4856	4857	4918	4971	4987	
49	209	434	540	735	864	1065	1116	1423	1424	1428	1612	1845	2068	2078	2112	2318	2547	2567	3128	3154	3180	3264	3394	3396	3405	3511	3552	3564	3671	3752	3860	4063	4146	4332	4346	4389	4476	4535	4616	
57	374	585	751	850	862	1128	1197	1252	1786	1950	2062	2075	2086	2165	2502	2555	2756	2850	2968	3004	3088	3327	3334	3452	3645	3655	3787	4175	4203	4214	4232	4265	4500	4525	4549	4654	4662	4685	
920	1039	1309	1321	1447	1455	1585	2048	2222	2272	2626	2759	2891	3081	3220	3386	
85	274	295	356	363	447	525	601	1122	1167	1187	1299	1369	1563	1584	1591	2011	2019	2163	2281	2413	2428	2459	2818	3417	3532	3586	3600	3644	3659	3814	3834	4327	4399	4618	
5	64	130	225	547	658	822	866	907	948	1019	1094	1181	1193	1249	1488	1541	1885	2044	2167	2213	2294	2378	2426	2551	2570	2701	2859	2991	3230	3418	3490	3527	3540	3572	3580	3771	3811	3943	4019	4027	4130	4198	4557	4633	4742	4833	
91	150	311	754	841	869	906	1062	1106	1895	2215	2418	2763	2808	3322	
117	348	435	670	688	1129	1179	1218	1683	2313	
137	258	382	425	431	674	721	808	924	956	990	1043	1153	1177	1226	1264	1267	1275	1303	1380	1406	1429	1524	1572	1597	1714	1730	1778	1973	2020	2025	2042	2058	2142	2300	2306	2731	2846	3051	3086	3157	3158	3181	3233	3285	3388	3481	3809	3870	4106	4113	4216	4290	4471	4577	4674	4745	4749	4806	4826	4831	4872	4931	4988	
390	448	509	594	813	841	1165	1489	1841	1961	2104	2193	2195	2610	3098	3525	
66	82	88	108	164	420	613	729	850	916	922	939	986	994	1049	1265	1282	1402	1418	1479	1495	1515	1615	1919	1987	2139	2183	2252	2384	2425	2427	2439	2542	2589	3162	3245	3411	3882	3885	3905	4153	4166	4169	4249	4304	4310	4374	4439	4449	4499	4612	4752	4757	4801	4862	4952	
423	503	654	998	1207	1403	1595	1743	1766	1807	1925	2014	2590	2826	3039	3226	3228	
44	123	536	710	1075	1105	1198	1840	2102	2144	2469	2690	2737	3053	
12	349	470	1294	1411	1649	1773	2067	2096	2202	2584	3032	3182	3381	4003	
33	427	817	930	959	987	1021	1091	1261	1847	1964	2404	
30	45	47	267	352	375	393	551	605	1082	1087	1096	1127	1130	1182	1225	1314	1379	1598	1909	1984	2043	2322	2442	2509	2739	2745	2749	2812	2843	2888	2935	3149	3249	3292	3341	3554	3587	3605	3606	3806	3817	3906	4034	4044	4080	4083	4084	4182	4252	4286	4403	4480	4481	4604	4622	4773	4780	4829	4838	4850	4921	4946	4949	4950	4975	4997	
10	102	515	532	607	662	675	727	818	856	875	914	947	1161	1342	1736	1794	1808	1825	1838	1854	1988	2026	2089	2118	2223	2226	2261	2484	2504	2550	2553	2576	2641	2715	2811	2878	2908	2988	3111	3151	3238	3242	3360	3414	3463	3500	3651	3684	3693	3758	3843	3867	3932	4007	4029	4047	4194	4258	4271	4307	4487	4494	4502	4556	4564	4595	4621	4656	4731	4758	4880	4883	4944	4965	4970	4972	
232	303	437	618	650	942	1046	1276	1328	1404	1454	1462	1517	1582	1596	1738	1888	2103	2166	2431	2503	2617	2631	2708	2722	3257	3313	3369	3408	3753	3919	4324	4388	4409	4511	4529	4584	4603	
21	67	87	122	204	210	572	576	603	716	756	949	953	981	995	1023	1332	1350	1749	1777	1929	1951	1980	1999	2047	2079	2411	2481	2558	2796	2835	2869	2871	2897	2990	3009	3027	3052	3119	3173	3265	3277	3279	3280	3310	3366	3489	3503	3560	3574	3577	3595	3666	3774	3824	3978	4012	4023	4241	4269	4309	4368	4378	4381	4421	4473	4513	4547	4591	4610	4698	4751	4753	4968	4978	4983	
548	682	861	1281	1286	1302	1348	1437	1855	1941	2041	2057	2184	2335	2441	2523	2813	3371	3493	3535	3717	3724	3881	3993	4028	4161	4365	4442	4690	
8	120	323	371	871	872	1053	1228	1260	1277	1461	1562	1695	1884	2153	2158	2173	2180	2229	2324	2419	2605	2680	2992	3006	3046	3200	3309	3317	3326	3346	3439	3475	3707	3727	3894	4046	4114	4160	4171	4196	4284	4303	4458	4516	4583	4636	4673	4739	4746	4876	
111	201	240	276	475	512	544	614	665	669	687	709	784	885	897	913	1073	1157	1201	1204	1219	1317	1337	1351	1460	1881	1940	1998	2127	2238	2285	2317	2566	3019	3078	3112	3140	3289	3302	3308	3345	3438	3872	3925	3927	3961	4103	4141	4143	4171	4242	4467	4534	4598	4600	4611	4617	4627	4630	4644	4667	4679	4697	4797	4798	4827	4848	4855	4902	4951	4953	4990	4992	
334	354	361	481	559	804	837	1672	1886	1900	2105	2552	
163	317	502	823	1005	1375	1549	2092	2132	2248	2379	2836	3024	3172	
20	153	611	680	786	844	1032	1099	1571	2628	2700	2738	3001	3194	3219	
359	526	622	795	973	1014	1215	1728	1729	1930	2241	2279	2333	2373	2432	2436	2505	2507	2549	2560	2583	2625	2773	2955	3015	3192	3496	3516	3530	3565	3624	3700	3714	3770	4090	4150	4287	4295	4326	4376	4379	4422	4536	4615	4793	
115	147	395	445	531	537	615	832	971	1278	1760	1824	2596	2924	2962	2975	3074	3075	3454	3676	3799	3839	3866	3900	4102	
140	228	230	456	1171	1360	1767	2034	2209	2325	2569	2622	2801	3040	3203	
173	289	366	484	768	1059	1266	1780	2027	2157	2395	2781	2877	2944	3091	3199	3363	3440	3592	3734	3746	3775	3780	3922	3942	4122	4173	4235	4397	4415	
171	226	387	455	516	681	863	1009	1025	1975	1997	2040	2094	2133	2228	2235	2263	2295	2305	2401	2483	2578	2712	3028	3114	3225	3628	3649	3809	3853	3968	4022	4051	4118	4152	4276	4301	4306	4315	4319	4339	4370	4372	4377	4553	4623	4648	4702	
107	671	693	878	915	1036	1413	1685	1700	1864	1942	2276	2372	2952	2983	3166	3333	3613	3788	3864	
330	519	1118	1154	1289	1648	1712	1796	1809	2087	2495	2586	2695	2798	2938	3071	3129	3691	
14	443	736	741	896	945	1259	1519	2055	2303	
18	257	273	337	411	482	673	898	1097	1373	1499	1529	1768	2005	2074	2110	2416	2515	2568	2571	2573	2711	2817	2949	2985	3169	3307	3494	3529	3617	3754	3924	3958	3969	4054	4076	4121	4159	4433	4434	4474	4628	4655	4671	4672	4696	4707	4723	4747	4783	4842	4853	4884	4894	4907	4960	
61	139	629	630	651	880	1038	1251	1378	1486	1573	1669	1805	2149	2208	2246	2670	2705	2902	2986	3124	3183	3291	3507	3850	4067	4116	4125	4126