49	98	393	976	1300	1544	1784	1958	2393	2529	2576	2921	3334
192	460	718	1383	1647	1768	2408	2536	2694	2790	2884	2917	3579	
35	144	209	459	551	583	660	923	1032	1270	1637	1686	1937	1964	2077	2392	2528	2682	2743	2971	2972	3216	3220	3301	3305	3341	3494	3752	3817	3838	3929	4154	4336	4362	4403	4524	4592	4631	4633	
323	347	493	738	799	836	1436	1921	2029	2120	2398	2479	2596	2720	2767	2867	3487	3553	
73	142	236	326	406	659	950	953	1117	1298	1435	1466	1472	1486	1882	1975	1978	2018	2029	2063	2085	2156	2524	2618	2680	2710	2715	2801	2819	2914	2918	2951	3637	3638	3747	3776	3824	3836	3856	3880	3890	3901	4024	4135	4165	4218	4268	4274	4351	4366	4484	4645	4671	4735	4822	4913	4949	4973	
92	398	537	804	1007	1844	1999	2290	3662	3856	
311	370	438	471	604	671	690	1203	1752	1792	1957	2062	2262	2288	2317	2350	2425	2464	2477	2518	2653	2683	2783	2795	2944	3034	3044	3050	3099	3291	3612	3656	3674	3703	3722	3738	3745	3781	3875	3937	3944	4283	4292	4355	4439	4442	4465	4510	4526	4569	4614	4650	4673	4706	4796	4831	4876	4893	4926	4946	
53	106	220	390	528	864	1318	1515	1700	2153	2520	2747	3297	3351	3373	
13	589	816	1113	1595	1751	1782	2004	2170	2354	
12	555	900	1162	1271	1285	1306	2039	2157	2196	4851	
81	363	477	693	756	801	914	995	1054	1099	1159	1428	1457	1545	2029	2174	2374	2432	2561	2569	2686	2698	2734	2754	2761	2825	2888	3004	3073	3156	3192	3616	3626	3627	3714	3751	3790	3858	4020	4037	4046	4061	4130	4175	4178	4184	4243	4263	4297	4373	4398	4408	4483	4497	4503	4560	4608	4610	4642	4739	4778	4811	4816	4821	4828	4841	4891	4896	4917	4930	4931	4936	4945	4955	4961	4970	4983	4989	4996	
83	160	191	235	251	367	505	597	648	673	791	949	999	1041	1114	1144	1177	1310	1397	1506	1569	1646	1703	1759	1777	1840	2162	2331	2361	2417	2723	2746	2802	2823	2922	2956	2958	3014	3106	3191	3282	3460	3585	3598	3648	3692	3741	3760	3789	3795	3832	3913	3959	3980	3990	4087	4093	4095	4118	4229	4352	4433	4470	4530	4603	4660	4758	4895	4902	4911	4918	4960	
2	84	95	228	271	305	508	576	724	747	819	842	881	956	1077	1120	1126	1296	1348	1429	1464	1486	1487	1552	1795	1797	1879	1954	2083	2108	2229	2382	2463	2636	3047	3135	3190	3211	3263	3368	3443	3499	3536	3538	3605	3700	3831	4010	4142	4183	4281	4321	4422	4431	4452	4518	4523	4626	4627	4735	4772	4802	4870	4873	4875	4953	4971	4981	4999	
137	275	315	378	452	478	697	743	785	839	946	979	1043	1214	1251	1345	1351	1425	1607	1649	1896	1928	2061	2165	2249	2410	2567	2645	2652	2700	2812	2953	3325	3336	3353	3410	3485	3501	3545	3697	3754	3788	3953	4068	4083	4089	4168	4208	4356	4387	4448	4500	4538	4641	4738	4764	4825	4866	
149	395	704	934	1080	1807	1865	2269	2418	2451	2557	2584	
15	19	169	198	343	421	733	899	1122	1329	2011	2013	2232	2310	2455	2713	2859	2980	3210	3486	3828	3922	4015	4025	4043	4103	4144	4167	4180	4258	4315	4443	
124	188	780	878	897	913	919	1186	1419	1785	1870	2090	2304	2394	2405	2406	2454	2664	2741	3092	3138	3361	3426	3442	3505	3613	3678	3694	3763	4018	4022	4165	4230	4588	
25	204	216	423	482	538	713	795	1128	1172	1294	1699	1758	1825	1930	2233	2247	2267	2363	2676	2733	2774	2800	3085	3251	3252	3329	3345	3427	3445	3458	3592	3662	3712	3725	3862	3916	3977	4078	4338	4398	4516	4563	4565	4672	4740	4845	
296	327	385	625	805	1107	1602	1885	1988	2345	
243	291	364	412	539	613	674	748	927	940	946	1018	1180	1231	1371	1483	1535	1586	1685	1730	1758	1864	2023	2114	2239	2255	2301	2316	2352	2510	2608	2613	2716	2722	2782	2822	2976	3046	3069	3179	3205	3217	3225	3290	3307	3334	3424	3532	3606	3735	3856	3992	4140	4249	4267	4405	4440	4471	4559	4562	4578	4646	4721	4741	4751	4776	4833	4835	4890	4987	
18	333	464	568	760	806	846	848	1190	1380	1659	1697	1815	1884	1975	2163	2330	2544	2580	2609	2672	2701	2881	2937	2952	2982	3209	3324	3975	4023	4125	4482	4501	4512	4841	
541	936	962	1063	1286	1406	1446	1769	2362	2443	2610	2647	2930	3212	
66	227	422	587	723	740	827	1137	1157	1354	1373	1442	1519	1524	1563	1608	1838	1880	2072	2209	2399	2735	2907	3130	3143	3155	3392	3413	3474	3567	3570	3681	3717	3787	3833	3869	4085	4256	4410	4413	4498	4589	4590	4700	
299	301	466	484	590	692	813	1241	1268	1578	1935	2172	2493	2678	2775	2926	2973	3253	3358	3403	3550	3611	3643	3711	3790	3856	4032	4416	
125	126	168	222	431	440	516	584	808	942	1216	1358	1611	1617	1701	1708	1774	1798	1839	1863	1874	1886	1894	1923	1997	2116	2218	2237	2325	2446	2486	2603	2628	2633	2855	2880	2911	2931	3053	3139	3171	3182	3359	3374	3481	3526	3537	3590	3619	3779	3812	3837	3853	3926	3934	4285	4364	4365	4419	4420	4425	4438	4605	4616	4710	4721	4737	4745	4801	4826	4922	4933	4943	4958	4990	
116	230	873	1008	1290	1621	1846	2133	2660	2821	2841	4032	
330	511	663	877	1441	1799	1901	1965	2373	2511	2697	4827	
245	860	980	1028	1106	1551	1684	1707	2306	4166	4841	
52	140	293	321	383	598	634	1347	1458	1562	1726	1969	1982	2036	2123	2467	2848	3101	3129	3452	3608	3622	3951	4032	4067	4132	4145	
99	109	194	241	404	530	605	777	1303	1548	1675	2164	2178	2564	2568	2666	2806	3084	3264	3304	3535	4062	4121	4445	
76	437	504	1191	1946	2006	2025	2153	2155	2160	2850	3063	3105	3128	3188	3283	3531	
29	57	71	80	138	165	306	358	403	684	752	767	947	958	1076	1229	1247	1313	1321	1327	1477	1495	1514	1536	1633	1772	1806	1854	1956	2067	2212	2372	2380	2473	2581	2626	2770	2885	2908	3266	3337	3397	3507	3508	3566	3636	3681	3774	3790	3882	3894	4079	4133	4162	4194	4360	4406	4525	4584	4607	4677	4747	4793	4865	4894	4904	4910	4925	4927	4940	4965	4979	4991	
100	184	206	349	362	561	682	735	772	1146	1152	1185	1362	1412	1433	1626	1811	1917	1929	2022	2098	2150	2309	2555	3108	3571	3826	3956	4029	4060	4238	4372	
16	41	217	448	472	700	720	866	1035	1087	1115	1130	1215	1496	1537	1549	1590	2095	2154	2315	2458	2740	2966	3157	3259	3404	3516	3579	3589	3698	3759	3878	3925	3930	3936	4126	4188	4319	4388	4438	4492	4521	4555	4579	4597	4638	4733	4763	4787	4804	4808	4852	4860	4929	4935	
124	136	382	407	556	614	703	822	879	921	931	960	985	1058	1138	1207	1264	1400	1498	1709	1763	1866	1922	2182	2339	2344	2367	2583	2589	2617	3041	3136	3146	3172	3193	3195	3287	3294	3300	3309	3367	3492	3515	3527	3558	3568	3659	3706	3854	3941	3963	4066	4330	4370	4412	4438	4496	4515	4571	4647	4665	4705	4713	4717	4721	4807	4928	4954	
88	455	519	562	1042	1212	1302	1308	1377	1488	1534	1614	1755	1877	1881	2263	2560	2597	2606	2654	2691	3441	3449	3500	3530	3601	3652	3820	3821	3867	3947	3967	4071	4287	4505	4632	4648	4681	4687	4707	
545	687	1279	1459	1717	1793	2005	2097	2205	2694	2695	2764	2945	3090	
242	351	461	611	766	844	922	924	1034	1081	1182	1242	1335	1443	1509	1789	1994	2043	2099	2220	2562	2762	2950	2993	3256	3271	3280	3338	3586	3603	3910	4193	4271	4302	4327	4460	4644	4656	4676	
6	185	212	223	287	400	467	480	483	575	886	1027	1341	1390	1540	1581	1644	1898	1987	2142	2183	2213	2477	2487	2745	2839	2875	2954	3033	3054	3076	3080	3154	3183	3236	3237	3366	3423	3434	3555	3593	3690	3809	3816	3995	4045	4100	4165	4211	4222	4265	4282	4300	4432	4457	4473	4556	4583	4689	4726	4728	4759	4817	4820	4901	4948	4977	4998	
89	141	145	386	399	1375	1634	1909	2051	4590	
22	70	240	337	360	389	653	811	891	930	991	1046	1311	1312	1317	1415	1425	1486	1492	1517	1673	1860	1888	1926	1960	2066	2314	2319	2396	2431	2471	2624	2655	2824	2847	2866	2900	2904	2935	2963	3150	3276	3303	3416	3502	3554	3662	3681	3691	3707	3724	3744	3784	3793	3865	4004	4073	4147	4260	4347	4411	4417	4455	4476	4485	4549	4572	4658	4735	4767	4984	4992	
105	486	491	535	547	736	837	1166	1395	1416	1475	1753	1836	1889	1899	1918	1980	2289	2407	2428	2540	2929	3007	3016	3095	3141	3510	3689	3719	3743	3772	3902	3949	3974	3976	4019	4084	4158	4203	4242	4269	4291	4575	4596	4599	4611	4619	4708	4761	4786	4868	4889	4899	4973	
650	768	892	1237	1361	1502	2030	2283	2356	2414	2485	2794	3184	4321	4523	
85	208	229	298	1012	1263	1616	1628	1919	1934	1941	1961	2662	2856	3040	3181	3471	4607	
33	226	233	309	325	686	901	1098	1359	1562	1668	1706	1741	2343	2515	2674	3020	3083	3165	3228	3672	3764	3768	3777	4048	4101	4171	4181	4310	4320	4378	4401	4544	
104	171	178	231	391	449	612	627	833	854	957	992	1000	1002	1021	1118	1333	1360	1372	1405	1424	1437	1447	1627	1746	1748	1891	1976	2258	2348	2376	2456	2621	2659	2766	2793	2902	2968	3086	3132	3232	3353	3372	3407	3579	3721	3757	4119	4152	4182	4197	4286	4398	4414	4475	4551	4680	4779	4788	4840	4846	4850	4851	4869	4962	4974	4976	4978	
21	193	257	481	871	903	946	964	1256	1353	1576	1650	1802	1845	2128	2166	2266	2272	2648	2828	2988	3175	3261	3323	3398	3436	3580	3650	3855	4207	4229	4284	4447	4451	4531	4540	4659	4690	
368	450	529	553	775	1352	1439	1526	1599	1794	2206	2602	2719	3113	3122	3248	3354	3852	3940	
566	717	1219	1259	1911	2265	2401	2462	2690	2696	2807	4534	
62	181	620	678	855	987	1047	1048	1075	1111	1158	1336	1480	1491	1550	1907	2020	2264	2670	3167	3228	3326	3663	3775	
102	279	572	1092	1639	2001	2024	2069	2111	2313	2359	
56	488	814	906	991	1205	1421	1451	1574	1609	1622	1645	1902	2052	2059	2400	2759	2806	3221	3250	3549	3810	3931	3968	4050	4205	4498	4590	
616	916	998	1168	1283	1456	1500	2057	2806	3662	
90	182	695	714	1197	1629	2058	2360	2453	2538	2952	
304	359	427	496	754	895	968	1200	1202	1293	1715	2377	2539	2798	2826	2874	2878	2965	3006	3100	3170	3302	3330	3677	3681	4035	4209	4226	4288	4407	
203	210	272	288	312	329	392	429	567	578	769	856	857	1027	1121	1239	1387	1426	1469	1508	1600	1867	1916	2071	2274	2336	2395	2519	2658	2692	2694	2815	2960	3178	3470	3600	3655	3864	3964	3994	4041	4110	4116	4163	4172	4193	4229	4427	4725	4757	4847	4881	4915	4921	
247	654	798	870	994	1560	1613	1827	1845	1868	1931	2200	2318	2891	2892	
61	225	348	433	518	592	632	646	701	726	731	825	941	970	989	1427	1465	1497	1501	2010	2045	2159	2208	2225	2328	2492	2497	2537	2541	2820	2876	3145	3318	3334	3385	3412	3577	3646	3676	3749	3791	3893	4113	4159	4223	4369	4371	4375	4376	4504	4715	4780	4799	4879	4907	4924	
65	183	244	252	255	277	307	500	651	665	739	840	915	991	1149	1217	1223	1226	1265	1681	1729	1732	1742	1871	1878	2153	2204	2308	2465	2534	2832	2882	3355	3414	3575	3591	3597	3623	3773	4000	4072	4137	4215	4229	4514	4568	4683	4684	4702	
156	201	510	685	764	777	1015	1148	1170	1314	1338	1384	1538	1587	1656	1677	1736	1750	1757	1758	1787	1790	1974	2003	2138	2180	2199	2273	2472	2548	2586	2612	2811	3075	3285	3503	3680	3805	3960	4047	4239	4262	4305	4316	4332	4341	4393	4459	4508	4511	4573	4581	4664	4709	4735	4749	4815	4823	4844	4858	4942	4969	4972	4988	
78	267	473	630	677	783	794	986	1169	1297	1319	1330	1403	1764	1876	2046	2185	2338	2423	2444	2827	2970	2984	3096	3118	3228	3435	3461	3468	3579	3642	3673	3762	3814	3815	3839	3903	3933	3938	4115	4193	4233	4312	4367	4594	4654	4699	4765	4805	4829	4880	4900	4919	4939	
4	68	110	485	506	711	761	821	893	907	1023	1129	1326	1332	1557	1635	1936	2014	2107	2137	2221	2468	2475	2570	2600	2709	2711	2718	2773	2781	2784	2788	2803	2981	3005	3072	3161	3230	3334	3475	3565	3657	3765	3790	3830	3896	3899	3921	3942	4003	4026	4063	4114	4121	4127	4261	4462	4498	4552	4620	4635	4663	4714	4716	4770	4777	4792	4832	4837	4842	4914	4916	4923	4939	4966	4995	
8	379	716	793	1065	1461	1604	1822	1967	1992	2334	2615	2731	2817	2893	2952	3115	3316	3484	3551	3664	3687	3705	3943	3998	
46	177	266	268	339	444	458	470	644	874	943	1073	1206	1281	1450	1826	1903	2346	2389	2420	2579	2661	2721	2755	2799	2912	3028	3052	3186	3295	3335	3346	3438	3480	3513	3572	3635	3871	4055	4081	4165	4192	4200	4304	4391	4418	4441	4445	4494	4595	4688	4711	4790	4797	4819	
77	164	186	254	328	594	629	638	894	909	1045	1056	1192	1425	1452	1499	1620	1718	2245	2254	2323	2688	3093	3199	3228	3624	3803	4111	4166	4228	4340	4398	4468	4491	
744	1135	1189	1255	1615	2021	2219	2294	2525	2566	2975	2996	3067	3082	3159	3255	3298	3340	3380	3447	3596	3846	3877	3969	4107	4149	4199	4220	4221	4231	4290	4306	4509	
42	45	124	261	522	563	727	741	1410	1418	1430	1642	1664	1749	1783	1828	1845	1953	1995	2153	2268	2503	2546	2667	2768	2796	3180	3348	3356	3393	3478	3758	3766	3800	3904	4032	4219	4334	4384	4400	4522	4577	4653	4691	4743	4810	4841	4854	
265	352	946	982	1546	1566	1714	1915	1984	1993	2240	2371	4494	
103	550	581	676	972	1066	1304	1328	1875	1943	2012	2210	2588	3055	3078	3364	3389	3546	3822	
324	417	588	596	826	1009	1102	1220	1240	1393	1473	2053	2076	2383	2448	2504	2523	2760	3522	3769	3806	3927	
3	135	258	681	1027	1309	1486	1530	1691	1778	1841	1942	2127	2145	2757	2809	2835	2860	3152	3215	3376	3462	3498	3524	3604	3609	3716	3730	3825	3870	3918	4122	4245	4248	4461	4554	4567	4643	4670	
91	372	494	548	564	990	1140	1171	1334	1598	1671	2038	2605	3383	4973	
9	23	151	167	276	647	709	771	929	1036	1086	1262	1291	1315	1378	1417	1562	1597	1683	1737	1780	1962	1972	2251	2279	2368	2725	2857	2949	2999	3254	3420	3620	3625	3829	3842	3861	3889	3908	4169	4177	4234	4237	4318	4348	4359	4533	4606	4679	4730	4746	4773	4818	4839	4877	4883	4932	4956	4967	
26	147	284	1267	1520	1624	2429	2434	2702	2738	3068	3111	3228	3320	3327	3621	4721	
93	111	129	205	303	342	343	355	396	585	601	683	792	885	1025	1039	1078	1095	1104	1234	1238	1266	1280	1320	1322	1323	1414	1513	1523	1579	1596	1698	1716	1820	1832	1856	1862	2113	2148	2302	2321	2357	2499	2508	2786	2836	2843	2872	3003	3071	3541	3579	3610	3888	4006	4104	4112	4254	4374	4390	4396	4446	4456	4494	4498	4536	4682	4685	4744	4771	4824	4861	4863	4872	4878	4886	
187	501	712	777	926	1376	1521	1589	2152	2422	2427	2501	2542	2846	3036	4827	
20	128	332	369	376	532	623	1374	1662	1728	2101	2533	2616	2640	2763	2873	2915	3017	3042	3116	3162	3223	3455	3559	3796	3945	3972	4002	4151	4240	4317	4453	4537	4590	
28	302	861	938	1490	1525	1968	2074	2333	2507	2627	2961	3169	3249	3279	3292	
139	146	237	263	270	346	373	515	520	543	607	669	1295	1529	1568	1603	1950	2089	2231	2252	2259	2657	2685	2901	2942	2955	3037	3214	3238	3353	3399	3584	3614	3617	3632	3912	4030	4038	4042	4074	4195	4438	4474	4535	4612	4752	4851	4973	
108	641	852	1004	1010	1019	1079	1090	1179	1484	1847	1855	1892	1893	2073	2207	2513	2547	2905	3103	3142	3417	3654	3835	3983	4075	4099	4280	4438	
96	97	154	199	249	502	582	694	715	774	803	820	835	1059	1101	1470	1575	1674	1679	1996	2029	2106	2139	2146	2175	2235	2340	2341	2450	2500	2527	2545	2919	2934	2952	3022	3045	3061	3065	3094	3123	3151	3247	3495	3798	3887	3892	3919	3946	3965	3997	4120	4139	4276	4444	4507	4753	4836	4841	4855	4980	
214	234	294	503	784	1225	1235	1661	1676	1873	2035	2132	2244	2275	2687	2765	3000	3097	3160	3213	3387	3401	3528	3667	4056	4108	4186	4607	
131	155	338	544	649	702	722	737	918	1006	1230	1460	1542	1553	1623	1658	1722	1754	2246	2384	2388	2460	2595	2772	2969	3197	3286	3421	3525	3557	3736	4036	4189	4198	4299	4335	4430	4434	4436	4542	4574	4582	4703	
196	514	610	642	698	749	818	1163	1422	1775	1779	1819	1831	2689	2865	2933	3110	3314	3479	3709	4166	
55	238	374	445	618	742	853	937	1211	1493	1580	1640	1805	2125	2449	2632	2641	2854	2906	3043	3176	3418	3849	3900	3928	4206	4210	4246	4350	4450	
74	292	336	902	981	1243	1739	2033	2136	2176	2307	2329	2466	2530	2625	2699	2707	2804	2844	2851	2987	2998	3018	3060	3117	3119	3477	3560	3671	3750	4016	4058	4091	4129	4328	4329	4363	4478	4553	4576	4666	
124	176	285	316	375	475	845	859	1029	1195	1440	1773	1944	2094	2222	2281	2863	3173	3243	3353	3375	3411	3431	3726	3841	3866	3874	4143	4190	4339	4424	4449	4527	
60	120	278	489	542	882	1016	1342	1572	1801	1857	2505	3091	3242	3328	3371	3490	3618	3683	3723	3879	3891	3906	3958	4201	4321	4354	4409	4523	
114	313	557	1368	1591	1696	1817	1845	1853	2068	2144	2197	2227	2236	2726	2814	2829	3339	3444	3651	3681	4040	4136	
94	163	283	689	896	1110	1184	1481	1808	2034	2558	
82	101	121	1060	1489	1824	1912	2112	2364	2895	2952	2979	3311	3331	3602	3737	4445	
117	153	159	451	549	633	789	969	1100	1108	1232	1246	1388	1558	1643	1666	2186	2593	3056	3206	3395	3519	3641	3660	3785	3952	4229	4313	4337	
394	447	498	706	1227	1340	1350	1386	1913	2167	2403	2522	2753	3260	3317	3360	3457	3489	3544	3588	3715	3859	3876	4044	4213	4303	4426	4827	
300	340	381	457	574	628	863	868	889	1131	1208	1224	1248	1269	1512	1584	1601	1694	1900	1914	2079	2271	2276	2278	2296	2514	2535	2810	2938	3012	3013	3024	3088	3198	3267	3512	3576	3647	4059	4255	4382	4392	4395	4499	4557	4602	4731	4782	4783	4848	4853	
246	420	849	963	1887	1947	2324	2332	2512	2565	2598	
14	732	880	975	1062	1139	1174	1183	1218	1273	1337	1503	1504	1791	1981	1990	2151	2193	2335	2426	3074	3112	3177	3204	3219	3349	3370	3388	3409	3534	3543	3561	3562	3665	3819	3881	3897	3961	3993	4009	4069	4096	4212	4252	4294	4322	4345	4402	4493	4534	4628	4669	4718	4723	4762	4781	4784	4794	4813	4834	4851	
59	113	282	353	602	658	762	888	977	1257	1743	2041	2287	2413	2663	3109	3131	3504	3686	3981	4494	
32	617	884	1228	1467	1631	1690	2027	2103	2358	
43	152	213	218	357	410	635	725	834	904	935	1105	1141	1196	1204	1382	1399	1404	1494	1570	1720	1734	1955	1977	2188	2326	2665	2748	2837	2910	2941	3066	3147	3164	3273	3406	3415	3529	3563	3693	3733	3807	3857	4013	4077	4080	4156	4383	4397	4598	4640	4652	4657	4727	4742	4768	4791	4859	4898	
123	661	758	777	831	1136	1151	1432	1630	1632	1725	2100	2194	2305	2491	2779	2868	3009	3098	3124	3185	3357	3607	3970	3985	4049	4160	4398	
688	809	823	933	1245	1305	1485	1610	1973	2031	2391	
64	118	439	991	1112	1160	1274	1606	2000	2115	2578	2758	3116	
365	1061	1233	1324	1761	2130	2419	2445	2531	2889	3116	3126	3203	3347	3469	4166	
180	195	443	591	815	1213	1276	2026	2134	2198	
426	1049	1050	1089	1155	1201	1401	1482	1541	1940	2124	2141	2158	2195	2526	2572	2668	2750	2896	2939	3057	3158	3352	3761	4082	4106	4275	
289	468	573	786	797	1011	1522	1733	1842	2234	2553	2886	2948	3235	3405	
595	1236	1307	1379	1848	2285	2311	2375	2554	2679	2736	3133	3189	3277	3540	3710	3734	3740	3840	
38	286	812	872	1005	1420	1425	1682	2629	2644	2708	2871	3087	3433	3509	3523	3595	3634	3872	3917	4017	4109	4247	
290	345	523	668	765	945	973	1258	1282	1284	1287	1582	1786	1858	1975	1985	2253	2604	3120	3268	3278	3394	3583	3845	3915	4102	4380	4607	
48	197	280	317	344	454	476	507	526	600	608	657	1055	1176	1516	1667	1669	2009	2177	2223	2435	2509	2582	2651	2797	2887	2964	3010	3038	3353	3437	3463	3476	3599	3688	3804	3844	3856	3914	4266	4309	4342	4399	4464	4472	4546	4548	4734	4785	4809	4856	4857	4903	4941	4944	4952	4959	
174	802	1014	1210	1325	1511	2184	2187	2587	2744	2780	3079	3116	3168	3265	3315	3425	3631	3827	3962	
67	119	680	782	1261	1292	1672	1745	2019	2147	
27	253	318	402	409	527	640	954	1142	1252	1821	2149	2280	2320	2365	2397	2920	2932	3137	3144	3187	3257	3262	3488	4007	4121	4279	4325	4435	4454	
172	570	579	1071	1084	1143	1181	1278	1339	1434	1638	1905	2169	2619	2925	3227	3269	4001	4032	4034	4445	
36	274	667	817	928	951	961	1052	1657	1770	1971	2217	2494	2550	2638	2838	2877	3035	3104	3299	3377	4092	4134	4176	4827	
54	75	190	211	295	322	442	474	492	524	571	1017	1288	1366	1543	1562	1571	1765	2050	2084	2143	2153	2171	2216	2299	2300	2327	2381	2577	2642	2742	2769	3008	3015	3284	3296	3491	3497	3520	3521	3615	3801	3850	3950	3971	4052	4054	4155	4333	4346	4385	4415	4486	4506	4517	4534	4630	4686	4696	4697	4982	4985	5000	
31	207	262	354	361	428	462	552	558	580	776	830	867	965	1119	1275	1385	1486	1561	1592	1594	1625	1654	1760	1796	1818	1975	2078	2129	2140	2189	2242	2256	2293	2477	2488	2549	2712	2730	2845	2861	2986	3023	3166	3201	3454	3464	3573	3802	3818	3868	3966	3999	4021	4185	4214	4235	4487	4534	4558	4561	4655	4675	4712	4719	4721	4748	4750	4754	4789	4800	4838	4862	4892	
133	232	497	586	838	850	1026	1031	1188	1244	1392	1409	1660	1678	1680	1719	2092	2778	2789	2833	2974	3062	3107	3272	3350	3428	3432	3542	3661	3662	3684	3704	3797	3848	3978	4011	4027	4033	4053	4064	4225	4331	4343	4467	4593	4760	
215	593	636	932	983	1070	1134	1723	1738	1949	2044	2070	2369	2559	2649	2947	3343	3465	3782	3863	
132	343	413	436	675	1064	1133	1272	1316	1547	1747	1925	2080	2291	2447	2684	2703	2776	2852	2897	2928	3081	3114	3384	3386	3391	3548	3984	4244	
5	58	69	86	371	380	414	631	696	858	1030	1085	1132	1150	1209	1562	1564	1670	1804	1812	1910	1938	1939	2047	2048	2203	2355	2366	2415	2457	2599	2607	2749	2751	2785	2818	2864	2977	3049	3058	3200	3245	3288	3396	3518	3639	3649	3679	3696	3753	3755	3790	3799	3935	3986	4196	4264	4301	4534	4580	4586	4636	4667	4678	4704	4769	4774	4814	4849	4888	4897	4912	4934	4937	4938	4939	4947	4964	4994	
239	314	415	536	691	778	1194	1908	2312	2643	2677	2946	2991	3239	3446	3670	3702	3883	3924	3939	4148	4204	4735	
50	124	335	463	512	655	887	925	1067	1713	1872	2082	2121	2351	2591	2592	2840	2849	2959	3102	3207	3224	3334	3629	3682	3778	3794	3886	3988	4146	4191	4295	4386	4490	4528	4550	
112	148	479	517	599	615	707	920	1068	1088	1398	1471	1776	1843	1859	1951	2173	2179	2190	2191	2257	2379	2411	2483	2516	2623	2650	2899	3051	3121	3241	3244	3275	3313	3402	3453	3587	3594	3792	3834	3907	4051	4193	4250	4253	4404	4423	4479	4695	4812	4884	4887	
127	662	1356	1438	1463	1559	1702	1721	1895	1933	2029	2131	2706	2727	2732	2816	2834	2853	2869	2997	3070	3310	3369	3459	3767	4012	4105	4150	4157	4241	4547	4827	
273	418	430	917	1116	1165	1577	1724	1834	1861	1897	1948	2215	2226	2228	2284	2386	2502	2556	3032	3274	3308	3400	3511	3653	3731	3739	3991	3996	4005	4161	4179	4216	4394	4495	4604	4607	4609	4615	4637	4639	4693	4698	4701	4795	
341	425	656	810	828	910	1057	1103	1125	1539	1583	1648	1735	2424	2437	2440	2470	3517	3628	3756	4121	
158	269	435	1074	1299	1474	1731	1762	1803	2402	2622	3140	3240	3281	3362	3430	4494	
554	787	843	1222	1391	1689	1740	1756	1788	1920	2416	2480	3077	
1156	1249	1396	1462	1585	1692	1932	2181	2243	2484	4590	
34	219	708	745	807	862	911	1094	2064	2201	2295	2532	2634	2739	2771	2924	3148	3194	3390	3482	3771	3808	3909	3979	4289	4298	4314	4344	4353	
672	730	757	875	1454	1478	1688	1816	2378	2433	2681	2705	2989	3289	3382	
63	166	408	997	1124	1407	1448	1453	1927	1991	2032	2459	2573	3229	3675	3708	3843	3884	3885	
11	107	143	170	175	432	453	499	569	710	750	777	952	966	978	1027	1083	1097	1164	1173	1518	1651	1665	1705	1767	1849	2017	2270	2563	2631	2646	2728	2791	2898	3196	3270	3408	3496	3547	3578	3630	3645	3685	3813	3873	3920	3954	3973	4065	4174	4232	4277	4308	4429	4564	4591	4668	4803	4864	4885	4920	4951	
157	434	637	890	1331	1344	1959	2087	2481	2552	2614	
7	115	130	248	297	603	796	905	1024	1051	1370	1573	1687	1771	1998	2007	2086	2211	2238	2261	2292	2353	2441	2478	2521	2806	3030	3422	3439	3467	4123	4217	4227	4480	4532	4587	4613	
955	1040	1123	1531	1554	1593	1618	1695	2109	2224	2469	
39	44	384	622	664	746	763	773	1072	1082	1221	1468	1556	1567	1612	1619	1813	1829	2060	2075	2135	2241	2282	2347	2474	2489	2704	2894	2923	2943	2957	3312	3466	3473	3564	3574	3701	3729	3770	3780	3860	3898	3923	4117	4153	4389	4523	4601	4625	4806	4851	4867	4871	4939	
250	350	490	679	824	1301	1346	1408	2054	2118	2202	2412	2430	2498	2879	2983	2985	3174	3306	3319	3379	3472	3932	4170	
40	173	200	260	281	334	343	356	387	419	487	521	705	770	779	829	851	912	1175	1250	1364	1663	1744	1830	1833	1924	2322	2387	2777	2806	2831	2862	2992	3011	3713	3718	3727	3911	4057	4131	4141	4166	4321	4324	4326	4349	4379	4498	4519	4618	4649	4661	4775	4830	4874	4882	4908	4909	4957	4963	
10	179	388	411	534	559	699	847	876	908	1069	1343	1394	1425	1445	1479	1510	1652	1693	1758	1800	1809	1883	1979	1983	2028	2102	2105	2192	2303	2337	2461	2490	2517	2909	3019	3021	3163	3322	3344	3365	3451	3533	3539	3581	3644	3732	3847	3955	3987	4088	4128	4421	4477	4539	4541	4622	4623	4720	4722	4729	4732	4755	4798	4905	4950	4975	4986	4997	
51	540	645	734	959	1020	1153	1289	1413	1532	1758	1810	1852	1904	2049	2055	2110	2248	2495	2916	2936	3233	3342	3448	3552	3666	3823	4031	4039	4164	4187	4273	4311	4368	4377	4466	4520	4570	4600	4617	4634	4692	4973	
308	465	883	946	988	1091	1389	1869	2168	2390	2792	2978	3002	3039	
79	621	751	755	1044	1167	1906	2126	2250	2370	2585	2714	2883	3026	3218	
122	221	331	619	841	948	984	1053	1187	1476	1533	1565	1641	1945	2065	2161	2349	2601	2611	2630	2694	2870	2927	2940	3089	3226	3669	3851	4014	4278	4381	4428	4488	4489	4529	4545	4566	4624	4662	4694	
30	609	753	1260	1449	1952	2104	2436	2506	2574	2620	2808	2962	
202	259	832	1033	1127	1193	1367	1727	1781	1823	2452	2669	2673	2967	2995	3048	3378	3582	3895	3957	4098	4224	4321	4523	
1	189	366	401	469	531	643	666	670	729	790	898	944	971	1001	1027	1147	1365	1369	1507	1837	1970	1975	2037	2091	2342	2477	2639	2694	3208	3222	3246	3720	3728	3948	3982	4028	4121	4270	4361	4585	4724	
37	256	377	441	1145	1161	1455	1528	2008	2088	2805	2858	3031	3059	
343	405	728	1253	1505	1605	1963	2002	2122	2277	2496	2671	2717	2842	3116	3134	3153	3321	3419	3456	3514	3633	3640	3668	3742	4086	4272	4296	4357	4463	4502	
320	781	865	869	1013	1038	1096	1423	1555	1653	1766	1845	1989	2016	2438	2543	2724	2752	2756	2813	3001	3125	3149	3234	3258	3332	3658	3695	3786	3811	4008	4070	4076	4124	4202	4251	4259	4437	4469	4674	4736	4756	4766	4939	
24	47	150	162	224	416	446	456	533	546	721	991	996	1109	1154	1178	1198	1199	1277	1411	1655	1711	1850	2015	2040	2096	2214	2297	2298	2404	2421	2635	2675	2693	2737	2913	3027	3127	3293	3333	3363	3483	3493	3506	3569	3699	3783	3905	3989	4090	4165	4173	4236	4257	4293	4307	4358	4458	4513	4543	4629	4843	4906	4968	4993	
72	264	310	513	967	1037	1431	1814	2117	2571	2637	2656	3064	3231	
161	424	509	560	565	577	606	652	974	1022	1254	1357	1363	1402	1444	1704	1986	2119	2230	2439	2476	2890	3429	3440	3450	3556	3746	3748	4094	4097	4138	4193	4323	4445	4481	4621	4651	
87	525	1355	1527	1636	1710	1712	1851	1966	2551	2903	2994	3029	
134	397	639	788	800	1003	1381	1588	2056	2093	2477	2575	2729	
319	495	624	759	939	993	1093	1349	1890	2081	2409	2482	2594	2787	2830	
17	626	719	1835	2042	2260	2286	2385	2442	2590	2990	3025	3202	3381