248	321	495	1018	1472	1567	1880	1979	2058	2442	2538	2929	3003	3576
199	977	1391	1429	1922	2198	2293	2597	2644	2842	2896	2903	2952	3070	3164	3519	3721	3851	3887	3922	4135	4165	4220	4239	4408	4493	
191	294	507	602	747	904	916	918	973	980	1308	2066	2137	2300	2518	2834	3143	3144	3552	4649	
81	164	186	795	2159	2337	2577	2735	2845	3592	4009	4131	4179	4185	4469	4662	4974	
227	781	829	1024	1029	1092	1243	1356	1820	2184	2185	2397	2420	2927	3084	3126	3249	3451	3527	3610	
443	656	713	757	788	847	1517	1842	1846	1952	2008	2189	2264	2591	2923	2991	3207	3627	3752	4118	4170	4301	4628	4874	4934	
36	148	211	345	421	475	664	682	1097	1173	1389	1717	1947	1968	2024	2333	2884	2904	2918	3394	3461	3648	3776	3940	4028	4561	4930	4944	
27	90	940	1119	1867	2019	2218	2254	2596	2676	3007	3028	3219	3281	3315	3777	3883	3918	3969	4542	4972	
286	461	502	684	1415	2125	2175	2282	2311	2598	2867	2934	2967	3038	3360	3500	3665	4460	
111	394	508	548	558	714	846	1170	2081	2118	2341	2712	2797	4830	
114	258	446	455	646	671	724	790	1057	1215	1259	1447	1591	1612	1683	1798	1809	2485	2696	2972	3524	3570	3787	4082	4088	4128	4528	4531	4613	4960	
31	573	627	796	1168	1435	1448	1477	2502	3243	4078	4161	
43	127	147	304	384	432	595	655	738	858	927	1085	1106	1143	1393	1454	1474	1641	2152	2208	2243	2278	2279	2289	2344	2458	2556	2588	2593	2883	2964	2978	3025	3396	3445	3453	3546	3580	3629	3636	3645	3715	3877	3948	4495	4567	4575	4630	4691	4703	4711	4792	4817	4852	
4	92	296	401	468	547	807	992	1032	1129	1236	1465	1508	1746	1805	2003	2072	2209	2331	2448	2467	2572	2580	2831	2979	3045	3180	3278	3666	3791	4054	4143	4237	4283	4490	4501	4512	4638	4642	4673	4741	4819	4847	4992	
63	77	271	374	382	427	583	610	649	740	937	955	1006	1021	1167	1178	1217	1237	1386	1441	1699	1749	1757	1758	1790	1804	1847	1872	1923	1929	2200	2249	2328	2383	2441	2601	2717	2963	3063	3173	3215	3447	3463	3491	3561	3609	3707	3737	3755	3778	3783	3826	3902	3944	4101	4133	4243	4330	4332	4384	4431	4453	4573	4756	4770	4873	4879	4906	4914	4964	4995	
54	140	202	330	356	540	563	835	842	871	1061	1165	1363	1671	1680	1895	2164	2394	2494	2791	2827	2870	2876	3145	3198	3744	3822	4071	4175	4193	4288	4382	4413	4541	4544	4568	4681	
41	504	625	688	786	1225	1229	1396	1473	1574	1785	1959	2023	2048	2050	2068	2234	2355	2395	2398	2478	2507	2517	2719	2732	2762	2966	3001	3069	3183	3191	3297	3478	3789	3837	3871	4000	4207	4377	4601	4619	4809	4810	4812	
102	793	912	919	1140	1227	1318	1926	2186	2204	2252	2367	2796	3085	3266	3496	3644	3875	3898	3911	3990	4083	4238	4340	4353	4779	
93	139	249	489	527	552	675	702	851	1088	1198	1261	1267	1431	1774	1944	2059	2114	2161	2235	2272	2285	2379	2694	2886	2944	3121	3239	3268	3303	3318	3322	3351	3460	3547	3828	3924	3932	3987	4041	4130	4144	4255	4342	4354	4371	4459	4679	4721	4736	4862	4900	4916	4931	4940	4977	
253	332	633	1054	1446	1509	2423	2439	2766	2953	4132	
2	62	203	355	433	454	456	586	818	891	988	1002	1118	1316	1402	1427	1433	1536	1614	1715	1762	1797	1863	1901	2129	2210	2292	2315	2319	2338	2357	2543	2813	2948	3165	3193	3274	3296	3469	3486	3722	3781	3794	3824	3901	3954	3972	4046	4051	4056	4070	4105	4136	4139	4148	4186	4215	4228	4271	4281	4308	4560	4632	4633	4640	4733	4751	4795	4856	4864	4933	4998	
328	441	732	1222	1292	1368	2400	2881	2906	4230	
152	357	1241	1521	1636	1914	2226	2552	3373	4328	4657	4868	
178	1025	1046	1437	1668	1898	1961	2132	3206	
33	168	193	487	979	1595	1658	
647	873	1810	1886	2033	2557	2576	2771	2949	2973	2990	4850	
223	278	644	1303	2263	2269	2421	3246	
1	162	185	481	741	965	1090	1737	1760	2060	2230	2419	2863	2985	3039	3242	3331	3398	3534	3740	3758	3786	4199	4364	4839	4982	
3	1258	1467	1537	2371	2434	2581	2636	
71	123	190	251	336	493	553	706	719	774	909	1081	1146	1188	1270	1338	1688	1690	1721	1729	1786	1866	1883	1906	2103	2181	2427	2459	2487	2540	2570	2584	2832	3102	3155	3174	3179	3470	3565	3602	3605	3637	3821	3843	3891	3984	4049	4100	4182	4250	4266	4331	4802	4813	4929	4935	4965	
301	406	755	759	855	999	1114	1277	1501	1858	2001	2016	2052	2056	2131	2325	2345	2706	2739	2860	3111	3190	3252	3334	3441	3508	3589	3683	3701	3797	3803	3909	3970	3980	4013	4275	4309	4525	4557	4660	4891	4905	4913	
25	131	259	324	917	982	1357	1479	1930	2568	2579	2926	3056	3376	3492	3572	4097	4213	4256	4485	4943	
197	473	529	958	1034	1128	1207	1510	1584	2108	2276	2438	2527	2553	2571	2793	3012	3732	3750	4087	4145	
59	66	221	265	642	1087	1384	1610	1632	1672	1705	1743	2004	2070	2113	2177	2199	2273	2274	2416	2452	2474	2578	2691	2855	3079	3115	3346	3497	3522	3532	3536	3608	3900	3905	3952	3973	4160	4314	4348	4389	4451	4486	4592	4621	4701	4757	4848	4927	
240	496	735	849	913	1041	1089	1109	2111	2138	2314	2316	2321	2758	3011	3185	3541	3881	3923	4019	4176	4402	
20	598	1419	1555	1782	1905	2067	2386	2800	2895	
136	319	577	1295	2549	2708	3141	3226	3310	3425	4659	
166	237	601	756	853	941	1019	1062	1073	1192	1233	1323	1524	1561	1590	1615	1666	1803	2041	2075	2095	2107	2187	2322	2592	2724	2774	2776	2815	2866	3022	3128	3305	3314	3618	3640	3672	3694	3728	3800	3839	3895	3988	3994	4146	4362	4409	4515	4519	4610	4631	4664	4708	4726	4732	4737	4807	4858	4859	4903	4912	4922	4971	
153	426	561	828	939	1099	1512	1563	1807	1912	1913	2981	3267	3294	3661	3699	4523	
617	773	868	1067	1205	1348	1830	1831	2295	2958	
107	143	341	408	522	883	905	926	957	1283	1302	1327	1351	1727	1821	1837	1919	2044	2116	2257	2346	2753	3023	3081	3088	3161	3209	3312	3420	3805	3939	3960	4096	4191	4311	4349	4404	4438	4457	4461	4584	4652	4841	4842	4854	4951	
360	377	511	882	963	1284	1375	1661	1998	
79	351	442	742	765	1105	1156	1515	1655	2097	2150	2356	2432	2611	2624	2641	2897	3264	3456	3506	3558	3695	3764	4098	4149	4178	4219	4481	4602	4641	4731	
104	272	707	720	1213	1787	1887	2139	2170	2370	2894	3187	3306	3391	3439	3601	3819	3876	3981	4012	4261	4291	4293	4412	4565	
13	105	477	492	667	1007	1031	1079	1095	1242	1421	1480	1541	1580	1691	1741	1745	1772	1815	1826	1957	1970	2029	2078	2587	2606	2627	2662	2721	2764	2812	2817	3033	3071	3159	3160	3335	3390	3509	3613	3646	3967	3992	4015	4195	4202	4249	4320	4322	4347	4479	4748	4845	4869	4887	4889	
142	173	353	409	599	661	775	797	798	1043	1296	1364	1445	1468	1950	2128	2172	2196	2617	2640	2643	2663	2765	3008	3149	3223	3621	3709	3930	4037	4140	4210	4268	4360	4363	4494	4586	4624	4716	4755	4801	4834	
266	398	1199	1894	2360	2697	3129	3135	3564	3650	4430	4907	4973	
112	533	969	1226	1345	1689	1752	1962	2022	2160	3488	3647	4928	
119	252	314	344	425	444	822	974	995	1181	1253	1545	1931	2296	2350	2396	2479	2505	2550	2569	2684	3107	3138	3342	3535	3658	3684	4164	4282	4335	4383	4694	
9	50	130	808	872	956	1026	1115	1223	1249	1478	1679	1994	2083	2109	2535	2599	2829	3256	3348	3507	3840	3850	3870	3884	3921	3968	4030	4205	4423	4441	4653	4729	4745	4776	4782	4877	
418	472	544	1381	1833	1902	1908	2057	2608	2734	2785	3182	3295	3516	3736	3842	3889	3904	3961	4991	
144	204	260	736	902	1000	1455	1589	1613	1663	1742	2268	2548	2699	3073	3195	3326	3985	4976	
67	82	151	163	293	645	653	889	967	1136	1279	1313	1322	1326	1387	1556	1569	1669	1701	1784	2079	2194	2244	2332	2351	2407	2451	2711	2937	2959	3579	3730	3914	3919	3928	4044	4060	4072	4222	4234	4327	4399	4424	4534	4556	4678	4715	4768	4769	4785	4803	4823	4825	4838	4917	4920	4947	4990	
361	451	994	996	1278	1383	1552	2190	2318	2562	2951	2993	
80	268	276	422	512	776	777	785	801	820	848	943	1094	1169	1350	1476	1603	1648	1673	1704	2304	2353	2380	2740	2872	3087	3205	3255	3277	3344	3525	3553	3688	3700	3717	3788	3929	3949	4068	4114	4253	4297	4437	4618	4669	4806	4872	4884	4952	4987	
108	155	323	447	579	689	832	896	960	1432	1503	1576	1712	1730	1738	1800	1816	1916	1996	2214	2623	2687	2871	3112	3142	3232	3271	3317	3356	3380	3436	3555	3594	3863	3912	3979	4248	4597	4598	4626	4629	4637	4710	4738	4820	4832	4846	4936	4946	
518	734	1123	1132	1414	1939	2376	2573	2629	2682	2718	2754	2820	2821	2989	3416	3464	3813	4090	4455	4462	4496	4564	
35	39	86	215	241	283	390	534	590	691	745	783	1068	1117	1122	1274	1491	1565	1771	1986	2403	2422	2917	2986	3040	3250	3324	3708	4138	4269	4355	4405	4419	4471	4585	4687	4765	
165	284	307	705	737	880	886	1064	1161	1230	1251	1372	1659	1975	2038	2076	2329	2428	2725	3050	3119	3189	3192	3355	3452	3796	4031	4444	4961	
58	145	593	766	1098	1124	1216	1582	1606	1620	1635	1748	1755	1893	1976	2030	2046	2470	2603	2616	2941	3016	3042	3089	3241	3248	3489	3518	3556	3942	4172	4390	4502	4739	4814	
85	299	358	393	469	629	760	789	899	1157	1206	1707	1767	1911	1978	1983	2248	2526	2532	2749	2945	3177	3291	3300	3343	3384	3411	3493	3623	3651	4333	4608	4837	4882	
352	417	458	715	1740	1844	2833	2852	3520	
643	1280	1343	1353	1380	1400	1458	1459	1934	2176	2339	2466	2567	2635	2728	2987	2996	3140	3224	3316	3381	3487	4022	4410	4537	
523	870	900	1071	1378	1487	1718	1918	2015	2146	2301	2320	2504	2618	2645	2794	2938	3026	3031	3201	3228	3304	3444	3468	3812	4166	4260	4440	4706	
51	364	436	935	1873	1954	2182	2261	2472	3092	4497	
65	160	413	565	567	751	869	1214	1273	1315	1325	1331	1779	1829	1877	2685	2898	3184	3704	3903	4005	4055	4155	4225	4265	4278	4400	4433	4447	4518	4596	4692	
1265	1735	2065	2433	3015	3134	3167	3178	3383	3738	3943	4374	
21	488	1221	1434	1832	2769	3253	3423	3521	
18	29	431	616	623	628	718	894	907	1038	1187	1649	1747	2101	2435	2899	3030	3095	3109	3350	3511	3569	3575	3664	3754	3769	3825	4023	4093	4111	4200	4211	4600	4784	4793	4815	4911	
509	520	1010	1329	1482	1853	2393	2483	3702	
334	402	635	804	984	1440	1897	1937	2031	2040	2106	2219	2391	2513	2798	2976	3282	3490	3743	3793	3937	4033	4042	4274	4319	4395	4411	4450	4456	4488	4503	4612	4644	4705	4759	4762	4915	4949	4953	4955	
30	172	218	376	686	841	1075	1522	1592	1630	1713	1766	1927	1932	2222	2392	2678	2787	3120	3122	3166	3557	3583	3595	3624	3733	3916	4334	4367	4464	4563	
154	2002	2237	2905	3068	
207	290	895	928	1453	1628	2115	2481	2605	2659	2705	2862	2880	3072	3654	3739	3768	3925	4050	4223	
129	214	297	315	378	462	764	914	1017	1125	1189	1245	1490	1532	1938	2098	2406	2456	3094	3323	3643	3719	3963	4152	4463	
120	340	424	609	722	1201	1344	1371	1652	1724	1997	2228	2702	2757	2914	3260	3421	3528	3771	3958	4107	4177	4357	
486	591	1257	1377	1586	1608	2088	2563	2743	3027	
89	171	343	542	1288	1299	1424	1843	1980	2144	2326	3021	3029	3723	4853	
45	379	809	856	911	1003	1013	1047	1069	1385	1825	2021	2307	2544	2620	3606	3626	4029	4075	4241	4299	4305	4368	4540	
200	226	354	668	674	824	861	1276	1321	1428	1578	1778	2017	2151	2343	2523	2770	2780	3186	3211	3238	3247	3307	3361	3385	3502	3504	3577	3681	3762	4216	4435	4554	4588	4603	4625	4650	4771	4777	4790	4923	
1033	1179	1418	1544	1750	1890	2450	2649	2664	2720	2727	3104	3448	4116	4407	4957	
17	26	83	128	149	232	317	449	555	588	687	819	1037	1361	1526	1644	1667	1862	2077	2589	2784	2975	3474	3878	4048	4229	
182	236	239	792	814	817	1020	1234	1289	1341	1489	2256	3221	3299	3412	3523	3670	3711	3853	3941	4242	4370	4513	4606	4655	4676	4724	
231	267	370	524	685	845	1141	1183	1311	1374	1564	1682	1685	1838	1903	2359	2503	2621	2942	3020	3090	3093	3148	3181	3199	3279	3301	3325	3389	3529	3591	3685	3795	3836	4077	4079	4112	4187	4221	4236	4465	4467	4492	4517	4590	4595	4680	4713	4983	4996	
228	244	316	362	420	428	607	754	921	1466	1492	1617	2043	2134	2555	2612	2660	2688	2802	3077	3136	3272	3454	3515	3600	3657	3753	3847	3866	3965	3976	4212	4226	4235	4326	4366	4406	4487	4607	4636	4666	4683	4695	4764	4863	4901	4926	4948	4988	
346	440	925	1695	2163	2786	3139	
281	1463	1498	1662	2006	2236	2602	3214	4616	
505	944	976	1150	1151	2054	2112	2188	2221	2277	2566	2668	2751	2875	3059	3402	3587	3724	3726	3858	4304	4448	4532	4693	4722	
6	125	521	972	1162	1186	1920	1940	2334	2368	2413	3230	3245	3292	3298	3545	3689	3691	3856	4008	4053	4059	4277	4381	
11	100	498	634	749	1462	1602	1637	1638	1759	2229	2240	2299	2424	2741	2822	2909	3175	3259	3407	3457	3765	3790	4158	4290	4310	4445	4483	4750	
38	569	1218	1571	1573	1634	2462	2508	3200	3473	
156	184	188	532	618	1194	1300	1342	1806	1879	2436	2534	3273	3485	3505	3526	4066	4289	
98	176	821	1001	1086	1256	1285	1585	1948	1990	2666	2759	2818	3113	3340	3544	
274	329	479	568	1036	1210	1642	1726	2411	
639	874	1394	1868	2049	2100	2477	3041	4720	
365	750	806	831	983	2874	3998	
503	854	867	898	1412	2045	2647	2665	2805	3047	3125	3237	3433	3660	
238	556	1016	1116	1733	1974	2026	2091	2446	2496	3006	3106	3254	3415	3705	3862	
466	1457	1656	2141	
559	725	1145	1960	2053	2560	
12	113	137	161	167	439	1053	1228	1981	2010	2512	2984	3302	3418	3429	3926	4057	
49	52	220	779	897	931	987	1483	1518	1651	1813	2069	2447	2530	2988	2995	3091	3099	3406	3630	3638	3792	3999	4345	4387	4511	4549	4760	4826	
28	302	1060	1193	1324	1403	1907	2120	2157	2173	2207	2631	2861	2910	2925	3196	3313	3341	3631	3848	4039	4062	4217	4231	4294	4385	4474	4551	4668	
16	619	693	1096	1190	1408	1869	2231	2604	2656	2686	2915	2980	3078	3337	3414	3437	4153	4259	
103	933	1101	1180	1496	1530	1540	1605	1839	2037	2546	2868	2893	3108	3513	3742	4192	
141	367	611	1138	1182	1282	1469	1799	3123	3287	3607	3852	4122	4188	4351	4470	
375	438	515	608	615	632	836	945	1212	1413	1711	1719	1992	2283	2469	2516	2657	2671	2901	3229	3392	3395	3514	3801	4401	4425	4505	4599	4620	4646	4746	4851	4857	
88	335	1027	1297	1640	3169	3269	
698	993	997	1319	1355	1494	2701	2839	2924	3265	
75	285	305	404	437	802	1022	1175	1240	1367	1943	2102	2267	2348	2498	2755	2916	4099	4115	4251	4262	4376	4396	4476	4509	4510	4696	4744	4758	4766	4794	
1309	1570	1882	2020	2155	2166	
23	48	363	385	403	499	519	543	761	850	859	920	975	1107	1139	1294	1693	1945	2071	2165	2681	2889	3811	3956	4027	4073	4109	4163	4184	4475	4477	4562	4627	4844	
73	313	453	485	1063	2215	2409	2658	
122	277	666	697	1195	1452	1460	1533	2224	3010	3359	3424	
37	929	989	1066	1102	1131	1174	1244	1650	1697	1770	1925	2014	2294	2533	2824	2825	2977	3024	3208	3233	3374	3449	3550	3639	3655	3759	3849	3991	4125	4258	4576	4767	4855	4870	4899	4919	4956	4984	
273	387	415	416	638	903	950	1358	1390	2830	2983	3403	3431	3531	3548	3563	3964	4092	4263	4303	4491	4516	
64	1152	1359	1506	1703	1728	1935	1946	2381	2506	2747	3055	3067	3810	3841	4134	4181	
500	536	578	769	778	827	878	892	1121	1304	1889	2094	2287	2443	2501	2836	2841	2932	3051	3542	3603	3669	3712	3751	3785	3975	3978	4240	4324	4373	4506	4521	4579	4674	4700	4836	4894	4921	4967	
279	474	711	936	1416	1967	2047	2814	
833	959	1113	1197	1262	1301	1675	2000	2145	2586	4958	
44	109	158	187	217	247	342	407	696	703	739	815	876	932	1154	1235	1330	1739	1841	2005	2174	2310	2930	3409	3450	3499	3543	3614	3757	3775	3894	3936	4010	4080	4337	4341	4346	4468	4553	4570	4605	4704	4780	4849	4886	4902	4918	4989	
7	159	242	604	613	1074	1091	1133	1172	1220	1548	1756	2027	2136	2384	2455	2509	2772	2900	2956	3133	3714	4661	
216	349	459	630	692	1334	1587	1600	1987	1991	2013	2171	2476	2607	2634	2722	2752	2999	3150	3364	3404	3634	3874	3897	4032	4036	4104	4197	4379	
262	311	680	803	1209	1654	1855	2158	2426	3096	3339	3386	3573	
746	1050	1082	1130	1307	1500	1828	2140	2312	2537	2763	3510	3566	3571	3581	4257	4284	4350	4449	4623	
19	53	287	369	381	650	910	1845	1928	2211	2418	2521	3146	3286	3393	3682	3773	3833	4034	4121	4156	4422	4658	4717	4788	4804	4861	
124	600	784	1149	1155	1395	2275	2911	
348	395	890	1120	1200	1339	2039	2306	
537	541	690	744	1147	1616	1631	1686	1884	1951	1995	2063	2363	2626	2887	2960	2982	3430	3632	3668	3687	3718	3804	3807	3838	4040	4094	4142	4315	4428	4480	4529	4538	4591	4594	4740	4753	4799	4811	4828	4865	4895	4908	4993	
146	582	799	1426	1814	1949	2430	2519	2808	3216	3365	
101	430	517	592	885	893	1100	1232	1272	1404	1461	1475	1789	1817	1910	1936	2625	3152	3471	3540	3710	3748	4047	4329	4391	4526	4611	4672	4709	4728	4783	4791	4945	4962	
1247	2539	2638	2850	3014	3288	3293	3427	3538	3559	3585	3611	
47	490	1286	1336	1792	1904	
549	728	862	1166	1291	1562	2239	2525	
457	677	844	1982	2444	2585	
5	327	575	585	679	772	875	1072	1314	1349	1618	1761	1776	1871	1999	2090	2148	2305	2417	2449	2803	2912	3061	3168	3170	3345	3426	3597	3996	4061	4108	4499	4617	4639	4719	4781	4833	4978	4994	
46	157	245	494	716	729	811	812	837	915	952	986	1231	1260	1409	1420	1449	1623	1709	2051	2073	2127	2217	2288	2369	2582	2783	2838	2851	2998	3080	3203	3251	3367	3382	3405	3537	3622	3641	3860	3933	4018	4198	4388	4593	4761	4800	4897	4959	
24	177	612	622	881	947	1035	1252	1523	1550	1647	1915	2220	2298	2389	2554	2761	2933	3083	3690	3835	3899	4201	4427	4466	
8	183	448	526	566	652	752	1160	1203	1360	1534	1588	1619	1629	1850	1965	2028	2309	2651	2674	2778	2782	2790	3057	3290	3363	3435	3567	3599	3612	3720	3735	3868	3879	4007	4359	4571	4615	4682	4743	4775	4821	4829	4881	4969	4985	4986	
170	291	763	816	985	1045	1158	1425	1593	1633	2124	2807	2853	3074	3154	3582	3834	3854	3910	3915	4214	4478	
56	320	580	721	953	968	1012	1290	1622	1780	1933	1977	2260	2308	2650	2710	2781	2856	2961	2992	3176	3283	3628	3679	3861	3959	4006	4126	4313	4343	4403	4773	4871	4890	
96	234	292	414	513	572	584	659	672	813	966	1184	1572	1664	1808	2378	2388	2402	2488	2529	2558	2630	2695	2704	2819	2844	2879	3002	3158	3217	3284	3368	3466	3625	3656	3671	3696	3855	4002	4113	4154	4174	4189	4280	4316	4386	4418	4446	4520	4656	4699	4718	4798	
84	429	770	852	863	1305	1775	1857	2262	2746	
181	208	730	768	1011	1044	1373	1566	1812	3013	3362	
195	255	545	1497	1513	1822	2303	2715	2943	2969	2994	4167	
10	434	934	1239	1347	1398	1575	1677	1708	1856	1870	2126	2202	2280	2491	3194	3358	3947	4169	4203	4247	4285	4635	4663	4735	4786	4966	
254	306	467	787	990	1293	1674	1720	2197	2375	2564	3034	3258	3276	3482	3913	4117	4194	
263	964	1443	1577	1852	1891	2265	2372	2745	3017	3311	
74	205	337	470	531	877	942	1171	1333	1971	3289	3438	3481	3818	3893	3946	4162	4180	4339	4361	4372	4378	
15	243	514	694	1056	1502	1516	1751	1941	2074	2087	2266	2404	2431	2486	2652	2669	2921	3336	3551	3617	3727	3766	3816	4043	4129	4190	4338	4344	4458	4572	4778	4816	
347	620	1014	1137	1444	1450	3703	3857	
175	189	771	951	2061	2748	2810	2928	3046	3151	3387	
338	962	1248	1264	1436	1558	1646	1731	
372	991	1191	1263	1376	1493	1773	1874	1989	2130	2149	2225	2286	2330	2340	2361	2373	2515	2628	2777	2788	2955	3354	3413	3459	3596	3649	3815	3995	4069	4106	4432	4547	4860	4892	4932	
235	333	1144	1204	1723	1899	2143	2336	2524	2561	3153	3455	3741	3808	3907	4085	4159	4204	4273	4295	
665	1549	1681	1953	2324	2463	2473	3004	3019	3105	3319	3371	3593	
483	762	1684	1706	2206	2342	2440	2672	2760	2882	3428	3517	3864	
322	478	636	860	1142	1211	1836	2178	2192	2255	2387	2484	2642	2670	2920	2940	3275	3320	3352	3503	3676	3680	3814	3867	3974	3983	4024	4063	4272	4306	4380	4454	4482	4550	4805	4904	4975	4999	
42	135	219	312	464	614	683	1202	1312	1607	1694	1783	1864	1973	2233	2859	3098	3432	3458	3549	3673	3692	3693	3845	3873	3986	4084	4227	4356	4536	
810	930	1009	1488	1714	1888	2167	2241	2259	2270	2480	2492	3147	3234	3333	3615	3713	3774	4157	4267	4420	
308	371	581	1065	1185	2104	2169	2425	2723	3378	3397	3779	
87	423	605	681	970	1040	1410	1529	1876	2080	2084	2133	2291	2590	2698	2726	2908	3137	3156	3204	3218	3372	3475	3635	3882	4147	4196	4548	
399	480	603	637	704	1070	1328	1379	1596	1963	2205	2382	2410	3244	3495	
32	118	133	229	391	452	594	1023	1557	1900	1956	2009	2025	2180	2536	2615	2733	2744	2950	2954	3321	3498	3782	4086	4224	4580	4609	4702	4742	4808	4835	4893	
1224	1597	1988	2093	2689	2730	3110	3132	3236	3280	
14	34	303	339	400	631	673	678	843	922	1219	1250	1268	1317	1369	1470	1796	1834	2036	2082	2358	2511	2514	2667	2750	2789	2799	2811	2858	2946	3018	3065	3082	3202	3210	3213	3419	3480	3533	3642	3653	3675	3677	3931	4421	4434	4443	4667	4818	
60	61	69	121	233	282	516	621	708	1058	1159	1401	1481	1485	1511	1542	1653	1764	2195	2366	2673	2738	2873	2877	2965	3353	3399	3442	3443	3446	4124	4171	4393	4398	4545	4589	4723	4797	
180	805	981	1083	1505	1601	1687	1819	1875	2271	2907	3400	3729	3745	
288	482	510	570	1005	1112	1716	2142	2327	2854	3043	3554	3734	3892	3951	4089	4123	
246	709	753	1127	1238	1271	1692	1840	2595	
222	733	743	946	1332	1535	1754	2035	2183	2493	2542	2619	2677	2837	3103	3261	3309	3388	3410	3440	3590	4020	4076	4081	4397	4426	4569	4645	
206	386	497	576	589	626	971	1176	1538	1794	1921	2457	2888	2968	3124	3197	3240	3270	3574	3598	3982	4307	4312	4358	4697	4747	
318	383	388	1148	1406	1417	1528	1753	1985	
134	640	1388	1598	1645	1660	2364	2679	2767	2779	3009	3054	
22	198	261	298	359	410	554	641	1004	1093	1108	1275	1362	1581	1625	1725	1744	2313	2335	2453	2654	2804	2823	2849	3005	3097	3222	3329	3366	3802	3927	3962	4058	4091	4127	4209	4232	4439	4489	4543	4559	4604	4614	4651	4684	4789	4896	4924	4939	4979	4980	
174	606	1337	2117	2213	2460	2547	2575	2594	2878	3101	3163	3479	3747	3966	
389	651	840	1015	1055	1696	1732	2123	2302	2637	2648	2713	2971	3075	3225	3476	3686	3760	3989	4003	4137	4414	4504	4546	4643	4665	4698	
1823	1917	2201	2223	2464	2683	2707	2737	2857	
97	331	491	710	978	1255	1320	2247	2354	2801	3162	3616	3662	
57	78	99	150	194	212	726	866	887	1134	1559	1568	2253	2281	2414	2510	2520	2840	2891	2892	2902	3422	3467	3620	3784	3827	3865	3885	3938	4025	4102	4245	4287	4498	4552	4574	4670	4754	4941	4954	4997	
40	275	908	948	1164	1281	1438	2212	2639	2690	2693	2864	3000	3100	3408	3604	3633	3749	4017	4074	4206	4296	4365	4581	
213	484	597	1370	1722	1966	1969	2007	2297	2835	3118	3568	3698	3772	3953	4035	
419	501	535	539	1177	1411	1456	2099	2246	2284	2408	2437	2609	2826	2931	3212	3285	3993	3997	
55	596	838	924	1397	1520	1525	1848	1892	1924	2064	2242	2646	3586	3588	3697	3798	3945	4026	4095	4264	
115	132	250	368	392	396	465	587	657	660	888	923	954	1076	1335	1352	1399	1507	1594	1599	1627	1657	1698	1984	2086	2135	2347	2465	2522	2559	2574	2865	2890	2970	3049	3052	3369	3434	3971	4150	4298	4321	4578	4690	4822	4878	4981	
110	257	326	460	648	901	906	1604	1734	1849	2162	2703	2736	2756	2768	2792	2869	3062	3332	3831	4120	4183	4286	4317	4524	4533	4558	4634	4824	4840	4925	
471	525	1080	1104	1266	1958	2528	2583	2935	3064	3890	3908	
405	445	826	1163	1254	1484	1788	2034	
224	397	1514	1678	1736	1763	1860	2042	2700	2848	2962	3116	3746	3950	4292	4323	4394	
169	310	325	476	658	662	1310	1366	1451	1551	1676	1791	1801	1811	1942	2110	2122	2168	2362	2374	2399	2412	2489	2495	2675	2729	2795	3053	3060	3086	3157	3227	3347	3484	3674	3725	3780	3844	4045	4110	4208	4254	4416	4436	4566	4583	4827	4843	4866	4970	5000	
196	264	663	1049	1439	2482	2742	2806	3188	
225	289	295	624	1084	1546	1624	2258	2500	2847	2913	3114	3235	
411	1039	1110	1392	1464	1609	1710	1993	2227	2490	2661	2680	3338	3562	4067	4119	4218	4233	4276	
546	780	1298	1382	1802	1824	2032	2055	2238	
70	695	857	1553	1670	1818	2096	2377	2497	2919	3494	3560	3667	3799	3859	3934	4103	4141	4173	
538	557	701	864	1008	1048	1486	1765	2471	2655	
116	1405	1423	1639	2062	2092	2119	2632	2775	2922	2936	
126	138	209	230	269	270	380	782	794	1111	1135	1626	1878	1972	2714	2939	2997	3263	3501	3578	3584	3832	3869	3872	4014	4021	4352	4415	4484	4508	4577	4712	4772	
68	825	998	1208	1768	1769	1793	1795	2390	2545	3377	3417	3462	3763	4064	4246	4279	4429	4514	
192	201	300	373	669	676	830	1583	2179	2809	3032	3035	3058	3357	3663	3767	3888	
76	95	350	562	884	1077	1306	1531	1621	1777	1851	1859	1955	2147	2193	2250	2251	2365	2499	2531	2613	2843	2846	3037	3076	3131	3308	3349	3678	3761	3806	3896	3917	3955	3977	4001	4302	4442	4452	4500	4677	4689	4725	4730	4734	4752	4787	4796	4883	4910	4942	4950	4963	
530	748	1196	1430	1519	1543	1700	1896	2709	3659	3770	3920	4168	
117	560	712	727	961	1365	1407	1554	2089	3130	
700	791	1078	1471	1611	2415	2633	2653	3048	3231	3477	3619	3817	
179	463	574	800	1028	1340	1442	1527	1702	1861	2565	2614	2816	3220	3472	3652	3829	4270	4336	4375	4417	4507	4647	4675	4685	4707	4727	
72	94	699	839	938	1051	1153	1287	1495	1547	1560	1854	1964	2153	2245	2290	2429	2445	2692	3044	3172	3375	3465	3530	3820	3830	3935	4065	4151	4325	4535	4774	4898	4909	4937	
106	280	506	758	834	1042	1059	1246	1346	1579	1781	1835	1865	2191	2216	2385	2405	2454	2461	2541	2716	2731	2773	2947	3127	3171	3731	3809	3846	4011	4038	4052	4318	4527	4530	4671	4714	4763	4875	4876	4880	4885	4938	
210	670	723	823	865	1643	1909	2232	2551	2828	2974	3036	3327	3330	4004	
412	731	1052	1354	2085	2121	2154	2468	2885	2957	3257	3370	3716	3880	3906	
564	654	1103	1126	2011	2012	2349	2401	
256	435	528	550	571	717	949	1269	1499	1539	1881	2105	2317	2622	3066	3117	3328	3512	3706	3823	3886	3957	4300	4369	4539	4582	4587	4654	4688	4749	
91	309	366	450	551	767	879	1030	1422	1504	1665	1827	1885	2018	2156	2203	2323	2352	2475	2600	2610	3262	3379	3401	3483	3539	3756	4016	4244	4252	4392	4472	4473	4522	4555	4622	4648	4686	4831	4867	4888	4968	
