134	235	856	974	1180	1413	1462	1785	2170	2364	2442	2740	2916	2935
200	211	364	524	839	972	1063	1378	1562	1686	1860	1925	1971	2193	2341	2456	2866	2956	3009	3190	3229	3268	3587	3831	3866	4195	
180	518	578	614	636	725	746	788	1022	1060	1414	1455	1556	1900	2357	2759	2854	3225	3647	3782	
87	355	382	491	674	787	1013	1112	1135	1191	1305	1787	2092	2981	2993	3137	3382	
477	944	968	1144	1216	1307	2084	2085	2221	2361	2449	2757	2758	2823	2874	2910	2936	3357	3565	3588	3800	3856	4032	4068	4186	4286	
29	53	474	607	704	825	899	1155	1247	2064	2243	2507	2671	2712	2798	2814	2880	3310	3383	3713	3833	3862	4098	4166	4200	4282	
113	150	220	493	542	875	1054	1197	1289	1369	1511	1572	1964	2027	2508	2538	2727	2822	2901	3113	3166	3206	3436	3457	3554	3654	4272	4324	
242	760	919	1482	1559	1755	1832	2149	2363	2516	2645	2649	2872	3118	3122	3187	3505	3701	3880	3958	4015	
28	83	227	1024	1174	1238	1756	1782	2077	2135	2314	2328	2413	2443	2705	3048	3403	3653	3673	
494	568	639	641	676	893	1237	1346	1979	2264	2408	2650	2667	4332	
55	162	446	457	928	1583	1770	2131	2250	2285	2615	2658	2675	2803	2966	3126	3203	3292	3337	3420	3438	3452	3848	3849	3920	3976	4061	4214	4227	4323	4468	4480	
32	483	1036	1076	1125	1208	1356	1791	1867	2392	2518	2857	
4	177	424	443	464	475	481	625	1129	1427	1475	1522	1524	1543	1565	1631	1750	1871	2253	2338	2488	2556	2732	2792	2831	2860	2924	2938	2962	2995	3032	3191	3396	3456	3601	3629	3751	3832	3993	4093	4160	4162	4175	4219	4269	4295	4444	4583	4691	4695	4753	4823	4827	4883	4958	4962	
3	11	64	120	351	509	517	978	1131	1386	1444	1446	1481	1556	1580	1885	2171	2420	2531	2744	3183	3185	3212	3223	3239	3249	3272	3335	3398	3458	3475	3545	3722	3756	3761	3792	3823	3881	4153	4497	4562	4603	4606	4697	4745	4769	4808	
14	206	234	502	516	694	738	832	866	1049	1187	1316	1348	1352	1398	1420	1519	1615	1640	2010	2033	2037	2141	2174	2354	2406	2644	2749	2828	2876	3157	3201	3327	3371	3400	3421	3495	3563	3652	3679	3680	3706	3759	3804	3888	3959	4007	4047	4086	4168	4240	4278	4315	4390	4485	4555	4615	4645	4692	4748	4809	4814	4841	4848	4872	4880	4901	4913	4930	4951	4954	4976	4992	4995	4996	
139	307	397	503	505	526	841	937	957	1053	1070	1168	1338	1623	1854	1894	2336	2395	2692	3030	3035	3178	3585	3620	3696	3780	3867	3892	3916	3970	4109	4311	4336	4361	4364	4431	4572	4628	4679	4736	4771	
6	414	445	534	583	586	657	661	773	798	864	902	942	1533	1545	1549	1610	1719	1728	1956	1968	2012	2065	2099	2174	2355	2436	2548	2790	2805	2843	2845	2932	3112	3234	3331	3376	3689	3739	3896	3964	3992	4349	4439	4459	4604	4713	
161	174	429	473	758	1344	1633	1668	1689	1722	1888	2251	2286	2358	2417	2441	2521	2699	2909	2983	2996	3170	3504	3524	3539	3820	4234	
78	430	633	1026	1353	1372	1485	1518	1665	1841	1856	1906	1913	1977	2005	2272	2405	2450	2517	2695	2703	2945	3130	3230	3235	3348	3412	3440	3510	3599	3619	3642	3734	4020	4053	4057	4063	4156	4184	4210	4213	4248	4279	4433	4466	4511	4529	4536	4542	4668	4756	4770	4774	4846	4884	4923	4929	4950	4970	
34	470	560	642	681	1205	1355	1479	1725	2167	2483	
21	44	88	321	330	331	340	341	377	460	492	638	659	714	777	821	1068	1106	1189	1263	1458	1547	1568	1855	1883	1908	1953	2091	2097	2232	2265	2283	2662	2673	2881	2894	3016	3149	3167	3202	3236	3279	3290	3443	3470	3627	3651	3670	3681	3784	3801	3872	3913	3927	3932	3966	3982	4052	4110	4142	4148	4237	4365	4440	4501	4502	4516	4578	4629	4695	4731	4784	4795	4870	4875	4948	4988	4990	
67	276	327	569	632	1117	1190	1275	1514	2311	2468	2572	
52	218	251	1589	1761	1828	2014	2381	2383	2386	2558	2642	3088	3232	3343	
358	689	804	903	1169	1188	1267	1679	2277	2298	
225	354	532	1160	1219	1227	1400	1765	2235	2262	
104	472	1206	1468	1579	1618	1741	1834	2270	2409	2591	3034	4901	
146	253	462	1182	1302	1394	1740	1811	1917	4901	
27	99	127	670	739	816	989	1020	1424	1471	1648	1667	1892	2320	2964	3044	3053	3107	3322	3549	3747	3749	3851	3874	3886	3995	4145	4396	4407	
72	123	163	339	763	986	1294	1385	1569	1949	
84	102	133	155	525	537	749	884	897	1016	1045	1134	1200	1236	1594	1695	1727	1731	1817	1866	1987	2114	2130	2152	2163	2491	2495	2520	2634	2722	2770	2787	3002	3087	3120	3125	3275	3351	3368	3374	3431	3614	3635	3646	3840	3854	3869	3962	4071	4082	4116	4126	4238	4258	4367	4458	4569	4573	4574	4672	4788	4799	4801	4890	4926	4927	4939	4985	4997	
35	310	364	467	667	693	967	1609	1661	1674	1757	1779	1842	1848	2067	2118	2122	2308	2347	2421	2423	2476	2499	2599	2653	2753	2826	2930	3023	3217	3603	3708	3766	3805	3815	3829	3864	3911	3915	4027	4164	4185	4231	4354	4404	4441	4621	4648	4663	4707	4720	4812	4828	4865	4940	
222	336	784	1392	1769	1921	1958	2001	2018	2028	2176	2370	2460	2593	2619	2920	3115	3210	3558	3583	3717	3875	3898	4253	4267	4291	
16	154	357	366	395	1358	1582	1617	1732	1859	2007	2238	2330	2339	2479	2511	2714	2899	2928	3358	3408	3462	3464	3636	4083	4084	4399	
188	249	385	401	459	570	616	737	878	941	995	1014	1035	1412	1634	1678	1807	1822	1864	1985	1992	2066	2137	2166	2174	2180	2192	2278	2418	2474	2799	2808	3075	3250	3369	3509	3535	3578	3593	3750	3839	3929	4004	4104	4159	4255	4355	4682	4739	4793	4857	4886	4912	4945	4964	4971	4975	4977	4993	
80	362	486	635	835	1010	1162	1311	1604	1734	1751	1797	2102	2133	2324	2589	2785	2786	2871	3181	3255	3493	4090	4111	4151	4224	
733	789	1330	1509	1647	1773	1839	2056	2205	2213	2630	2771	
85	356	673	982	1096	1492	1837	2121	2266	2581	2636	2794	3192	3489	3500	3584	
15	141	170	202	207	250	434	449	506	531	558	561	572	678	699	708	762	1095	1209	1390	1441	1445	1499	1611	1657	1723	1872	1912	2107	2159	2465	2472	2625	2686	2709	2755	2762	2923	3057	3169	3219	3228	3339	3347	3478	3482	3519	3526	3529	3551	3562	3649	3693	3870	3974	4030	4106	4130	4140	4146	4287	4318	4402	4465	4588	4633	4653	4671	4725	4729	4737	4746	4775	4783	4953	
49	402	908	994	1268	1396	1452	1463	1903	1914	2391	2402	2795	3073	3160	3363	3736	3763	
36	46	79	592	668	870	889	921	1192	2022	
375	500	584	828	964	1005	1078	1128	1153	1614	1702	1762	1840	1852	1901	2131	2240	2352	2396	2401	2482	2532	2837	2892	2893	2959	2997	3105	3128	3156	3182	3254	3453	3511	3525	3622	3702	3994	4037	4120	4198	4242	4257	4369	4491	4558	4581	4617	4656	4660	4760	4803	4893	4943	
192	1058	1074	1100	1101	1384	1389	1772	2263	2382	2407	
190	281	313	439	606	782	1047	1108	1139	1228	1349	1523	1600	1603	1672	1711	1780	1796	1880	2051	2350	2451	2637	2668	2773	2811	3180	3284	3330	3361	3415	3533	4152	4169	4178	4263	4276	4320	4416	4627	4704	
319	838	933	1102	1116	1170	1230	1306	1675	1819	1868	2293	2457	2458	2502	2736	2788	2810	2821	3020	3083	3195	3370	3576	3807	4158	4274	4302	4321	4337	4383	4385	4510	
43	160	165	239	337	349	383	405	433	458	552	587	615	783	848	962	1150	1328	1342	1383	1497	1532	1963	1969	2025	2071	2151	2290	2322	2335	2424	2439	2515	2533	2708	2735	2782	2809	2884	3004	3011	3194	3287	3302	3321	3568	3613	3685	3723	3826	3845	3912	3922	3990	3991	4039	4046	4103	4113	4173	4211	4218	4322	4352	4531	4602	4637	4674	4705	4723	4744	4782	4816	4817	4915	4956	4965	
45	116	144	266	286	293	363	416	496	543	834	845	1361	1375	1410	1642	1683	1833	2019	2054	2063	2239	2281	2410	2497	2627	2738	2844	2942	2965	3021	3325	3380	3591	3617	3744	3753	3760	3928	3940	3989	4232	4247	4280	4308	4327	4334	4338	4350	4420	4528	4534	4657	4796	4802	4830	4933	4979	
300	508	533	705	1178	1186	1460	1954	2123	2184	2701	2838	2958	3213	3248	3409	3553	3626	3692	
344	571	975	1515	1975	1997	2081	2411	2574	2691	2719	2941	3060	3131	3258	3377	3442	3447	
65	135	315	390	413	421	547	573	682	1184	1260	1297	1374	1486	1507	1636	1708	1749	1759	1865	2174	2247	2432	2654	2752	3000	3314	3477	3487	3678	3687	3728	3842	3903	3980	4055	4070	4179	4299	4339	4346	4424	4623	4727	
5	118	380	400	515	528	551	644	688	700	809	815	890	999	1083	1137	1138	1304	1422	1483	1495	1505	1826	1896	1904	2161	2227	2697	3068	3093	3135	3143	3188	3198	3269	3571	3580	3611	3659	3729	3859	3925	4025	4076	4077	4348	4544	4545	4609	4844	
125	186	209	223	252	376	452	892	1019	1816	2024	2131	2181	2580	2980	3227	3253	3262	3367	3502	3786	3822	
132	213	301	774	912	1269	1551	1800	1893	1919	2115	2212	2216	2455	2462	2603	3460	3667	3746	3865	3969	3975	
9	91	152	228	256	263	359	364	394	471	487	510	658	728	799	881	1048	1077	1105	1164	1393	1403	1423	1911	1946	1984	2026	2211	2234	2256	2592	2624	2748	2807	3029	3085	3097	3231	3281	3283	3291	3323	3344	3395	3423	3428	3471	3479	3508	3621	3638	3645	3664	3724	3787	3963	3983	3988	4029	4044	4190	4312	4317	4347	4392	4467	4472	4499	4538	4556	4567	4700	4805	4815	4903	4907	4918	4972	4984	
216	280	797	868	1402	1555	1743	2140	2145	2415	2575	2704	2706	2720	2764	
50	153	287	292	312	419	466	479	480	612	655	719	851	852	973	1009	1044	1151	1266	1314	1336	1431	1503	1556	1578	1602	1637	1862	1876	1989	2060	2175	2215	2273	2368	2377	2419	2422	2445	2481	2557	2657	2665	3008	3069	3094	3463	3497	3557	3595	3775	3783	3827	3858	4066	4519	4550	4722	4761	4776	4982	
128	148	388	519	643	672	711	785	934	1214	1222	1259	1274	1293	1366	1544	1575	1624	1850	2059	2203	2214	2257	2344	2551	2659	2842	2852	2896	3108	3205	3240	3359	3432	3624	3669	3764	3791	3819	3884	3918	3919	4099	4215	4223	4233	4268	4382	4389	4453	4461	4543	4611	4665	4699	4738	4763	4767	4790	4824	4835	4863	4894	4922	4936	4999	
8	129	451	759	768	810	1220	1351	1362	1442	1576	1685	2116	2131	2139	2191	2200	2312	2579	2588	2731	2768	2851	2988	3186	3444	3469	4000	4056	4174	4182	4254	4437	4596	
215	722	826	871	891	911	951	988	1092	1098	1382	1435	1587	1745	1835	1847	2006	2035	2305	2306	2487	2535	2765	2829	2969	3022	3102	3121	3154	3356	3434	3586	3661	3956	3973	4012	4131	4199	4304	4332	4376	4618	4619	4630	4687	4702	4772	
20	194	335	512	794	1419	1467	1487	1705	1875	2120	2224	2274	2337	2614	2640	2681	2698	2864	2921	3148	3308	3388	3538	3843	3959	4028	4132	4241	4362	4454	4548	
106	314	323	378	654	707	747	824	846	954	1285	1291	1438	1567	1730	2030	2244	2568	2595	2661	2670	2677	2820	3138	3274	3341	3472	3715	3984	4073	4149	4236	4297	4391	4411	4476	4553	4605	4614	4659	4673	4694	4743	4768	
105	149	268	350	488	546	754	802	1130	1157	1484	1771	2029	2047	2104	2134	2222	2276	2378	2464	2509	2552	2672	2696	2746	2827	2875	2912	2934	2947	3047	3129	3216	3238	3474	3590	3655	3868	3887	4301	4316	4568	4626	4712	4792	4869	4897	4899	4910	4911	4916	4928	
103	1215	1973	2233	2365	2513	2606	2761	2772	2905	3076	3184	3316	3522	3542	3559	
93	183	267	522	567	721	1038	1154	1357	1510	1684	1775	1980	2586	2778	2890	3218	3289	3355	3485	3569	3643	3709	3742	3850	3871	3909	3968	4091	4165	4342	4403	4474	4498	
157	410	775	1073	1257	1287	1340	1831	1884	2050	2109	2189	2261	2294	2373	2475	2600	2609	2664	2760	2784	2815	2839	2946	2982	3081	3090	3147	3303	3332	3449	3468	3817	3960	4117	4309	4384	4462	4494	4563	4587	4683	4715	4717	
333	463	489	790	1042	1166	1710	1962	2379	2632	2700	2806	
89	197	302	511	588	927	947	1050	1051	1080	1081	1276	1433	1536	1680	1774	1935	2113	2188	3050	3134	3142	3264	3413	3491	3537	3597	3738	3824	3999	4008	4203	4235	4270	4330	4359	4387	4418	4449	4477	4521	4522	4576	4612	4696	4758	4764	4856	
175	217	628	715	894	905	915	1056	1161	1239	1488	1713	2132	2848	3103	3267	3360	3564	3937	3941	
237	289	368	800	850	901	1223	1556	1643	1646	1656	2478	2480	2514	3209	3300	3531	
159	178	403	476	521	597	780	949	952	1156	1250	1335	1449	1666	1670	1703	1747	1794	1806	1923	2032	2201	2400	2952	2989	3282	3294	3324	3336	3411	3483	3575	3703	3921	3944	3967	4089	4208	4209	4226	4344	4358	4417	4469	4492	4523	4571	4641	4644	4688	4751	
33	969	1364	1416	1681	1784	1836	2108	2541	2567	2781	2818	2937	
37	47	94	136	317	647	652	701	817	886	1000	1145	1202	1469	1558	1922	1927	1951	1994	2127	2349	2353	2394	2529	2840	2919	2950	2957	2979	2998	3064	3467	3517	3546	3616	3648	3684	3771	3790	3855	3953	4001	4049	4095	4176	4183	4193	4230	4265	4266	4345	4406	4483	4551	4586	4718	4752	4821	4858	4878	4885	4917	4966	
42	142	283	651	687	956	970	1004	1059	1119	1127	1141	1172	1317	1436	1693	1818	1881	1924	2376	2587	2878	3445	3732	3748	3878	3930	3935	4013	4023	4072	4370	4425	4473	4524	4533	4599	4658	4678	4690	
31	76	208	554	1023	1229	1265	1459	1781	1810	2387	2390	2660	
61	224	381	412	423	453	977	1057	1084	1654	1809	2103	2527	2566	2716	2754	2859	2972	3055	3077	3174	3266	3402	3607	3830	
181	396	436	683	742	837	874	932	1075	1126	1988	2241	2275	2280	2296	2721	2739	2895	2991	3162	3299	3365	3541	3572	3594	3675	4064	4123	4250	4422	4443	
26	364	1148	1243	1677	1715	1948	2153	2155	2231	2252	2590	2626	2666	2729	3006	3059	3329	3352	3425	3439	3683	3904	4118	4154	4187	4256	4371	4450	
184	248	389	406	418	998	1207	1233	1758	1821	2856	3010	3109	
18	69	288	1140	1470	1658	1664	1920	2185	2190	2331	2504	2523	3150	3158	3401	3424	3494	3899	
151	311	431	527	634	979	1046	1256	1599	1628	1641	1687	1691	1744	2194	2317	2384	2530	2951	3164	3224	3296	3536	3694	3725	3996	4041	4045	4271	4273	4325	4393	
2	124	166	196	230	332	369	409	499	559	741	808	985	1082	1298	1437	1493	1650	1669	1768	2302	2310	2318	2628	2724	2902	3245	3338	3345	3373	3417	3556	3570	3641	3774	3778	3934	3938	4019	4075	4220	4356	4413	4419	4496	4506	4514	4532	4636	4651	4654	4698	4819	4849	4873	4900	4905	4946	4973	4980	
465	653	873	900	1226	1326	1500	1598	1793	1801	1813	1838	2002	2633	2674	2801	2802	3031	3084	3311	3889	4043	4150	4202	
57	179	214	325	602	604	764	779	849	1015	1114	1211	1218	1347	1601	1851	2020	2128	2204	2268	2585	2678	3455	3520	3550	3608	3677	3754	3794	3907	3985	4031	4054	4306	4447	4451	4670	
77	114	164	279	304	305	417	885	946	1061	1109	1324	1325	1339	1556	1692	1721	1887	1918	1982	2162	2366	2540	2545	2561	2622	2679	2734	3026	3286	3515	3528	3674	3712	3718	3931	3946	4314	4331	4398	4560	4589	4733	
2	54	261	427	478	574	582	596	752	836	876	896	939	943	961	984	1132	1525	1673	1676	1709	1724	1737	2068	2146	2326	2505	2506	2519	2565	2694	2886	2887	2931	3104	3259	3333	3581	3623	3633	3745	3776	3835	3838	3933	4085	4161	4204	4261	4373	4415	4428	4452	4608	4649	4714	4806	4818	4909	4934	4949	4959	4960	4961	4963	4969	4994	
48	62	182	229	411	580	883	909	936	953	1002	1167	1175	1249	1290	1370	1377	1450	1700	1729	1905	1929	1947	1983	2249	2486	2489	2663	2865	2911	2925	2975	3037	3052	3061	3074	3091	3175	3270	3375	3387	3390	3397	3441	3534	3596	3612	3676	3714	3796	3914	3948	3978	4245	4293	4430	4539	4570	4620	4624	4631	4677	4711	4789	4813	4852	4888	4892	4895	4955	4986	
504	805	945	1039	1411	1429	1846	2126	2267	2297	2435	2563	2638	
58	117	523	555	1043	1399	1447	1694	1910	2196	2343	2372	2397	3197	
169	438	482	589	610	734	750	803	811	830	855	1097	1185	1313	1327	1334	1409	1933	1991	2303	2452	2454	2877	2927	3116	3215	3513	3699	3810	3897	4069	4212	4252	4332	4442	4518	4597	4638	4643	4721	
68	274	384	692	1329	1376	1472	1491	1612	1655	1726	1938	2143	2198	2327	2388	2430	2623	2797	2873	3024	3298	3353	3795	3890	4079	4157	4194	4206	4410	4489	4508	4530	4580	
2	66	189	205	262	454	630	648	996	1262	1380	1512	1630	1717	1827	1915	1940	2083	2124	2142	2165	2245	2295	2369	2461	2685	2971	3101	3430	3461	3682	3700	3816	3825	3846	4022	4129	4217	4260	4479	4484	4505	4517	4797	4901	
226	238	241	723	1033	1253	1282	1528	1663	1760	1777	1955	2048	2597	2917	2954	3271	3737	
158	345	753	930	1235	1350	1408	1541	1570	1763	1808	1943	2003	2088	2160	2284	2299	2385	2466	2559	2833	3573	3906	3943	4094	
107	595	623	1069	1086	1550	1574	1625	1792	1899	2202	2360	2539	2596	2855	3042	3306	3610	
23	387	536	575	745	1225	1232	1696	2072	2494	
243	618	819	1007	1040	1194	1516	1593	1786	1788	1825	1945	1995	2564	2908	3252	
39	620	767	858	965	1034	1496	1890	1936	2078	2470	
145	1163	1585	1783	2062	2094	2168	2199	2210	2321	2416	2560	2726	2775	2817	3063	3111	3512	
7	97	316	435	863	958	1183	1196	1331	1430	1506	1613	1752	1873	1981	2680	2858	3318	3806	3813	3814	3894	
338	535	823	844	1111	1501	1996	2173	2177	2206	
130	273	665	879	1107	1122	1546	1595	2187	2287	
92	126	255	1379	1473	1538	1767	1804	2399	2477	2544	2546	2836	2940	3019	3041	3312	3426	3454	3656	3917	4014	4124	
365	507	690	709	769	814	963	990	1071	1099	1245	1264	1315	1343	1407	1494	1508	1690	1697	1844	1928	2096	2300	2429	2510	2601	2617	2763	2824	2863	2944	3001	3014	3096	3350	3399	3947	4011	4074	4081	4277	4332	4478	4509	4780	
13	24	74	247	295	306	677	827	922	976	1031	1037	1147	1241	1288	1426	1526	1869	2101	2156	2253	2889	2968	2973	3386	3618	3710	3844	3926	3955	3971	4060	4188	4290	4329	4500	4566	4577	4598	
119	212	691	818	938	1213	1300	1823	1874	1934	1941	2254	2307	2446	2467	2569	2689	3366	3465	3567	3579	3924	4005	4017	4038	4050	4332	
38	138	201	240	539	564	920	1439	1457	1644	1950	2057	2375	2522	2648	2943	3106	3288	3293	3486	3781	3802	3986	3997	4036	4133	4310	
12	254	290	732	1123	1158	1368	1517	2017	2041	2049	2053	2086	2129	2459	2553	3015	3058	3155	3168	3437	3498	3521	3604	3663	3949	4388	4427	4429	
63	284	298	391	393	450	599	650	898	948	993	1088	1124	1217	1240	1332	1590	2009	2039	2070	2186	2425	2616	2906	2949	3038	3049	3062	3199	3214	3393	3668	3735	3755	3860	3902	4177	4180	4192	4196	4333	4426	4457	4507	4625	4667	4685	4706	4719	4724	4734	4804	4840	4843	4908	4925	4942	
579	1025	1498	1778	1959	2044	2158	2316	2323	2976	3260	3349	3378	3414	3446	3466	
22	342	530	593	608	755	1027	1115	1635	1652	2058	2493	2651	2796	
2	41	143	244	329	374	730	829	831	940	1272	1649	1803	1824	1879	2253	2403	2594	2834	2847	2885	3066	3086	3114	3193	3600	3625	3752	4024	4040	4078	4080	4119	4296	4374	4475	4486	4537	4655	4680	4689	4730	4759	4765	4798	
187	193	299	645	991	1067	1094	1542	1976	2309	
51	245	324	370	617	663	706	727	840	1055	1066	1246	1596	1845	1926	2004	2138	2154	2179	2183	2208	2271	2374	2440	2444	2562	2688	2741	2850	2915	3025	3119	3123	3133	3561	3707	3942	3945	4009	4112	4139	4222	4251	4283	4481	4540	4676	4747	4766	4781	4853	4902	4935	
448	717	882	1017	1212	1322	1406	2110	2329	2393	2819	2849	2882	
137	611	1110	1480	1830	1957	2016	2021	2093	2225	2332	2583	2711	2900	3165	3241	3492	
277	422	425	545	686	843	867	1113	1254	1270	1365	1373	1530	1660	1748	1764	1802	1932	1966	2038	2217	2346	2362	2576	2618	2639	2948	2970	3151	3189	3244	3326	3523	3527	3532	3552	3644	3671	3672	3730	3758	3883	4259	4275	4292	4340	4405	4584	4592	4716	4726	4762	4773	4810	4834	4838	4868	4876	4882	4896	4906	4920	
631	640	757	854	1118	1120	1142	1284	1363	1466	1592	1645	1805	1814	1939	2169	2319	2433	2473	3136	3141	3145	3317	3577	3762	3809	4033	4264	4482	4490	4520	
1	25	98	656	1425	1552	1620	1909	1937	2015	2164	2236	2345	2469	2635	2676	2867	2914	3204	3379	3410	3757	3767	3812	3834	
210	260	326	456	622	695	698	720	740	792	1104	1193	1381	1474	1535	1584	1639	1707	1733	1891	2075	2776	2987	3046	3082	3171	3242	3394	3419	3544	3639	3662	3695	3733	3797	3799	3821	4010	4059	4102	4114	4121	4189	4249	4307	4353	4394	4541	4593	4610	4632	4646	4647	4779	4785	4833	4881	4891	4983	4989	
56	108	168	258	1012	1718	1776	2052	2223	2237	2570	2728	
70	272	910	1177	1320	1629	1889	2209	2292	2351	2578	2999	3153	3251	3297	3301	
101	191	347	348	373	444	538	553	591	624	629	766	906	925	931	1052	1199	1251	1360	1405	1527	1706	1843	1857	2174	2340	2498	2503	2549	2621	2684	2725	2730	2742	2750	2922	3117	3140	3346	3473	3481	3496	3560	3609	3705	3785	3808	3818	3863	3900	3957	3977	3981	4006	4021	4051	4108	4143	4341	4386	4495	4546	4642	4742	4787	4822	4837	4898	4938	4952	4968	4981	
398	399	609	778	913	1021	1195	1280	1321	1388	1489	1490	1627	1898	2076	2119	2501	2613	2766	2783	2804	2897	2961	3003	3089	3152	3172	3247	3547	3720	3741	3789	3882	3952	4042	4335	4414	4607	4695	4750	
19	185	364	407	540	627	664	679	743	861	1165	1387	1504	1521	1591	1682	1993	2255	2434	2825	2869	2933	2994	3028	3036	3427	3450	3777	3788	3951	4115	4294	4363	4380	4526	4547	4565	4664	4675	
172	352	461	888	1121	1312	1397	1540	1607	2260	2646	2655	2723	2977	3476	3488	
392	562	605	761	781	822	914	980	1064	1277	1395	1560	2040	2150	2279	2282	2471	2612	3043	3072	3389	3451	3516	3803	3853	4105	4128	4137	4147	4375	4395	4436	4575	4585	4613	
2	203	541	669	772	907	1032	1146	1171	1221	1401	1461	1476	1477	1557	1619	1622	1714	1716	1961	2008	2079	2125	2398	2528	2573	2620	2789	2913	3051	3196	3422	3435	3506	3631	4018	4088	4138	4205	4381	4409	4438	4594	4616	4622	4650	4686	
231	671	959	1029	1072	1090	1621	2304	2929	3012	3018	3056	3070	3416	3555	
90	109	204	550	917	1252	1359	1534	1720	2013	
59	100	497	501	594	955	1028	1089	1248	1391	1465	1478	1653	1698	1798	1820	1942	2098	2172	2404	2631	2643	2756	2767	3013	3132	3161	3200	3221	3276	3277	3340	3433	3632	3727	3772	3885	4216	4284	4487	4493	4503	4515	4591	4661	4666	4681	4695	4710	4728	4755	4786	4850	4871	4874	4901	4904	4924	4932	4937	4941	4957	4967	4998	
271	440	442	514	685	1451	1464	1553	1736	1799	1861	2228	2325	2525	2611	2791	
75	246	360	361	426	447	455	684	833	857	923	924	1065	1203	1310	1337	1571	1577	1606	1795	1998	2090	2112	2258	2259	2524	2713	2777	2793	3040	3065	3176	3315	3448	3484	3540	3589	3658	3769	3950	4092	4357	4366	4372	4432	4448	4455	4557	4564	4669	4684	4693	4740	4754	4854	4921	
82	282	303	343	600	929	966	1303	1309	1371	1671	1882	1907	2195	3405	3406	3602	
328	334	379	495	675	820	971	1006	2230	2500	2536	2986	3079	3257	
147	167	353	469	566	869	918	1041	1418	1742	2220	2682	3078	3226	3237	
10	121	265	847	1159	1201	1537	1886	2313	2537	2683	2687	
71	95	112	156	173	264	270	346	371	372	485	520	565	613	619	621	649	662	697	712	935	987	1255	1261	1367	1404	1651	1659	1738	1877	1902	2031	2061	2087	2148	2226	2253	2453	2484	2745	2816	2841	2853	2891	2974	3039	3067	3071	3139	3179	3207	3354	3418	3507	3574	3697	3765	3847	4100	4135	4172	4225	4535	4820	4855	4879	4931	
232	236	257	294	297	322	468	490	548	696	703	735	801	813	862	872	1018	1143	1149	1283	1286	1323	1341	1354	1421	1440	1564	1566	1608	1739	1944	1999	2000	2289	2333	2438	2448	2554	2607	2718	2967	3124	3211	3220	3280	3307	3372	3392	3543	3606	3711	3726	3740	3773	3893	3905	3939	3972	4035	4181	4221	4229	4239	4319	4471	4595	4662	4703	4741	4807	4836	4864	4866	4889	4974	4987	5000	
40	81	367	428	577	916	1008	1062	1181	1271	1279	1428	1502	1588	1931	2055	2074	2246	2248	2427	2629	2780	2963	2984	3027	3273	3514	3657	3691	3895	4087	4244	4288	4313	4400	4401	4434	4600	
131	176	269	291	544	729	736	770	795	887	997	1093	1152	1173	1319	1417	1432	1448	1529	1586	1632	1699	1790	1952	1960	2178	2342	2426	2437	2669	2907	2955	2960	3100	3222	3261	3265	3278	3309	3320	3328	3342	3385	3407	3501	3518	3530	3630	3698	3891	3959	3987	4003	4016	4134	4155	4171	4197	4281	4285	4289	4303	4360	4377	4513	4527	4549	4582	4701	4708	4778	4845	4847	4862	4887	4978	
171	285	432	549	581	860	1103	1136	1548	1616	1712	1746	1897	2242	2315	2571	2812	2870	3007	3177	3208	3582	3686	3690	3716	3965	4191	4228	4300	
60	195	308	441	765	853	960	1001	1003	1234	1333	1895	1916	1974	2082	2089	2218	2359	2693	2707	2835	2888	2898	3233	3304	3499	3566	3615	3628	3665	3793	3811	3836	3841	3857	3936	4058	4062	4097	4167	4305	4351	4421	4504	4590	4695	4757	4777	4800	4839	4877	
17	73	111	115	199	318	513	646	710	806	1176	1179	1296	1301	1318	1443	1453	1520	1561	1754	1972	2023	2080	2106	2291	2356	2412	2512	2550	2584	2737	2779	2978	2992	3045	3054	3095	3243	3319	3362	3429	3634	3798	3852	3908	4002	4125	4127	4136	4163	4207	4243	4262	4343	4368	4378	4423	4435	4445	4446	4456	4470	4525	4554	4561	4601	4640	4811	4825	4826	4919	4947	4991	
724	842	877	880	1085	1281	1878	2036	2144	2715	2717	3005	
221	275	713	904	1292	1295	1308	1345	2095	2414	2542	2547	2800	3144	
404	556	771	1204	1224	1597	2042	2043	2428	2492	2690	2710	2926	3246	3295	
219	498	529	702	718	756	807	1087	1456	1513	1554	1573	1581	1626	1930	2045	2147	2182	2197	2367	2485	2490	2543	2555	2577	2774	2883	2903	2918	3263	3779	3961	4048	4122	4144	4397	4512	4552	4559	4579	4635	4709	4735	4791	4794	
259	386	926	1231	1278	1415	1434	1766	1829	1849	1853	1978	1990	2463	2598	2743	2751	3480	3598	3650	3731	3861	3923	4067	4107	
140	415	585	1133	1244	1539	1986	2582	2604	2610	2647	2733	2862	2990	3313	
296	408	576	865	992	1030	1210	1563	1662	2105	2111	2117	2131	2136	2301	2608	2747	2846	2904	3364	3391	3503	3704	3719	3743	3873	3901	3959	4096	4379	
110	309	484	751	776	796	859	983	1273	1454	1605	1688	1753	1967	1970	2046	2069	2348	2371	2447	2496	2879	2953	3099	3173	3256	3381	3548	3721	3768	3828	3954	3959	4170	4201	4298	4412	4464	4488	4652	4732	4749	4831	4842	4851	4859	4861	4867	
96	320	563	744	1242	1299	1789	1812	2219	2288	2431	2641	2656	2769	2813	3592	3605	3640	3660	3837	
637	793	981	1079	1863	2157	2269	2380	2602	2605	2652	3017	3080	3110	3146	3404	3490	3666	
86	601	660	726	812	1091	1258	1735	2034	2073	
30	122	233	420	437	557	590	598	626	666	680	731	748	786	791	1198	1531	1638	1704	1858	1870	2100	2207	2229	2253	2389	2534	2702	2830	2861	2868	2939	2985	3033	3092	3098	3127	3305	3384	3459	3637	3688	3979	4034	4101	4141	4246	4460	4463	4634	4639	4829	4832	4860	4914	4944	
198	278	603	716	895	950	1011	1701	1815	1965	2011	2334	2526	2832	3159	3163	3285	3334	3770	3876	3877	3879	3910	3998	4026	4065	4326	4328	4408	
