1	167	344	515	870	986	1008	1262	1519	1584	1731	2182	2269	2444
13	467	508	607	610	734	772	933	1027	1220	1230	1820	2058	2319	2526	2570	2645	2675	2737	3270	3355	3808	3988	4106	4173	4333	
130	279	484	688	700	903	1012	1173	1289	1610	1694	1696	1837	1932	2336	3322	3331	3471	3488	3920	
81	103	129	407	464	594	1417	1500	1556	1839	2224	2404	2577	3162	3241	3400	3550	
184	348	828	1287	1366	1458	1530	1555	1571	2012	2189	2353	2382	2813	
298	341	352	1043	1352	1572	1980	2086	2329	2606	3033	3049	3117	3182	3183	3222	3278	3330	3354	3399	3774	4043	4104	4215	4278	4339	
62	85	357	365	745	849	1170	1273	1606	1648	1652	1679	1743	2307	2586	2838	3013	3083	3242	3289	3401	3406	3408	3410	3470	3613	3991	4882	
67	811	874	979	1231	1381	1814	1894	2051	2094	2115	2236	2334	2452	3081	3104	3427	3549	3553	3556	4035	
696	699	724	1308	1394	1508	1605	1688	2171	2238	2515	2634	2725	2923	3318	3527	3542	3598	3667	
153	525	805	882	1455	1653	1812	2024	2446	2558	2711	3067	3175	3218	
274	330	387	911	949	1123	1169	1314	1350	1569	2081	2864	2941	3045	3155	3221	3497	3635	3688	3694	3747	3759	3787	3949	4014	4243	4297	4379	4463	4477	4489	4620	
172	236	271	272	343	927	1221	1453	1591	2073	2092	2552	
87	114	143	146	336	477	631	858	1018	1098	1251	1353	1403	1414	1479	1793	1885	1918	1927	1996	2038	2041	2216	2299	2522	2597	2610	2798	3010	3040	3047	3157	3327	3369	3448	3493	3837	3883	3931	4049	4203	4303	4350	4380	4408	4413	4443	4448	4617	4673	4874	4875	4881	4937	4942	4954	
28	381	491	534	686	715	1142	1205	1207	1351	1387	1449	1463	1595	1690	2052	2104	2348	2386	2439	2472	2480	2512	2622	2681	2912	2955	3120	3273	3306	3474	3476	3492	3671	3673	3872	3932	3982	4012	4115	4210	4214	4271	4349	4419	4763	4772	
17	169	255	267	394	703	785	807	824	895	918	924	1062	1085	1206	1212	1521	1564	1700	1741	1784	1974	2004	2075	2100	2102	2136	2227	2232	2245	2377	2393	2405	2413	2459	2508	2699	2796	2812	2918	2921	2946	2971	2991	3019	3166	3495	3552	3559	3637	3657	3659	3720	3744	3775	3814	3873	4005	4048	4102	4107	4158	4216	4252	4410	4521	4550	4719	4738	4829	4960	4969	4974	4979	4994	
96	111	278	468	528	747	749	782	826	1083	1563	1708	1774	1910	2156	2185	2253	2592	2884	3033	3079	3233	3383	3421	3672	3760	3845	3903	3911	3937	3970	4111	4148	4235	4406	4462	4474	4614	4671	4720	4895	
63	157	235	268	404	520	591	606	618	720	728	960	1053	1059	1109	1229	1257	1510	1956	2017	2333	2411	2422	2507	2671	2730	2959	3054	3295	3459	3461	3607	3812	3945	3980	4045	4064	4175	4238	4301	4324	4401	4619	4621	4676	4736	4921	
119	229	314	498	640	666	675	759	850	1487	1597	1832	2232	2322	3141	3377	3528	3594	3700	3766	3918	4169	4177	4189	4241	4264	4928	
59	277	297	379	381	722	730	739	925	1084	1146	1236	1359	1370	1382	1494	1614	1747	1979	2025	2267	2311	2389	2489	2591	2703	2896	2927	3052	3320	3332	3453	3457	3462	3538	3571	3672	3682	3712	3950	3968	4032	4060	4141	4171	4275	4404	4543	4603	4683	4784	4819	4842	4878	4902	4915	4922	4927	4985	
80	825	884	951	1157	1281	1342	1536	1629	2361	2567	
8	85	178	182	226	368	533	553	585	620	623	697	711	783	827	1039	1050	1090	1100	1133	1259	1269	1297	1315	1440	1565	1687	1751	1928	1951	2176	2346	2441	2651	2855	2905	2964	3129	3159	3179	3216	3313	3315	3316	3434	3496	3701	3788	3844	3919	3941	3955	4083	4129	4162	4178	4280	4318	4442	4472	4558	4564	4618	4642	4647	4715	4751	4766	4796	4809	4839	4857	4907	4932	4941	4950	4962	4977	
251	321	632	676	862	987	1780	1855	2127	2285	2287	2372	
97	181	397	430	873	1389	1737	2436	2589	2618	2898	3056	3388	3432	3532	
463	706	957	1239	1325	1557	1600	1975	2064	2434	
61	363	384	773	848	1291	1305	1452	1576	1917	
208	227	486	1616	2070	2140	2321	2539	2575	2667	2766	2825	2854	
557	829	1060	1130	1566	1656	1816	1902	2123	2212	
124	283	539	570	818	844	1007	1216	1658	1761	1834	1899	1949	2035	2229	2482	2573	2596	2683	2893	3009	3149	3420	3554	3564	3608	3925	4085	4366	
180	500	709	1079	1361	1372	1483	1592	1866	2328	
36	317	523	551	660	684	786	919	931	1004	1024	1063	1132	1195	1399	1693	1723	1783	1838	1872	1913	1963	1994	2144	2195	2291	2296	2327	2451	2588	2637	2776	2842	2948	3033	3177	3178	3255	3366	3467	3544	3579	3723	3742	3803	4050	4143	4195	4207	4217	4400	4447	4493	4506	4557	4742	4775	4780	4787	4801	4837	4871	4918	4971	4973	4981	4983	4988	4993	
40	113	131	179	215	315	519	626	755	809	877	930	1149	1282	1371	1446	1601	1645	1742	1882	1895	2264	2384	2477	2569	2639	2888	2973	3037	3101	3127	3145	3415	3422	3599	3600	3604	3716	3862	3878	3926	3927	3990	4132	4160	4244	4397	4519	4544	4640	4652	4678	4847	4909	4912	
128	186	241	260	371	381	950	954	1037	1046	1327	1367	1475	1641	2342	2632	2948	3136	3158	3171	3367	3447	3693	3890	4180	4213	
24	39	138	280	393	436	966	1087	1093	1713	1762	1819	1955	2050	2453	2613	2670	2861	3102	3256	3299	3335	3345	3513	3706	3942	4246	
199	230	326	334	470	574	754	769	926	958	1009	1047	1538	1574	1736	2058	2114	2170	2220	2255	2686	2795	2824	2870	2939	3022	3057	3250	3309	3346	3396	3879	3899	3976	4042	4113	4123	4161	4233	4282	4418	4455	4575	4605	4634	4666	4669	4680	4688	4753	4773	4822	4843	4853	4862	4864	4904	4919	4946	
9	190	224	409	914	968	982	1105	1164	1432	1769	1781	1788	2058	2705	2789	2856	2884	2897	3034	3263	3710	4137	4218	4253	4260	
412	488	907	1006	1041	1161	1182	1284	1294	1346	1442	1782	
35	389	472	522	605	940	1145	1905	2057	2538	3015	3016	3039	3105	3375	3397	
52	216	248	301	323	425	437	440	443	613	645	681	795	831	978	1064	1073	1271	1306	1335	1348	1386	1407	1434	1701	1847	1887	1898	2159	2448	2529	2546	2607	2715	2935	2941	2968	3248	3257	3328	3340	3361	3402	3450	3522	3537	3578	3624	3788	3933	3985	4130	4140	4154	4164	4242	4315	4327	4332	4360	4419	4509	4541	4559	4576	4651	4887	4888	4892	4896	4900	4920	4940	4967	4992	
319	490	1357	1589	1760	1842	1854	1888	1925	2067	2133	2460	2471	2494	3058	3619	3696	3727	
197	303	731	744	845	909	1153	1211	1251	1828	
7	246	253	257	259	366	941	1074	1422	1668	1807	1990	2010	2240	2261	2302	2303	2549	2630	2680	2708	2729	2759	2944	3231	3575	3715	3717	3835	3874	4003	4023	4029	4139	4183	4208	4240	4420	4511	4542	4555	4668	4679	4699	4740	4764	4849	4861	4891	4910	4911	4923	4924	4989	
4	579	693	866	1184	1456	1485	1833	2061	2091	2495	
2	24	264	360	635	718	990	993	1010	1143	1251	1306	1344	1649	1650	1960	2355	2826	3017	3232	3504	3558	3561	3573	3751	3764	3801	3811	3912	3963	4066	4081	4097	4312	4319	4367	4454	4473	4487	4536	4721	
51	435	465	514	580	639	779	890	995	1329	1489	1938	2083	2495	2536	2555	2647	2829	2931	2945	2952	3150	3641	3828	3834	3951	3965	4181	4287	4342	4490	4500	4532	
26	285	328	411	473	505	521	766	839	953	1061	1075	1397	1430	1448	1450	1492	1514	1531	1533	1664	1686	1733	1763	2079	2107	2270	2293	2554	2636	2727	2787	2887	2904	2979	3053	3062	3098	3128	3261	3357	3481	3631	3633	3707	3790	3840	3891	3916	3936	4002	4024	4088	4124	4151	4189	4193	4206	4329	4335	4374	4381	4589	4615	4737	4759	4760	4779	4810	4831	4863	4867	4873	4889	4898	4961	4984	
118	192	198	309	428	438	647	672	880	913	1110	1217	1243	1250	1315	1415	1667	1811	2076	2090	2121	2146	2222	2275	2378	2380	2390	2447	2476	2527	2571	2738	2957	3134	3245	3286	3511	3587	3623	3669	3861	3978	4067	4071	4320	4330	4539	4556	4568	4578	4600	4607	4643	4703	4743	4905	4930	4966	
99	597	602	726	802	912	989	1522	1852	2069	2234	2276	2620	3163	3287	3653	3816	3823	3906	
203	627	846	1174	1201	2246	2289	2428	2664	2753	2754	2791	2853	3146	3344	3386	3404	3520	
3	191	312	381	503	900	902	941	1058	1390	1400	1730	1859	2250	2254	2385	2409	2455	2533	2580	2608	2611	2655	2810	2841	3029	3069	3187	3486	3708	3758	3763	3876	3884	3930	4232	4402	4481	4516	4587	4655	4665	4781	4782	
14	50	68	175	667	1001	1045	1067	1188	1410	1478	1636	1786	1900	2055	2154	2232	2279	2354	2415	2563	2585	2638	2835	2838	2941	2942	2958	2992	3301	3425	3569	3570	3574	3628	3783	3794	4122	4167	4393	4441	4456	4510	4598	4675	4783	4789	4795	4884	4928	
22	517	942	1129	1242	1794	2014	2268	2435	2728	2751	2837	3066	3156	3452	3521	3526	3793	3817	3969	4006	4020	
116	382	396	418	673	920	1034	1077	1202	1253	2077	2202	2676	2775	2859	2884	3212	3677	3736	3752	3770	3857	
32	34	138	187	286	307	423	493	499	556	619	626	742	748	762	815	837	939	976	977	1413	1550	1823	1944	1948	1954	1978	1985	2019	2030	2033	2190	2260	2406	2479	2665	2779	2788	2894	2913	2929	2950	3085	3088	3133	3140	3254	3333	3394	3437	3446	3525	3584	3662	3666	3786	3864	3904	3977	4031	4141	4247	4261	4313	4370	4398	4412	4482	4523	4563	4602	4632	4644	4701	4707	4755	4814	4938	4996	
598	648	1235	1255	1406	1490	1809	1856	2203	2215	2330	2800	2857	3260	3398	
29	171	347	429	682	860	863	1032	1152	1181	1338	1602	1671	1704	1712	1908	2008	2039	2058	2068	2219	2456	2502	2619	2698	2771	2833	2868	3036	3213	3246	3262	3379	3387	3648	3753	3947	4016	4036	4126	4191	4248	4288	4345	4403	4597	4639	4670	4690	4705	4769	4836	4844	4846	4848	4944	4956	4965	4973	4975	4982	
92	416	451	526	801	1549	1623	2049	2060	2063	2066	2109	2150	2172	2205	2232	2343	2364	2469	2478	2514	2553	2649	2663	2815	2844	2903	3004	3005	3075	3153	3207	3251	3342	3371	3487	3593	3831	3839	3868	3869	3934	3944	4010	4041	4078	4159	4307	4440	4467	4469	4503	4507	4552	4572	4610	4624	4709	4761	4823	4828	4841	4854	4856	4976	4990	
30	100	189	376	641	892	1048	1332	1362	1469	1524	1754	1790	1848	1936	2128	2160	2283	2294	2349	2357	2399	2440	2875	3021	3288	3719	3797	4008	4054	4190	4200	4560	4896	
142	160	161	391	454	459	505	674	964	1029	1288	1466	1573	1599	1644	1729	1767	1868	1877	1971	2350	2383	2672	2731	2760	2774	2801	2809	2817	2819	2840	3035	3112	3652	3788	3880	3900	3922	4153	4186	4192	4284	4445	4547	4612	4702	4770	
94	139	173	270	304	928	985	994	1111	1189	1441	1476	1504	1818	1851	2078	2153	2487	2513	2524	2599	2820	3466	3492	3634	3784	3847	4144	4285	4382	4453	4471	
135	316	727	965	992	1405	1581	1628	1637	1659	1691	1740	1798	1940	1976	2018	2097	2098	2603	2936	3111	3203	3229	3405	3418	3442	3492	3517	3713	3818	3913	4040	4079	4411	4480	4630	4638	4654	4660	4700	4713	4765	4790	4921	
38	158	207	310	770	872	1002	1081	1392	1586	1593	1685	1827	1876	1966	2047	2157	2483	2484	2544	2843	2909	2975	3228	3247	3253	3485	3585	3698	3711	3810	3901	3954	4021	4047	4131	4212	4378	4426	4486	4488	4667	4711	4718	4724	4767	4799	4816	4835	4850	4880	4908	
537	611	945	1391	1516	1594	1670	1725	1745	1806	2169	2256	2481	3103	3130	3436	
20	108	238	305	510	784	1155	1401	1437	1624	1681	1697	1890	1964	2106	2186	2391	2454	2537	2578	2688	2986	3190	3349	3566	3679	3798	4095	4125	4196	4495	4562	4609	4705	
78	117	219	335	447	482	509	652	875	984	1091	1215	1228	1301	1356	1384	1471	1638	1669	1982	2140	2288	2335	2477	2557	2695	2714	3123	3236	3399	3412	3498	3789	3815	3958	4062	4223	4234	4432	4491	4546	4697	4730	4768	
466	853	944	1506	1950	1992	2020	2457	2503	2685	2704	3788	
109	258	306	370	374	704	765	843	974	981	1378	1465	1468	1472	1560	1937	2151	2178	2313	2344	2397	2416	2491	2517	2742	2765	2827	2874	2907	2919	3030	3070	3092	3356	3979	4147	4168	4219	4269	4298	4497	4684	4687	4729	4733	4744	4797	4808	
86	318	414	485	725	871	1339	1891	1998	2243	2541	2702	2749	2933	3167	3181	3268	3750	3780	4147	
18	223	638	1165	1247	1258	1420	1853	2015	2177	2206	2450	3490	3509	3576	3596	3644	
88	152	193	250	311	449	452	543	643	708	729	1026	1056	1240	1369	1431	1923	2124	2147	2273	2398	2562	2564	2617	2750	2937	2966	2984	3003	3068	3193	3530	3595	3771	3877	3901	3967	4089	4103	4176	4391	4394	4424	4430	4515	4537	4594	4628	4830	4833	4893	
44	361	426	741	1208	1268	1302	1324	1715	1942	2315	2821	4973	
105	162	249	293	392	608	694	779	867	1035	1119	1203	1251	1267	1279	1502	1931	2112	2201	2218	2534	2652	2697	2772	2863	2886	2965	2972	2988	3018	3138	3324	3416	3482	3590	3650	3702	3827	3962	3964	4030	4067	4211	4224	4225	4322	4348	4479	4525	4533	4608	4714	4722	4727	4750	4758	4786	4807	4858	4859	4860	4876	4890	
372	621	832	856	901	922	934	1071	1252	1331	1850	2164	2295	2545	2646	2783	2977	3126	3165	3168	3286	3302	3535	3795	4025	4072	4090	4202	4267	4316	4433	4478	4510	4585	4616	4623	4657	4717	4728	4734	
11	735	822	1280	1544	1663	1711	2048	2306	2332	2443	2763	3074	
505	1038	1429	1590	1682	1719	2028	2029	2071	2120	2488	2643	2781	2871	2934	2962	3326	3683	3832	3842	3915	3959	4138	4209	4882	
71	406	495	628	669	808	1011	1106	1114	1128	1171	1252	1310	1328	1642	1702	2197	2274	2381	2490	2762	2953	3027	3430	3555	3676	3692	3800	3866	3992	3994	
43	104	232	373	678	767	932	1220	1511	1787	1789	1999	2345	2504	2644	2862	2873	3122	3531	3737	3809	3821	3923	4033	4046	4145	4220	4277	4352	
79	82	358	405	736	804	1416	1676	2093	2310	2433	2525	2528	
141	205	1224	1252	1326	1803	1907	1947	2006	2604	2627	2744	3011	3038	3372	3411	3480	3621	3894	
60	127	450	664	1265	1622	1633	1683	2056	2217	2320	2347	2362	2464	2656	2770	2901	2996	3206	3308	3479	3691	3722	3961	4065	4117	4263	4369	4429	4492	4517	4535	
15	57	76	102	299	403	453	462	487	679	753	797	935	1020	1138	1333	1486	1537	1674	1813	2196	2221	2282	2624	2633	2682	2828	2902	2915	2938	2965	3119	3170	3172	3352	3449	3484	3548	3687	3734	3820	3860	3972	3995	3997	4067	4120	4221	4306	4365	4458	4561	4649	4674	4691	4726	4748	4953	4955	4963	
433	469	479	492	567	1278	1283	1585	1797	1864	1958	2197	2207	2316	2516	2881	2969	3360	3381	3746	3819	3921	4039	4184	
19	353	434	820	959	975	999	1292	1433	1461	1603	1612	1636	1684	2369	2414	2470	2584	2631	2836	2895	3023	3208	3239	3358	3565	3586	3678	3785	3813	4001	4009	4013	4198	4336	4554	4973	
54	84	126	424	439	540	629	644	668	771	832	1459	1748	1896	2301	2486	2509	2657	2690	2720	2849	3142	3148	3280	3516	3540	3638	3643	3690	3778	3848	3981	3983	4022	4179	4197	4295	4326	4484	4494	4723	4725	4749	
83	123	234	240	300	400	596	633	677	719	881	941	1021	1065	1148	1168	1175	1210	1238	1298	1481	1529	1543	1559	1636	1666	1766	1840	1983	2021	2187	2210	2272	2370	2518	2595	2648	2785	2906	2948	3138	3189	3256	3286	3297	3314	3390	3617	3647	3651	3731	3946	4018	4136	4249	4299	4317	4354	4375	4423	4438	4483	4527	4531	4565	4588	5000	
125	401	457	713	1005	1103	1176	1220	1260	1512	1657	1677	1692	1752	1764	1785	1867	1945	1965	2223	2233	2292	2379	2402	2431	2461	2739	2793	2908	2924	2928	3050	3084	3143	3173	3264	3285	3294	3325	3492	3529	3547	3627	3738	3768	3781	3806	3830	3896	3905	3908	3909	4070	4174	4228	4231	4265	4293	4302	4305	4340	4522	4524	4586	4633	4657	4704	4706	4793	4798	4868	
555	764	779	840	1457	1528	1824	2113	2117	2125	2179	2427	2696	
338	634	936	1036	1214	1340	1460	1775	1778	1846	2116	2145	2401	3240	
25	145	496	578	646	710	778	796	836	855	869	917	1080	1183	1404	1831	2495	2691	3033	3048	3145	3147	3225	3237	3514	3534	3539	3563	3645	3718	3893	3917	3996	4268	4279	4289	4435	4570	4661	4989	
345	427	593	656	905	971	1052	1094	1303	1609	1718	1941	2166	2208	2363	2410	2462	2713	2752	2818	2954	3107	3110	3215	3307	3663	3833	3898	4086	4346	4449	4485	4549	4573	
244	386	431	662	878	1295	1495	1509	1561	1580	1621	1799	1865	2011	2034	2304	2625	2679	2768	2892	2930	2967	3094	3458	3501	3581	3618	3684	3779	3863	3865	3940	4237	4239	4250	4256	4270	4308	4323	4637	4646	4774	4791	4882	4921	
55	138	287	599	1102	1343	1376	1821	1922	1967	1977	2251	2412	2743	2879	2899	3224	3431	
231	265	346	529	813	1070	1178	1246	1822	1935	1995	2089	2280	2326	2662	2669	2684	2980	3389	3523	3709	3901	4229	4705	4928	
148	195	458	489	584	740	763	777	1179	1647	1722	2053	2132	2926	3090	3200	3515	4620	
24	600	737	756	952	1226	1539	1673	1726	2135	
93	266	446	1254	1445	1582	1587	2204	2209	2338	2747	2858	3071	3072	3211	3615	
140	202	364	546	695	738	1277	1411	1926	1946	2110	
218	422	483	504	544	998	1163	1515	1755	1912	2395	2396	2806	3341	3373	3445	3472	3614	
6	89	399	444	687	906	1285	1654	2005	2199	2421	2653	2732	2922	3151	3286	3451	3582	3705	3953	4108	4114	
538	562	879	1194	1526	1663	1893	2119	2262	2308	
41	243	245	589	691	1066	1841	1953	2504	4419	
66	132	616	701	789	894	1016	1542	1986	2040	2473	2475	2531	2746	3610	3629	3732	3881	3892	3895	3929	4017	4149	
281	445	524	1296	1365	1474	1541	1709	1817	2314	2358	2432	2466	2706	2805	2811	2877	2995	3064	3093	3096	3113	3160	3265	3399	3512	3572	3675	3695	3724	3762	3802	3822	4061	4141	4156	4172	4182	4273	4296	4427	4466	4591	4648	4695	
37	138	176	292	420	512	536	541	876	883	1219	1443	1759	1772	1829	2036	2281	2341	2500	2687	2694	2850	3051	3118	3214	3291	3477	3601	3609	3654	3730	3748	3924	4134	4245	4364	4377	4389	4882	
27	120	275	497	595	689	705	1097	1134	1396	1454	1672	1734	1750	2022	3312	3339	3382	3407	3533	3859	3897	3914	4112	4257	4272	4309	
110	233	891	1120	1270	1419	1427	1588	1921	2046	2499	2551	2674	2710	2846	2965	2983	3042	3259	3279	3364	3435	3714	3987	4027	4399	4419	
47	85	164	211	657	692	1049	1185	1204	1209	1256	1426	1498	1717	1805	1808	2167	2181	2356	2572	2709	2851	2948	3348	3438	3510	3796	3843	3938	
64	329	604	622	626	788	790	997	1069	1088	1095	1162	1322	1364	1634	1858	2023	2085	2099	2118	2173	2192	2277	2407	2492	2582	2716	2847	2961	3174	3226	3439	3454	3506	3508	3588	3640	3743	3755	3836	3956	3993	4015	4055	4166	4230	4286	4421	4526	4622	4745	4826	4834	4896	4897	4901	4939	
74	121	295	663	1323	1732	1849	2013	2158	2374	2717	2794	2832	3044	3137	3429	
122	217	325	717	967	1311	1771	2095	2351	2496	2626	2660	2831	3269	
349	388	456	653	980	1355	1447	1651	1857	2065	2134	2142	2242	2368	2375	2600	2616	2865	2910	3002	3014	3138	3219	3227	3296	3329	3336	3363	3757	4011	4037	4038	4075	4101	4116	4150	4321	4405	4422	4436	4446	4475	4513	4620	4650	
154	201	378	625	1266	1379	1436	1451	1915	2258	
291	419	502	588	649	814	817	908	1089	1101	1117	1199	1360	1470	1640	1655	1716	1720	1757	1792	2016	2080	2087	2108	2225	2463	2504	2601	3169	3191	3266	3276	3414	3417	3568	3606	3725	3729	3949	4056	4100	4194	4347	4355	4384	4387	4396	4465	4502	4664	4705	4777	4877	
85	395	471	624	1444	1523	1548	1749	2168	2239	2286	2605	2982	
46	642	714	889	972	1044	1321	1421	1496	1562	1699	1738	1875	1973	2194	3082	3469	
239	432	532	547	626	835	864	941	1030	1040	1092	1160	1192	1213	1222	1312	1315	1393	1409	1507	1525	1698	1770	1796	1988	2088	2213	2493	2598	2757	2782	2823	2932	2997	3012	3192	3199	3201	3338	3350	3365	3499	3589	3611	3672	3735	3773	3871	3910	3966	3973	4087	4199	4292	4331	4425	4530	4629	4735	4788	4804	4832	
155	194	617	865	887	969	1198	1330	1336	1368	1661	1968	2161	2228	2252	2376	2523	2784	3154	3188	3353	3494	3772	3853	4044	4119	4337	4371	4450	4518	4520	
144	417	481	518	561	1127	1363	1777	1961	2032	2105	2139	2226	2367	2792	3065	3144	3210	3223	3855	3998	4034	4052	4074	4222	
170	340	359	398	568	612	665	775	776	810	821	893	899	910	1290	1318	1345	1408	1545	1678	1860	1920	1984	2175	2180	2231	2318	2417	2418	2530	2755	2767	2802	2878	2989	3106	3290	3292	3674	3824	3907	3928	4084	4152	4534	4582	4613	4656	4658	4663	4686	4746	4756	4818	4825	4885	4921	4926	4949	4991	
163	188	480	658	792	794	1042	1349	2200	2324	2506	2807	
269	559	1244	1835	1845	2031	2042	2193	2668	2764	2990	3076	3249	3303	3370	3483	
56	73	214	441	474	475	530	670	698	768	830	832	833	904	943	1107	1197	1264	1373	1477	1613	1779	1997	2002	2074	2130	2141	2430	2445	2510	2658	2700	2722	2797	2816	2838	2839	2860	2956	3000	3131	3152	3217	3304	3321	3323	3413	3567	3782	3826	3889	3939	3974	4058	4290	4304	4428	4431	4460	4468	4496	4581	4583	4681	4731	4811	4815	4852	4895	4925	4943	4959	
95	448	531	542	565	651	751	921	955	996	1096	1112	1223	1248	1484	1631	2420	2465	2504	2734	2951	3020	3109	3275	3283	3658	4109	4110	4118	4141	4274	4390	4395	4444	4459	4464	4498	4611	4696	4732	
72	75	313	707	799	1115	1135	1140	1180	1334	1385	1546	1575	1802	1934	2009	2298	2458	2474	2602	2621	2900	3008	3252	3267	3660	3665	3686	3704	3856	3886	4093	4194	4294	4372	4415	4514	4698	4895	
16	101	1015	1193	1423	1578	1969	2235	2259	2278	2437	2719	2852	3059	3121	4147	
115	367	575	780	868	947	1051	1710	1739	1795	1825	1906	1981	2211	2312	2614	2735	2974	3078	3311	3426	3440	3502	3646	3765	3829	3854	4155	4204	4226	4358	4551	4580	4596	4896	
222	237	535	545	832	988	1099	1104	1177	1274	1306	1383	1412	1505	1540	1627	1773	1826	1830	1883	1897	2174	2248	2583	2612	2640	2661	3007	3077	3244	3305	3456	3543	3664	3681	3721	3726	3767	3971	4105	4528	4553	4579	4813	4824	4895	4989	
58	573	857	962	1625	1970	2003	2266	2284	2511	2521	2548	2777	3409	4918	
252	506	761	888	1166	1358	1884	2101	2165	4657	
45	77	351	603	750	757	1108	1137	1191	1398	1402	1473	1480	1491	1560	1577	1608	1615	1635	1972	1991	2072	2244	2576	2581	2593	2650	2866	2889	3025	3097	3100	3116	3138	3235	3243	3256	3668	3670	3739	3852	4019	4051	4063	4119	4147	4185	4236	4251	4258	4311	4334	4359	4368	4631	4682	4708	4716	4739	4747	4931	4936	4998	4999	
294	571	841	1121	1306	1560	1663	1911	1929	2027	2197	2237	2520	2712	2780	3378	
133	228	288	308	615	1017	1418	1501	1632	1675	1705	1706	1843	1993	2084	2096	2129	2137	2183	2468	2542	2790	2830	2890	2981	3026	3080	3204	3256	3281	3374	3455	3541	3546	3597	3636	3639	3661	3776	3807	3989	3999	4007	4053	4157	4328	4383	4407	4599	4645	4757	4771	4812	4827	4934	4935	
383	527	680	732	1078	1263	1272	1987	2408	2642	2799	3006	3028	3197	3505	4119	4194	
65	552	587	793	1019	1425	1607	1862	1957	2037	2426	2495	2724	3145	
354	369	390	410	413	787	823	2000	2556	2733	2740	2786	2803	2978	3220	
150	273	630	803	1022	1513	1598	1611	1714	1909	2059	2257	
200	209	282	505	511	554	577	586	614	758	859	1000	1118	1122	1154	1156	1190	1377	1439	1558	1636	1660	1695	1724	1791	1870	1914	2001	2026	2442	2477	2485	2689	2736	2804	2867	2914	2960	3032	3205	3491	3562	3632	3733	3858	3960	4028	4128	4163	4189	4283	4392	4499	4548	4626	4694	4754	4778	4794	4820	4883	4945	4958	4964	4978	4986	4995	
12	42	134	136	174	254	337	516	564	581	834	896	961	1023	1055	1220	1245	1293	1871	1881	1889	2111	2140	2184	2214	2331	2337	2392	2467	2498	2532	2561	2635	2745	2845	2971	3089	3194	3195	3347	3385	3391	3433	3444	3460	3473	3655	3754	3885	4000	4068	4092	4094	4254	4310	4314	4344	4461	4595	4604	4625	4653	4672	4685	4689	4693	4792	4800	4806	4886	4913	4914	4916	4929	4947	4952	4989	
31	48	225	262	327	760	851	929	1013	1125	1227	1299	1488	1552	1861	1869	2162	2198	2305	2323	2505	2623	2629	2872	3087	3202	3359	3393	3423	3591	3689	3887	4281	4437	4476	4592	4641	4918	
156	204	261	290	331	408	455	548	560	583	661	712	842	847	886	963	1031	1057	1068	1172	1286	1300	1347	1499	1547	1596	1744	1800	1815	1879	1901	2138	2163	2191	2339	2423	2477	2550	2654	2880	2916	3132	3230	3284	3298	3317	3403	3465	3475	3489	3728	3769	3777	3882	3943	3984	4098	4133	4189	4300	4356	4363	4373	4409	4540	4571	4584	4785	4802	4805	4817	4968	4970	4980	4987	4997	
49	166	320	601	671	838	898	1482	1527	1551	1567	1626	1863	1886	1930	2197	2609	2891	2940	3234	3384	3468	3507	3551	4076	4082	4357	4361	4928	
137	212	221	333	569	659	743	779	1028	1147	1186	1225	1237	1313	1617	1619	1643	1904	2387	2519	2543	2587	2677	2723	2741	3043	3063	3073	3277	3310	3368	3395	3399	3592	3625	3680	3841	4004	4259	4262	4385	4417	4501	4529	4590	4662	4851	4855	4865	4903	4917	
24	112	159	220	276	332	478	501	572	854	915	916	923	946	1054	1354	1380	1395	1467	1503	1520	1689	1735	1768	1939	1962	2045	2103	2188	2290	2403	2693	2884	2963	2965	3046	3086	3114	3125	3198	3282	3380	3424	3577	3685	3740	3846	3849	3867	3901	3949	3986	4077	4080	4099	4146	4188	4201	4205	4266	4291	4325	4351	4434	4439	4451	4452	4510	4636	4821	4870	4894	4948	
362	566	654	1126	1554	1746	1892	2297	2425	2628	2701	2769	
70	107	289	476	791	852	1136	1196	1568	2149	2247	2758	2999	3185	
91	185	355	781	885	1141	1919	1933	2155	2241	2352	2659	2778	3095	3184	
53	149	183	242	375	513	721	746	1003	1261	1276	1317	1428	1435	1464	1497	1646	2424	2566	2822	2834	3115	3139	3145	3196	3334	3351	3560	3603	3612	3616	3642	3799	3875	3902	4127	4276	4343	4362	4470	4510	4512	4606	4752	4803	
69	206	421	683	685	752	774	1124	1319	1375	1388	1532	1535	1560	1604	1639	1665	1916	2340	2497	2882	2970	3055	3825	4069	
168	576	1144	1187	1374	1765	1903	1924	2140	2148	2388	2535	2883	2985	3060	
415	897	1025	1151	1304	1553	1618	1804	1943	1989	2122	2126	2131	2366	2400	2547	2692	2920	2943	2971	3031	3041	3164	3392	3419	3792	4187	4416	4457	4505	
5	106	213	263	342	442	592	800	812	1167	1438	1707	1727	1728	1753	1874	2043	2265	2271	2540	2560	2594	2761	3001	3186	3319	3441	3443	3580	3605	3656	3697	3745	3935	3957	4026	4227	4255	4338	4508	4545	4567	4574	4635	4659	4762	4776	4838	
302	350	377	385	494	948	970	1218	1252	1959	2565	2568	2707	2925	2971	3108	3557	3761	3850	3975	
461	637	973	991	1082	1086	1139	1320	1534	2419	2590	2773	2947	2987	2998	3176	3620	3804	
33	147	210	356	402	816	1072	1241	1518	1878	
10	90	296	322	324	507	550	582	609	636	690	702	798	938	956	1014	1158	1309	1316	1337	1703	1801	1836	1873	2325	2371	2394	2438	2574	2666	2721	2848	3091	3124	3272	3376	3478	3583	3622	3630	3805	3851	3952	4091	4096	4569	4593	4692	4710	4845	4866	4869	4879	4899	4906	4933	
563	716	983	1249	1307	1462	1493	1517	1570	1663	1844	2152	2300	2309	2949	3099	3180	3300	3428	3536	3545	3602	3649	3672	4121	4165	4353	4386	4388	
380	733	819	1033	1116	1233	1756	1758	1880	1952	2044	2143	2263	2673	2718	2869	2993	3699	3703	3888	4620	
23	98	339	460	650	1113	1234	1315	1341	1776	2230	2365	2756	2838	3024	3061	3135	3209	3258	3271	3362	3503	3524	3838	4073	
21	165	196	247	284	558	590	655	723	806	937	1159	1232	1424	1579	1583	1630	1662	1721	1810	2007	2054	2062	2360	2429	2449	2559	2579	2678	2808	2814	2885	2976	2994	3238	3337	3343	3463	3464	3500	3518	3741	3756	3791	3870	3948	3949	4135	4142	4170	4194	4341	4376	4414	4538	4566	4577	4627	4657	4741	4840	4872	4951	4957	4972	
151	177	256	549	861	1076	1131	1150	1200	1275	1620	1680	2082	2249	2317	2359	2373	2501	2615	2641	2726	2748	2876	2911	2917	2941	3161	3274	3293	3519	3626	3749	4057	4059	4067	4119	4504	4601	4677	4712	4918