57	173	231	374	613	784	947	1235	1845	2047	2058	2068	2479	3131
79	125	151	230	332	705	727	956	994	1101	1466	1560	2290	2429	2546	2699	2991	3132	3168	3222	3709	3729	3902	3958	4110	4276	
172	245	725	971	1087	1169	1180	1352	1381	1398	1425	1581	1712	1750	2331	2526	2527	2954	3415	3836	
219	225	317	416	812	911	1322	1443	1967	2119	2412	2441	2837	3257	3425	3498	4999	
167	359	475	557	1016	1173	1190	1234	2040	2615	2620	2844	2876	2894	3130	3254	3329	
45	330	431	793	823	893	1842	2122	2151	2341	2626	2635	2762	2847	3022	3229	3537	3558	3760	3813	3818	3956	4252	4301	4344	4828	
145	162	165	191	278	627	630	864	1159	1550	1662	1700	1810	1938	2058	2124	2426	2859	2914	3038	3054	3108	3610	3615	3891	3892	3899	3971	
80	178	184	193	204	389	459	517	1289	1347	1491	1573	1582	1949	2166	2877	2953	2976	3952	3964	4039	
254	312	344	472	722	786	982	1052	1455	1660	1761	2095	2509	2659	3147	3180	3375	3567	3770	
138	1018	1557	1561	1575	1617	2044	2462	2907	2960	3026	3059	3188	4767	
268	274	287	431	471	550	884	1130	1268	1306	1548	1843	2039	2133	2568	2687	2758	2824	2859	3697	3758	3846	3924	4036	4068	4073	4097	4286	4327	4449	4497	4552	
73	131	177	383	621	1522	1796	1965	2002	2021	2717	2874	
139	175	227	502	538	643	657	688	696	762	895	1037	1073	1166	1290	1327	1363	1416	1499	1665	1680	1891	1910	1930	1971	2026	2105	2131	2535	2827	2915	2992	3035	3159	3321	3326	3377	3401	3492	3625	3776	3827	4010	4120	4267	4440	4563	4645	4729	4876	4882	4916	4919	4924	4932	4946	
171	462	564	589	706	735	1054	1280	1348	1594	1614	1665	1735	1744	1837	2187	2633	2751	2990	3021	3096	3264	3301	3626	3694	3807	3819	3889	3891	3983	4151	4287	4341	4405	4464	4465	4469	4551	4647	4667	4669	4691	4700	4736	4754	4764	4867	
33	81	113	162	273	360	413	415	433	572	646	862	892	907	909	914	942	1135	1282	1384	1459	1471	1625	1649	1731	1748	1765	1808	1821	1896	1922	1947	2113	2309	2498	2612	2706	2838	2841	2890	3019	3216	3256	3309	3312	3315	3347	3386	3394	3426	3455	3485	3494	3778	3865	3887	3900	3943	3960	4019	4085	4127	4219	4420	4563	4613	4757	4776	4871	4891	4902	4913	4917	4940	4989	
34	150	259	262	394	486	586	689	729	853	1199	1315	1382	1508	2146	2194	2342	2384	2848	2946	3040	3102	3176	3318	3407	3456	3598	3671	3674	3801	3803	3920	3927	4321	4386	4401	4491	4578	4648	4685	4753	
16	58	163	390	536	826	938	948	1307	1325	1369	1377	1383	1771	1892	1897	2020	2190	2585	2604	3211	3325	3343	3352	3516	3535	3606	3885	3919	3941	3967	4065	4327	4381	4460	4509	4529	4532	4556	4570	4666	4699	4733	4809	4852	4873	4999	
323	912	1111	1240	1392	1449	1454	1507	1515	1518	1543	1641	1833	2089	2508	2663	2720	2956	3125	3270	3410	3479	3649	3818	4254	4283	4451	
147	233	658	960	1034	1046	1107	1117	1141	1158	1284	1305	1401	1817	2028	2071	2297	2325	2359	2415	2574	2640	2655	2723	3091	3101	3115	3424	3497	3578	3659	3663	3771	3872	3901	3926	3959	4041	4043	4056	4128	4142	4190	4269	4378	4486	4499	4511	4552	4562	4618	4619	4676	4694	4711	4804	4839	4856	4925	
40	271	920	1064	1183	1595	2036	2219	2405	2590	4999	
6	159	211	306	331	567	742	905	968	1074	1075	1200	1245	1258	1276	1281	1332	1551	1566	1659	1716	1725	1772	1825	1839	1847	1857	1901	1914	1990	1992	2092	2153	2247	2271	2296	2338	2382	2407	2649	2785	2886	3060	3080	3221	3281	3373	3522	3540	3553	3582	3605	3848	3878	3932	4023	4054	4173	4194	4217	4277	4366	4374	4463	4470	4530	4546	4684	4692	4768	4807	4872	4897	4915	4941	4950	4968	4988	
114	200	352	623	666	1877	1959	2371	2531	2676	2729	4255	
321	380	1044	1856	1883	1961	2062	2298	2390	2456	2575	3137	3380	3438	4985	
28	157	292	342	890	1010	1937	1941	2200	3668	
155	307	308	430	561	945	1103	1530	4563	4736	
99	499	588	869	932	1340	1460	1535	2218	2556	2600	2969	3943	
19	201	629	976	1078	1285	1427	1887	2009	2049	
175	543	691	765	1035	1334	1861	1989	2035	2230	2294	2702	2943	3230	3233	3290	3478	3491	3520	3593	3687	3752	3876	3898	4131	4290	4327	4353	4924	
279	614	617	655	923	1335	1336	1852	2198	2320	
51	84	116	305	310	368	386	632	791	882	1008	1092	1114	1140	1209	1230	1244	1611	1629	1638	1674	1687	1777	1884	1957	1988	2058	2262	2439	2544	2569	2764	2850	2859	2872	2913	2923	2925	2951	2985	3136	3268	3341	3467	3496	3580	3581	3644	3706	3794	3834	3840	3873	3914	3947	3996	4034	4108	4235	4274	4398	4512	4538	4579	4665	4748	4833	4887	4997	
43	50	146	195	257	434	448	456	482	756	1372	1422	1809	1828	1835	1836	1944	2160	2212	2329	2419	2436	2545	2696	2979	2986	3042	3167	3278	3311	3387	3446	3487	3575	3703	3835	3987	3997	4159	4174	4177	4180	4275	4288	4300	4417	4489	4552	4571	4837	4857	4930	4931	4942	4972	
478	695	724	1148	1229	1511	1752	1788	1806	1840	1975	2064	2461	2524	2564	3006	3237	3434	3454	3501	3614	3715	3786	3860	4183	4873	
214	247	281	477	603	671	1041	1083	1572	1645	2563	2883	2988	3295	3313	3323	3383	3672	3872	3897	3948	3969	4044	4075	4079	4226	4292	
87	142	202	203	255	266	361	452	875	1056	1262	1559	1709	1710	1711	1749	1759	1879	1951	1997	2014	2107	2112	2286	2362	2384	2420	2787	2878	3003	3060	3084	3117	3150	3162	3194	3197	3380	3509	3604	3682	3810	3925	4086	4148	4197	4382	4391	4508	4510	4654	4703	4715	4821	4855	4901	4937	4945	4972	
133	284	295	450	523	808	861	1025	1085	1266	1342	1823	1863	1940	1999	2060	2289	2543	2746	3013	3249	3291	3571	3890	4202	4854	
293	399	571	801	822	913	1365	1812	1885	1902	2349	2867	
638	715	740	753	798	1108	1328	1493	1554	1911	2168	2365	2408	2566	2870	3399	
35	182	194	392	420	422	468	481	522	525	590	602	668	684	711	782	814	854	966	987	989	1058	1174	1188	1231	1331	1376	1467	1521	1729	1779	1918	2054	2066	2186	2243	2249	2351	2358	2583	2675	2707	2742	2866	2892	2993	3149	3245	3285	3302	3353	3391	3406	3645	3673	3865	3891	3911	4008	4016	4074	4121	4143	4161	4228	4309	4448	4475	4596	4624	4784	4875	4943	4977	4990	
215	409	454	852	1047	1414	1528	2093	2277	2309	2703	2975	3051	3310	3344	3470	3493	3744	
5	41	349	576	777	1300	1408	1860	2079	3857	
8	46	75	111	179	348	506	598	789	830	1003	1037	1144	1276	1278	1303	1432	1964	2122	2229	2514	2582	2637	2708	2828	2904	2916	3074	3293	3319	3574	3640	3648	3888	3982	4007	4020	4047	4147	4223	4256	4257	4372	4413	4458	4473	4583	4612	4637	4683	4793	4805	4886	4936	
3	631	810	1094	1156	1265	1382	1417	2114	2493	2756	
121	129	299	497	544	660	726	743	863	1055	1090	1249	1293	1490	1540	1740	1757	1784	1871	1903	1975	2222	2466	2711	2813	3219	3259	3411	3594	3852	3877	3995	4205	4236	4429	4451	4559	4627	4649	4702	4805	
290	326	435	741	770	843	1114	1439	1687	1734	1753	1820	1982	2007	2012	2396	2451	2490	2959	3194	3364	3545	3547	3620	3653	3795	3984	3990	4017	4094	4452	4477	4703	
36	73	175	491	504	755	820	919	1012	1017	1119	1153	1241	1286	1299	1351	1400	1704	1747	1874	1878	1905	1975	2003	2018	2031	2183	2345	2403	2823	2846	2887	2931	2947	3033	3046	3086	3112	3152	3189	3199	3414	3417	3444	3460	3517	3557	3576	3634	3737	3870	3886	4058	4244	4272	4347	4367	4459	4462	4524	4595	4599	4607	4700	4714	4717	4756	4758	4761	4904	4910	4926	4957	4972	4978	4982	4994	
26	218	252	406	505	930	978	1032	1037	1059	1640	1733	1942	2058	2084	2158	2236	2291	2338	2480	2579	2786	2814	2851	2898	2908	3011	3124	3288	3333	3338	3366	3378	3451	3617	3658	3684	3745	3845	3863	3882	4159	4166	4227	4237	4410	4461	4584	4617	4647	4701	4730	4763	4798	4835	4836	4967	4970	
12	73	112	600	968	1002	1022	1066	1763	1895	2033	2176	2259	2348	2542	2666	3382	3405	3519	
59	356	1000	1009	1712	1786	2030	2087	2159	2245	2319	2467	2598	2831	3138	3158	3163	3627	
58	343	397	425	739	788	809	836	931	996	1081	1157	1474	1706	1875	1904	2206	2416	2457	2491	2559	2578	2688	2763	2945	3328	3348	3525	3554	3591	3601	3632	3689	3707	3708	4027	4246	4305	4555	4620	4755	4781	4789	4813	
107	130	164	181	235	402	546	968	1038	1068	1120	1151	1227	1233	1389	1495	1533	1720	1807	1976	2118	2182	2188	2241	2278	2355	2768	2884	2989	3135	3282	3474	3612	3782	3783	3853	3917	3922	3972	4112	4561	4592	4623	4664	4806	4845	4848	4863	4888	4912	
662	700	795	851	1069	1147	1252	2167	2196	2401	2440	2789	2858	3031	3061	3109	3666	3669	3781	4038	4089	4140	
93	351	370	467	483	593	640	935	1489	1672	1676	1986	2083	2521	2928	2944	3196	3267	3320	3654	4042	4100	
37	118	148	228	263	372	473	539	549	587	620	719	959	1176	1186	1361	1469	1470	1583	1652	1683	1773	1789	1998	2073	2215	2248	2304	2430	2492	2557	2560	2833	2869	2924	3165	3241	3244	3261	3266	3332	3349	3559	3564	3590	3763	3800	3841	3851	3864	3867	4026	4042	4076	4078	4101	4111	4135	4201	4365	4444	4454	4456	4560	4626	4655	4678	4689	4697	4792	4797	4820	4840	4842	4869	4905	4938	4954	4979	
249	527	969	1382	1968	2474	2741	2854	3041	3128	3189	3305	3357	4159	4856	
18	175	446	635	647	761	821	1067	1138	1161	1345	1385	1387	1436	1442	1650	1665	1708	1926	2157	2177	2254	2399	2473	2576	2580	3076	3194	3201	3316	3317	3374	3548	3584	3702	3754	3806	3953	4028	4059	4331	4414	4451	4472	4522	4527	4616	4700	4744	4771	4826	4829	4851	4864	4873	4924	4927	4935	4939	4981	4984	
23	30	63	78	276	335	511	553	641	694	748	792	835	944	995	1330	1373	1410	1411	1589	1609	1634	1859	1931	1969	1996	2025	2106	2171	2303	2309	2411	2469	2554	2651	2669	2755	2830	2843	3036	3062	3178	3190	3214	3238	3399	3515	3665	3735	3764	4013	4072	4083	4126	4193	4195	4214	4409	4424	4606	4629	4647	4824	4956	4966	5000	
169	437	510	555	652	737	986	1239	1468	1524	1658	1946	1960	1999	2082	2191	2424	2448	2497	2511	2957	2972	3181	3437	3463	3468	3656	4134	4363	4421	4479	4504	4528	4588	
39	518	831	842	950	1084	1140	1164	1237	1423	1475	1542	1622	1827	1858	2061	2179	2310	2314	2425	2505	2618	2905	3445	3458	3738	3740	3793	3931	3961	4048	4138	4181	4215	4265	4323	4338	4375	4388	4445	4505	4634	4647	4710	4775	4838	4841	
62	207	265	371	841	1097	1323	1451	1620	1636	1729	1743	1824	1900	2174	2522	2700	2732	2748	3206	3399	3675	3973	3999	4040	4176	4389	4391	4446	4455	4502	4985	
103	186	285	528	594	730	1037	1272	1398	1463	1537	1546	1756	1841	1899	2154	2428	2435	2486	2705	2808	2977	3063	3172	3186	3284	3369	3441	3483	3495	3660	3929	3954	4024	4156	4169	4188	4203	4474	4539	4554	4567	4632	4659	
24	286	364	375	458	573	707	726	847	897	1083	1526	1584	1647	1726	1928	2078	2169	2185	2224	2225	2242	2246	2357	2418	2483	2624	2661	2826	3126	3166	3269	3539	3586	3599	3857	3872	3891	3940	4046	4051	4130	4146	4221	4271	4294	4358	4494	4541	4633	4636	4985	
7	1175	1271	1302	1382	1667	1701	1924	1970	2234	2338	2512	2679	3012	3127	3563	
65	76	746	797	952	958	1196	1238	1538	1665	1929	1972	2075	2145	2360	2648	2724	2873	2888	3044	3367	3448	3573	3732	3798	3901	4003	4032	4115	4123	4159	4171	4304	4441	
52	108	373	449	732	806	968	1292	1298	1395	1635	1695	1705	1800	1872	2001	2211	2335	2437	2529	2673	2695	2921	3047	3060	3094	3402	3543	3551	3556	3691	3739	3751	3809	4213	4222	4468	4657	4674	4700	4791	4803	4805	4918	
85	166	174	189	377	687	1162	1171	1438	1602	1870	3865	
88	123	128	251	298	324	387	400	417	465	624	726	924	1057	1317	1485	1864	2147	2270	2321	2327	2377	2539	2565	2646	2740	2895	3153	3536	3639	3668	3896	3910	3938	4050	4062	4114	4186	4250	4431	4483	4639	4682	4695	4712	4736	4827	4972	
106	509	529	533	1110	1210	1586	1793	1908	2067	2463	2657	2935	3217	3304	3322	3355	3465	3820	3838	
10	205	442	616	962	1071	1116	1371	1413	1496	1626	1995	2455	2484	2726	3119	3279	
162	277	424	764	781	799	832	1053	1125	1129	1213	1218	1287	1291	1593	1597	1697	1933	2238	2309	2332	2389	2528	2644	2645	2683	2839	3015	3027	3070	3289	3680	3767	3945	3994	4035	4216	4255	4263	4327	4430	4535	4557	4568	4569	4732	4808	4810	4846	4866	4877	
601	1023	1083	1198	1580	1819	2438	2868	3020	3028	3534	4828	4999	
134	226	232	419	532	753	818	834	901	1028	1452	1473	1565	1644	1738	1785	1794	1803	1917	1975	2056	2156	2306	2338	2364	2378	2464	2510	2536	2815	2910	2912	2962	2966	3092	3173	3486	3561	3637	3641	3724	3749	3821	3962	4185	4192	4224	4240	4285	4345	4411	4536	4553	4587	4601	4652	4762	4765	4814	4817	4884	4992	4998	
95	117	221	412	612	757	894	1059	1555	1665	1868	2323	2385	2386	2409	2596	2776	2864	2999	3008	3083	3105	3139	3210	3396	3560	3643	3676	3700	3701	4172	4225	4329	4335	4336	4348	4379	4434	4563	4854	
288	531	597	750	817	927	1177	1404	1440	2142	2571	2623	2735	
77	210	385	501	591	1114	1380	1397	1482	1519	1687	1818	2392	2728	2882	2911	3255	3336	3453	3533	3714	3822	3865	3874	4229	
542	676	693	758	815	827	928	1059	1251	1682	1813	2074	2535	2722	2902	3297	3395	3404	3508	3721	3774	3796	3943	3951	3974	4042	4045	4095	4312	4317	4361	
176	347	404	493	1043	1050	1178	1287	1359	1458	1510	1568	1656	1882	2324	2431	2682	2772	2885	2967	3335	3359	3514	3619	3718	3901	4061	4182	4364	
161	258	490	883	1406	1444	1888	1921	2111	2155	3055	4854	4985	
187	940	999	1191	1260	1631	1994	2081	2091	2184	2468	2739	2754	2942	2978	3549	3562	3638	3883	
150	681	803	967	970	981	1483	1509	1525	1571	1605	1610	1616	1673	1723	2285	2410	2538	3045	3262	3324	3345	3587	3692	3693	3727	3741	3918	3944	4090	4416	4450	
180	238	300	334	403	600	604	642	673	775	811	848	910	1109	1205	1220	1242	1484	1578	1598	1730	1919	1942	2080	2109	2228	2460	2494	2534	2558	2616	2737	2769	3090	3203	3465	3814	3830	3850	3916	3989	4014	4021	4033	4055	4099	4124	4133	4230	4261	4383	4671	4703	4750	4777	4802	4856	4889	4933	4969	
54	61	871	922	929	974	1562	1639	2126	2265	2387	2459	2547	2927	3110	3251	3633	3642	3955	4005	4060	4084	4093	4231	
49	464	485	584	754	1063	1077	1115	1118	1403	1487	1500	1604	1655	1768	1792	1956	1978	2041	2199	2208	2307	2765	3263	3337	3363	3565	3769	3831	3869	4091	4211	4306	4426	4581	4585	4661	
96	216	304	315	341	410	492	645	1104	1114	1312	1364	1646	1687	1719	1787	2272	2366	2470	2523	2613	2714	2791	2807	2822	3078	3151	3362	3550	3609	3636	3705	3734	3881	3901	3928	4096	4206	4291	4343	4385	4610	4681	
192	414	508	577	678	680	704	753	936	954	1276	1277	1574	1935	2037	2038	2181	2202	2252	2293	2346	2442	2660	2736	2832	2854	2933	3185	3226	3247	3346	3490	3596	3651	3686	3753	3777	3799	3833	3880	3887	4049	4242	4262	4270	4299	4328	4387	4404	4436	4466	4480	4492	4503	4706	4731	4734	4737	4796	4811	4834	4861	4874	4903	4918	4923	4996	
126	498	519	609	790	973	1160	1203	1215	1228	1547	1685	1766	1769	1932	1944	2006	2042	2099	2162	2207	2223	2253	2312	2343	2380	2533	2845	2856	2875	2903	2930	2982	3118	3340	3465	3499	3534	3607	3662	3667	3668	3688	3716	3742	3792	3818	3856	3859	3937	3965	4165	4255	4302	4349	4359	4361	4415	4438	4453	4465	4540	4590	4716	4749	4788	4849	4947	4955	4964	4965	
32	69	318	474	1339	1453	1762	1850	2070	2383	2548	2974	3097	
1099	1140	1143	1279	1465	1693	1702	1729	1862	1955	2149	2501	2662	3155	
316	350	487	585	824	1020	1246	1541	1545	1633	1707	1718	1849	2063	2110	2256	2284	2535	2632	2680	2685	2721	2738	3025	3208	3300	3399	3552	3884	3891	4037	4149	4232	4337	4342	4346	4525	4564	4577	4713	
156	168	213	303	379	574	578	677	1248	1283	1321	1576	1628	1782	1798	1801	1848	1916	1944	2148	2488	2552	2684	2694	3331	3455	3513	3646	3768	4069	4303	4392	4419	4523	
4	15	441	699	833	900	1033	1080	1318	1569	1664	1977	2052	2136	2309	2352	2667	2767	2929	3000	3010	3072	3075	3088	3103	3327	3384	3393	3443	3462	3872	3939	4080	4082	4102	4122	4132	4278	4282	4442	4519	4663	4774	4782	4787	
264	309	908	1136	1288	1304	1324	1712	1912	1984	2226	2376	2461	2519	2715	3258	3429	3868	
1029	1185	1273	1479	1974	2024	2152	2197	2314	2602	2606	2670	2809	3142	3397	3472	3506	3569	3602	3618	4116	4175	4180	4189	4204	
101	224	560	580	772	805	1353	1591	1608	2269	2551	2918	3484	3503	3711	3731	3865	4451	
438	648	1313	1424	1457	1648	1966	2117	3686	4361	
185	363	650	800	991	1065	1319	1438	1953	1985	2402	2697	3273	3275	3399	4924	
137	469	470	608	654	984	1243	1344	1746	1811	2535	
1269	1358	1362	1445	1553	1601	1637	1948	2116	2123	2634	3009	3034	3148	3430	3511	3512	4767	
495	513	521	721	736	877	1316	1412	1643	1713	1790	1832	1880	2221	2261	2313	2671	2680	2849	3174	3179	4465	
150	242	378	766	876	941	1007	1619	1661	1893	
58	256	336	479	507	545	855	1051	1100	1754	
358	447	752	802	926	979	1098	1128	1134	1301	1379	1402	1461	1505	2338	2749	2932	3143	3207	3534	3629	3966	4168	
135	376	421	753	768	925	1167	1418	1585	1588	2008	2029	2097	2299	2379	2384	2422	2485	2518	2733	2796	2961	2983	2997	3060	3144	3380	3416	3482	3595	3635	3647	3719	3757	3816	4144	4255	4433	4594	4653	4673	4736	4751	4873	4972	
92	94	243	297	327	366	955	975	1267	1360	1368	1942	2204	2263	2302	2549	2597	2775	2820	2994	3116	3141	3232	3398	3420	3442	3621	3726	3950	4088	4164	4170	4180	4310	4391	4423	4432	4495	4597	
716	1013	1154	1264	1297	1435	1587	1624	2128	2210	2213	2217	2305	2337	2347	2381	2471	2516	2642	2653	3339	3436	3825	4092	4295	4325	4350	
188	355	384	407	411	1195	1201	1255	1256	1263	1434	1549	1590	1829	1869	2450	2562	2586	3296	3531	3592	3686	3829	4260	4297	4354	4540	
9	89	516	565	661	670	726	1037	1504	1703	1854	2048	2053	2232	2235	2434	2535	2797	2950	3052	3192	3418	3608	3748	3872	3904	3977	4255	4397	
68	283	329	488	611	692	702	747	753	779	1079	1126	1329	2143	2180	2318	2454	2477	2619	2627	2629	2636	2652	2803	3075	3129	3134	3161	3235	3457	3505	3510	3668	3871	3942	4022	4117	4154	4311	4506	4516	4543	4545	4582	4662	4670	4705	4722	4724	4739	4746	4799	4805	4843	4928	4944	4999	
357	460	570	865	1140	1398	1532	1952	1991	2019	3056	3239	3252	3390	3422	3541	
301	466	708	749	1497	1498	1758	2288	2472	2502	2777	2996	3050	3182	
56	122	150	731	844	1106	1236	1370	1431	1478	1615	1627	1630	1776	1876	1962	2163	2353	2413	2461	2567	2790	3111	3120	3212	3294	3685	3722	3787	3849	3862	3968	4208	4212	4249	4289	4298	4316	4319	4478	4488	4574	4680	4786	4854	
71	90	423	556	933	1102	1204	1391	1670	1742	
109	269	333	517	872	896	997	1122	1152	1197	1212	1441	1570	1790	1795	1855	2011	2013	2237	2271	2339	2356	2482	2520	2532	2784	2792	2980	3039	3085	3183	3388	3504	3530	3681	3686	3747	3775	3791	3875	4029	4107	4118	4136	4198	4279	4412	4501	4576	4611	4677	4718	4743	
38	241	398	514	840	887	1294	1450	2101	2709	2710	2759	3818	
663	672	964	1070	1367	1657	1981	2055	2137	2517	2743	2861	2973	3114	3253	3403	3630	
431	517	547	554	592	618	619	637	885	961	1083	1090	1247	1270	1274	1456	1506	1717	1943	2005	2046	2122	2165	2250	2271	2273	2384	2504	2540	2625	2638	2650	2917	3017	3064	3476	3588	3736	3755	3805	3828	3903	3907	3933	4025	4106	4362	4368	4498	4558	4563	4614	4615	4679	4686	4690	4708	4745	4812	4896	4908	4976	
120	158	162	311	453	610	723	773	985	1040	1088	1090	1165	1390	1980	2010	2283	2794	2819	3058	3215	3342	3603	3743	3817	3866	3908	4009	4179	4273	4540	
100	596	651	669	860	963	1062	1149	1341	1378	1621	1865	1944	1993	2444	2605	2639	2788	3461	3546	3915	3923	3936	4125	4361	
29	199	260	418	426	512	582	664	780	839	1048	1155	1194	1225	1276	1295	1311	1374	1396	1464	1607	1678	1760	1851	1975	2016	2108	2251	2315	2394	2445	2481	2691	2779	2816	3104	3156	3280	3334	3376	3379	3400	3710	4011	4180	4187	4196	4622	4660	4698	4707	4801	4828	4862	4922	4934	4949	4960	4971	4983	
82	296	408	625	816	1398	1514	1873	2446	2589	2595	2656	
53	154	160	234	236	239	369	381	888	1357	1407	1409	1834	2065	2363	2859	
13	64	208	272	429	517	717	859	870	916	968	1011	1076	1083	1492	1544	1954	2115	2170	2372	2458	2506	2525	2591	2690	2829	2879	2934	2965	3200	3213	3299	3303	3389	3392	3534	3542	3600	3696	3854	3909	3946	3993	4113	4150	4238	4239	4315	4355	4356	4360	4496	4526	4534	4540	4586	4605	4646	4647	4704	4767	4794	4800	4818	4819	4828	4831	4870	4880	4920	4962	4980	
14	44	451	622	667	686	744	899	1049	1072	1142	1399	1447	1692	1867	2513	2713	2716	2778	2793	2812	3087	3202	3204	3287	3622	3733	3857	4139	4200	4241	4253	4399	4490	4518	4531	4542	4600	4638	4675	
115	581	738	778	874	1804	2220	2264	2268	2301	2308	2311	2572	2842	2897	2906	2964	3016	3067	3075	3351	3381	3385	3597	3761	3857	3943	4064	4103	4157	4220	4247	4327	4330	4427	4544	4628	4630	4696	
197	354	575	760	807	1133	1346	1714	1742	1963	2495	2515	2588	2970	2984	3002	
58	653	745	774	953	1059	1939	2045	2161	2370	2665	2922	3057	3075	3231	3242	3274	3421	3439	3449	3518	3566	3623	3686	3695	3847	4087	4129	4167	4191	4234	4314	4437	4467	4540	
1	110	220	240	328	340	496	763	796	1121	1253	1275	1287	1343	1527	1539	1567	1755	1780	1783	1802	1815	2077	2292	2610	2628	2672	2757	2836	3123	3423	3527	3572	3577	3631	3943	4077	4162	4210	4428	4482	4572	4573	4650	4741	4742	4772	
144	552	633	665	850	1232	1556	1699	1767	2391	2530	2593	3030	3082	3271	
685	873	1021	1024	1168	1516	1694	2088	2096	4465	
67	70	141	162	229	294	313	503	515	599	972	1172	1181	1206	1207	1221	1326	1354	1355	1486	1592	1728	1913	2130	2175	2205	2334	2417	2423	2753	2804	2854	2896	3018	3029	3146	3157	3169	3223	3224	3236	3450	3464	3489	3555	3650	3773	3824	3832	3970	3980	4322	4408	4550	4609	4687	4726	4740	4815	4816	4878	4898	4973	4974	
48	302	906	1688	1742	1898	1958	2120	2553	2573	3177	3205	3209	3272	3330	4180	
73	105	679	701	718	857	993	1015	1061	1261	1462	1741	1906	1934	2027	2266	2274	2336	2400	2760	2799	2801	2865	2881	2901	2919	3075	3220	3265	3358	3409	3413	3455	3526	3756	3772	3784	3811	3988	4063	4258	4268	4308	4361	4369	4384	4390	4439	4520	4537	4589	4608	4805	4899	4918	4952	
97	391	898	1520	1651	1722	1736	1745	2203	2489	3023	3024	3277	3314	3432	3477	3780	
244	703	902	1405	1420	1727	1826	2135	2507	2766	2773	2889	2891	3887	
22	267	282	563	946	1123	1382	1563	1596	1907	2173	2375	2963	2971	4703	
17	98	1259	1513	1737	1925	1944	2023	2314	2328	2465	2478	
86	338	440	489	530	579	709	1031	1086	1093	1113	1184	1356	1386	1472	1494	1632	1686	1742	1999	2057	2178	2281	2393	2395	2461	2555	2570	2693	2781	2783	2798	2968	3099	3243	3248	3370	3465	3466	3473	3480	3500	3839	4002	4071	4137	4178	4259	4281	4373	4425	4514	4548	4603	4604	4642	4644	4719	4770	4830	4853	4885	4895	4921	4951	4953	4987	
2	31	47	60	72	143	314	319	444	476	484	537	558	659	785	856	866	878	918	1019	1124	1187	1208	1211	1219	1223	1437	1481	1690	1764	1775	2129	2279	2398	2421	2452	2476	2537	2581	2712	2719	2926	2939	2940	2949	2995	3048	3060	3089	3154	3170	3354	3361	3371	3521	3524	3678	3712	3725	3785	3979	3992	4042	4141	4251	4280	4447	4552	4625	4643	4728	4735	4738	4760	4779	4881	4914	
250	405	443	656	828	951	1030	1202	1314	1333	1398	1732	1790	1799	1942	2043	2150	2240	2282	2317	2730	2821	2998	3198	3283	3427	3471	3728	3887	3913	3935	4004	4160	4284	4403	4668	4767	4856	
124	209	217	270	431	432	524	569	606	639	690	720	819	886	1005	1095	1222	1257	1276	1308	1393	1421	1428	1534	1606	1721	1830	1890	1950	2138	2209	2255	2314	2326	2368	2384	2404	2592	2622	2774	2805	2854	2862	3071	3073	3107	3171	3194	3227	3412	3455	3579	3762	3804	3912	3930	3949	3986	4000	4152	4333	4340	4357	4396	4407	4443	4507	4651	4672	4693	4844	4850	4883	4929	4948	4958	
222	289	431	698	771	794	858	988	1060	1531	1681	1729	2000	2058	2090	2192	2275	2427	2601	2607	2608	2744	2909	3433	3788	3837	4066	4218	4400	
170	206	322	455	605	674	710	891	943	965	1388	1448	1517	1642	1729	1923	1927	1983	2004	2022	2050	2122	2453	2461	2727	2853	2855	2900	3007	3140	3447	3534	3585	3759	3823	3843	3879	3991	4067	4248	4391	4393	4418	4549	4759	4778	4856	4879	4900	4906	4907	
58	149	152	337	494	535	649	904	992	1042	1112	1137	1170	1182	1320	1426	1438	1446	1669	1790	1915	2094	2139	2195	2354	2374	2541	2577	2664	2680	2689	2806	2899	2937	3113	3234	3350	3356	3475	3664	3698	3765	3808	3812	3887	3906	3975	4006	4042	4105	4266	4326	4339	4376	4465	4476	4485	4566	4631	4700	4703	4747	4780	4822	4859	4892	4894	4911	4924	4963	4975	4991	4995	
367	783	879	949	1150	1739	2017	2034	2144	2388	2499	2621	
600	615	787	934	1226	1309	1600	1724	2267	2692	3037	3069	3189	3307	
73	382	428	675	683	829	998	1004	1179	1920	1979	2333	2630	3260	3360	
280	325	534	559	566	697	868	881	889	1091	1114	1310	1438	1599	1679	2102	2233	2239	2295	2631	2795	2958	3122	3160	3193	3507	3528	3624	3677	3730	4109	4159	4245	4332	4351	4422	4484	4493	4500	4533	4547	4621	4720	4736	4766	
153	291	339	353	1036	1045	1536	1564	1663	1675	1687	2104	2276	2780	2936	2948	3306	3452	3789	3826	3858	3998	4199	4391	4918	
190	520	712	1668	1866	2140	2260	2300	2433	2614	2654	2734	3191	3276	3435	
246	253	439	457	813	990	1090	1250	1480	1579	1623	1712	1774	2244	2258	2280	2677	2698	2704	2834	3077	3081	3228	3440	3488	3570	3583	3628	4233	4406	
55	275	345	396	480	540	562	568	825	1006	1096	1139	1140	1503	1698	1791	1844	2032	2086	2214	2227	2257	2367	2369	2432	2678	2686	2731	2782	2863	2987	3001	3043	3189	3428	3465	3538	3779	3895	4098	4457	4481	4575	4635	4727	4823	4825	4858	
25	713	867	980	1059	1216	1296	1438	1805	1945	2100	2361	2587	3065	3066	3240	3652	3842	3861	4828	
734	849	915	1224	1337	1430	1512	1654	1853	2134	2860	3004	3544	3657	3670	3679	3723	4873	
21	140	595	714	939	1214	1501	1653	2316	2561	
20	175	196	237	362	500	626	1027	1189	1287	1338	1375	1476	1488	1558	1677	1831	2125	2132	2330	2397	2406	2449	2503	2617	2761	2770	3005	3093	3481	3699	3720	3815	3855	3893	3901	4018	4052	4155	4163	4334	4370	4371	4380	4394	4395	4471	4517	4593	4688	4725	4773	4790	4860	4909	4961	
27	261	320	436	461	541	903	977	1105	1131	1287	1603	2216	2447	2668	2750	2818	2859	2920	2955	3175	3292	3459	3655	3790	3818	4081	4184	4209	
212	644	682	917	957	1090	1145	1429	1822	2098	2231	2373	2658	2811	3095	3380	3523	3589	3611	3668	4854	
83	150	223	804	1612	1770	1838	1881	1909	1942	1999	2172	2641	2725	2771	3053	3068	3133	3372	3419	3502	3661	3704	3766	3981	
11	42	183	365	393	463	548	551	583	600	838	846	1014	1026	1192	1394	1477	1781	1814	1816	2015	2051	2059	2121	2122	2322	2500	2611	2680	2810	2835	2840	2852	2857	2871	2880	3184	3187	3529	3713	3750	3797	4012	4296	4307	4487	4513	4521	4565	4580	4591	4640	4656	4721	4752	4783	4785	4795	4865	4890	4893	4918	4959	4986	4993	
74	91	102	119	127	198	445	517	526	776	880	983	1001	1193	1742	1778	1797	1973	2271	2340	2475	2647	2747	2952	3106	3164	3189	3195	3225	3532	3844	3894	3934	4057	4104	4153	4515	4602	4641	4658	4709	
104	136	248	395	751	767	769	1127	1684	1936	2076	2103	2550	2674	2718	2854	3121	3145	3431	3455	3683	3921	3963	3976	4207	4243	4293	4352	4402	4767	4985	
728	1132	1366	1415	1502	1886	2085	2141	2189	2487	2594	2680	2701	3194	3365	3613	3690	4552	
66	427	607	636	921	1217	1254	1419	1618	1691	1715	1751	1846	1987	1999	2414	2443	2584	2599	2745	2800	2893	3014	3218	3368	3469	3717	3746	3857	3957	3978	3985	4070	4145	4264	4313	4318	4435	4451	4598	
628	634	733	1039	1089	1523	1577	1689	1712	2069	2072	2164	2271	2314	2609	2981	3298	3308	3408	3568	3802	4031	4119	4158	
132	346	401	600	726	759	845	937	1146	1163	1349	1350	1433	1552	1613	1671	1790	1889	1894	2127	2201	2287	2344	2496	2603	2681	2752	2802	2825	2938	2941	3032	3079	3246	3250	3286	3616	3905	4001	4015	4030	4053	4320	4324	4377	4723	4769	4832	4847	4868	
388	837	1082	1529	1666	1696	2193	2350	2643	2817	3049	3098	3100	3380