569	769	1268	1682	1762	1895	2158	2397	2446	2580	2761	2870	2896	3202
27	29	34	344	461	885	918	1059	1130	1164	1315	1402	1657	2327	2478	2534	2938	3052	3136	3213	3398	3511	3632	4019	4028	4298	
137	472	517	625	728	1405	1729	1786	1888	1940	2128	2244	2255	2368	2632	2713	2835	3236	3929	4586	
9	76	113	134	343	644	997	1227	1231	1294	1390	1499	1962	2017	2233	2984	3071	
37	94	201	272	656	887	965	966	1037	1111	1175	1383	1496	1655	1750	1918	1931	2054	2164	2399	2472	2597	2968	3142	3243	3531	3536	3620	3643	3778	3831	3914	4129	4255	4579	
336	624	661	877	927	1110	1707	1844	2040	2130	2263	2408	2649	2663	2957	3203	3307	3580	3589	3851	4000	4138	4250	4348	4436	4939	
107	151	200	353	529	678	679	771	816	874	1176	1292	1305	1520	1797	1801	1863	2090	2340	2371	2466	3035	3053	3570	3661	3972	4047	4392	
65	182	567	702	852	1040	1046	1354	1428	1521	1884	2167	2168	2231	2581	3379	3491	3777	4026	4053	4421	
248	565	607	635	643	1335	1365	1662	1734	2047	2641	2773	2996	3043	3132	3237	3267	3546	3773	
693	946	979	1131	1613	1664	2019	2112	2185	2731	3144	3194	3219	3261	
36	214	394	516	602	840	879	898	914	986	1082	1102	1112	1228	1299	1364	1984	2495	2620	2763	3169	3192	3319	3364	3400	3753	3877	4143	4275	4291	4319	4479	
527	881	883	1013	1069	1219	1408	1832	1872	2020	2193	2246	
128	156	166	212	342	365	504	619	747	895	1056	1258	1598	1639	1747	1829	1837	1924	1970	2041	2089	2114	2182	2220	2227	2310	2559	2575	2601	3296	3461	3535	3549	3992	4042	4046	4163	4207	4341	4386	4445	4476	4481	4605	4615	4647	4739	4753	4825	4855	4862	4873	4882	4892	4938	4955	
40	199	256	279	321	366	691	790	981	1149	1170	1492	1611	1666	1702	1787	1866	2174	2191	2195	2295	2504	2662	2719	2995	3008	3169	3268	3353	3361	3397	3446	3638	3804	3828	3903	4230	4271	4277	4410	4459	4552	4578	4623	4691	4771	4972	
140	147	175	219	515	630	748	751	814	923	932	956	973	983	1289	1397	1636	1776	1818	1825	2037	2086	2175	2373	2388	2439	2451	2584	2631	2803	2862	2876	2950	2956	3050	3141	3160	3228	3331	3349	3377	3459	3512	3523	3561	3569	3649	3683	3752	3819	3824	3836	3900	3928	4011	4145	4170	4182	4317	4321	4457	4539	4568	4657	4746	4812	4815	4864	4971	4973	4980	4981	4983	4991	4998	
469	608	743	768	838	868	1266	1267	1343	1385	1393	1413	1575	1604	1843	1926	2022	2031	2363	2857	2928	2969	2978	3021	3185	3316	3485	3622	3643	3647	3761	3949	4210	4233	4295	4297	4418	4419	4551	4564	4661	
160	301	559	597	668	862	863	987	1100	1184	1395	1603	1704	1936	2108	2200	2516	2552	2590	2600	2728	2740	2747	3367	3429	3448	3606	3858	3863	3971	4058	4290	4327	4409	4430	4454	4466	4472	4490	4526	4546	4550	4623	4627	4697	4766	4777	
88	118	1136	1202	1217	1324	1349	1362	1568	1619	1862	1934	2138	2474	2565	2607	2668	2674	2790	2814	3193	3204	3650	3933	4063	4189	4302	
74	165	247	294	473	696	727	780	850	1023	1048	1072	1251	1344	1476	1530	1531	1552	1714	1716	1720	1774	1814	1836	1897	1948	2002	2065	2198	2273	2313	2345	2611	3159	3188	3303	3355	3387	3423	3503	3544	3650	3651	3729	3799	3837	3962	4078	4149	4226	4544	4558	4648	4684	4900	4903	4921	4950	4951	
99	486	506	638	1049	1977	2225	2320	2372	2464	2847	
23	153	212	233	254	270	289	331	382	424	433	445	531	548	552	700	746	788	824	917	1028	1032	1183	1204	1205	1225	1326	1330	1400	1669	1923	2095	2133	2134	2141	2254	2378	2486	2592	2750	2756	2931	3041	3082	3282	3602	3636	3680	3702	3703	3820	3833	3880	3911	3953	3957	4021	4027	4075	4086	4135	4154	4228	4248	4330	4332	4357	4436	4451	4485	4489	4519	4646	4774	4832	4872	4898	4944	
603	689	820	828	1088	1211	1295	1446	1877	2201	2265	2458	
757	969	1001	1340	1388	1495	1623	1658	1839	1902	2594	2911	3033	3351	3434	
738	869	1094	1148	1238	1359	1410	1464	1497	1883	
655	672	888	975	1298	1437	1560	1708	1928	2104	
204	369	928	1015	1026	1139	1593	2293	2461	2558	2596	2720	2837	
242	302	709	1373	1671	1764	1791	2014	2056	2238	
63	229	361	626	676	1409	1490	1559	1919	2276	2324	2456	2545	2549	2612	3036	3135	3240	3340	3389	3506	3519	3598	3862	3998	4054	4193	4333	4421	
277	489	1071	1421	1518	1550	1997	2280	2790	3667	
206	292	360	383	663	992	1038	1070	1411	1546	1641	1819	1834	1842	1964	1967	1976	2069	2300	2315	2538	2562	2804	2812	2836	2946	2987	3022	3034	3064	3433	3525	3573	3639	3659	3701	3736	3740	3815	3827	3873	3965	4004	4070	4073	4148	4183	4276	4315	4324	4401	4507	4530	4538	4588	4609	4617	4663	4703	4713	4742	4848	4857	4863	4881	4906	4915	4919	4960	
47	55	364	402	448	547	564	581	640	911	916	920	1003	1058	1355	1458	1703	1812	2170	2226	2299	2339	2412	2427	2435	2484	2528	2563	2589	2802	2819	3125	3220	3230	3595	3656	3743	3811	3856	3870	3944	4114	4147	4211	4285	4329	4344	4378	4524	4759	4829	4889	4905	4907	4921	
460	832	952	1062	1223	1304	1458	2216	2239	2467	2498	2953	3026	3061	3066	3150	3153	3334	3409	3440	3784	3816	3882	3895	4036	4179	
12	95	150	258	285	333	770	1074	1161	1470	1503	1535	1761	1795	2006	2007	2079	2189	2294	2799	2863	3045	3696	3734	4083	4093	4104	
41	207	260	265	267	404	623	708	1033	1044	1368	1369	1517	1813	1917	1988	2172	2222	2350	2475	2491	2510	2560	2695	2789	3017	3024	3037	3062	3184	3263	3272	3288	3391	3478	3582	3636	3643	3834	3904	4105	4186	4400	4520	4569	4635	4638	4657	4731	4785	4806	4813	4833	4834	4868	4902	4917	4975	4984	
53	105	167	180	436	1154	1208	1261	1635	1649	1672	1781	2181	2606	2650	2916	2980	3075	3585	3667	3793	3909	3964	4108	4109	4750	
69	115	475	754	766	1016	1508	1737	2155	2262	2421	2854	
86	315	580	806	821	1290	1384	1578	1626	1742	1757	2401	2450	2465	2672	3369	
138	197	267	306	375	468	584	803	823	853	1034	1078	1146	1162	1185	1353	1361	1426	1445	1640	1753	1908	1985	1992	2100	2237	2287	2527	2591	2619	2696	2830	2861	2991	3078	3126	3168	3232	3287	3326	3388	3559	3577	3578	3604	3633	3650	3672	3791	4051	4076	4141	4166	4238	4299	4318	4352	4353	4377	4408	4450	4480	4532	4613	4616	4719	4722	4745	4787	4846	4859	4896	4918	4927	4941	
146	347	601	639	1233	1333	1406	1576	1615	1617	2013	2116	2184	2437	2554	2919	3158	3256	
96	122	379	440	599	1061	1086	1173	1509	2308	
240	368	530	544	621	886	896	1415	1427	1545	1650	1706	1853	1920	2049	2224	2232	2362	2379	2531	2599	2692	2923	2973	2998	3004	3157	3171	3191	3323	3341	3357	3486	3579	3758	4098	4155	4188	4282	4304	4305	4360	4396	4502	4543	4545	4618	4673	4714	4717	4728	4805	4928	4937	
8	202	389	505	545	1334	1527	1852	2106	2188	2278	
70	310	439	732	756	817	870	897	976	1068	1133	1256	1286	1478	1914	2015	2094	2107	2229	2260	2305	2321	2449	2542	2683	2779	2975	3092	3404	3460	3610	3640	3676	3990	4090	4209	4340	4497	4572	4664	4676	
11	144	476	522	575	730	800	865	1396	1687	1705	1951	2005	2008	2046	2157	2249	3284	3418	3442	3444	3475	3674	3797	3950	4253	4261	4267	4364	4469	4580	4590	4594	
114	215	479	503	590	594	704	744	773	837	875	878	884	1036	1150	1199	1247	1320	1341	1570	1588	1594	1654	1660	1696	1804	1889	1915	2275	2351	2429	2469	2503	2628	2636	2726	2732	2969	3042	3274	3356	3421	3424	3451	3470	3473	3489	3587	3607	3729	3738	3749	4045	4107	4116	4194	4269	4312	4356	4366	4406	4461	4513	4595	4675	4716	4718	4786	4796	4800	4811	4820	4830	4871	4879	4914	4989	
14	58	195	224	304	307	410	441	534	550	903	1008	1084	1111	1180	1264	1538	1611	1643	1698	1772	1906	1956	1961	2153	2163	2166	2217	2502	2593	2640	2780	2885	2937	3102	3131	3200	3208	3255	3378	3390	3394	3438	3594	3881	4128	4164	4231	4468	4501	4694	4781	4836	4841	4870	4880	4932	4952	
413	423	442	612	1168	1234	1372	1463	1688	1987	2131	2179	2400	2462	2669	3281	3599	3658	3910	
1	246	339	481	789	872	921	964	1206	2533	2701	2759	3059	3107	3742	3795	4657	4713	
112	163	284	670	960	1123	1278	1572	1589	1749	1893	1963	2274	2312	2438	2512	2519	2721	2769	2792	2815	3030	3507	3508	3515	3529	3847	3857	3993	4079	4168	4218	4287	4339	4399	4462	4486	4531	4534	4537	4622	4636	4709	4762	
130	217	562	611	641	694	798	844	1014	1239	1262	1419	1541	1854	1899	1927	1975	2087	2171	2192	2210	2343	2700	2777	3039	3372	3445	3446	3450	3454	3514	3518	3607	3652	3673	3843	3919	4009	4039	4041	4044	4067	4111	4112	4202	4281	4463	4642	4757	4780	
82	736	794	829	1128	1494	1768	1803	1952	1999	2271	2849	2860	2929	3073	3116	3687	3741	3800	3813	3864	4904	
149	524	613	627	787	859	1244	1532	1557	1811	2121	2349	2405	2616	2638	2765	2766	2907	3505	3629	3902	3921	
10	15	33	142	230	257	340	358	532	677	724	893	948	1000	1042	1090	1158	1213	1254	1367	1382	1468	1629	1653	1717	1794	1815	1949	1950	2149	2259	2267	2328	2536	2553	2869	3009	3056	3095	3195	3196	3229	3310	3313	3392	3408	3443	3541	3669	3707	3754	3757	3805	3832	3835	3874	3905	3912	3927	4010	4030	4121	4249	4452	4562	4603	4630	4641	4650	4680	4704	4744	4837	4841	4887	4936	4939	4959	4988	
45	281	496	637	1181	1311	1432	1440	2161	2338	2407	2506	2541	2925	4590	
100	354	393	401	420	428	451	650	766	775	804	902	1153	1214	1222	1376	1484	1805	1885	1960	2043	2045	2067	2332	2494	2604	2673	2684	2755	2760	2839	2874	3103	3117	3170	3282	3294	3405	3537	3576	3774	3896	3978	4074	4120	4213	4239	4381	4535	4655	4668	4807	4843	4845	4849	4856	4891	4910	4930	4961	4987	
51	62	85	205	223	226	332	471	500	570	765	786	833	1101	1190	1293	1420	1473	1544	1602	1697	1787	1808	2043	2060	2069	2071	2406	2413	2625	2648	2753	2809	2858	3215	3246	3321	3411	3517	3521	3584	3854	3943	3945	3995	4343	4345	4362	4465	4484	4516	4527	4626	4660	4666	4674	4699	4730	4752	4772	4854	4885	4945	4956	4962	4995	
136	391	715	827	861	901	1095	1191	1646	1673	1704	1767	2252	2501	2758	2850	2883	2922	2966	3010	3163	3260	3333	3337	3375	3609	3823	4060	4322	4354	4421	4438	4487	4607	
121	187	313	497	561	749	940	967	1178	1377	1404	1604	1625	1743	1983	2015	2076	2136	2165	2242	2272	2485	2623	2817	2828	2877	2940	3018	3223	3295	3302	3425	3600	3711	3803	3967	4023	4097	4387	4440	4524	4720	4748	4767	4789	4851	4867	
109	198	636	892	1232	1363	1528	1556	1760	1773	1858	1973	2414	2690	2745	2783	3076	3282	3360	3634	3681	3710	3718	3720	3782	3892	3922	4029	4081	4191	4349	4533	
222	307	414	458	487	495	563	577	675	716	808	1143	1145	1196	1216	1230	1332	1389	1441	1450	1892	2003	2322	2403	2419	2947	3118	3150	3216	3575	3588	3699	3906	3988	4178	4259	4289	4311	4420	4509	4631	4662	4679	4735	
295	319	513	521	610	834	957	1035	1064	1092	1371	1451	1493	1648	1788	1896	2184	2209	2258	2394	2431	2621	2658	2853	2993	3100	3270	3343	3597	3879	3893	4055	4087	4136	4156	4165	4171	4346	4368	4370	4383	4458	4517	4549	4592	4776	4779	4803	4810	4821	4904	4911	
397	587	873	1134	1200	2082	2366	2410	2539	2550	2557	3210	3285	3336	3352	3431	
161	426	537	741	931	1116	1172	1348	1456	1526	1823	2102	2140	2207	2735	2784	2942	2964	2992	3283	3300	3476	3619	3809	3932	3954	4091	4099	4196	4272	4426	4596	4619	4939	
211	329	542	573	631	1083	1124	1294	1370	1472	1605	1685	1748	1881	1989	2059	2307	2576	2637	2660	2685	3058	3122	3177	3180	3309	3584	3592	3690	3841	3918	3939	4016	4247	4326	4376	4431	4494	4583	4625	4702	4784	4792	4793	
84	386	399	418	760	815	1303	1366	1724	1873	2304	2523	
68	80	263	387	498	669	673	909	1007	1109	1159	1179	1375	1581	1684	2029	2176	2416	2481	2540	2564	2655	2724	2748	2930	2954	3119	3197	3345	3495	3567	3822	3885	3946	3955	3980	4057	4103	4130	4192	4254	4325	4542	4584	4614	4654	4817	4840	
297	541	687	842	980	1259	1320	1424	1627	1722	1784	1968	2197	2202	3167	3234	3292	3327	3436	3987	
73	127	526	950	1012	1306	1414	1449	2190	2496	2571	2710	2739	3115	3121	3147	3154	
20	101	174	193	300	684	905	1099	1242	1243	1417	1430	1516	1555	1624	1674	1886	1996	2034	2053	2642	2647	2899	3079	3081	3155	3250	3435	3462	3524	3528	3558	3653	3685	3692	3723	3963	4053	4140	4151	4390	4518	4563	4574	4602	4695	4814	4822	4848	4850	4865	
87	154	268	891	1126	1215	1711	1765	2404	2411	2525	2757	4904	
164	194	318	622	632	733	818	989	1127	1151	1269	1462	1471	1659	1738	1775	1916	1935	2011	2085	2091	2148	2208	2657	2818	2970	2977	3025	3181	3190	3430	3543	3555	3590	3601	3617	3636	3714	3727	3808	3817	3848	3890	3940	3958	3976	4122	4150	4310	4359	4444	4491	4504	4540	4541	4570	4581	4667	4878	4922	4946	4992	5000	
411	415	470	551	963	1203	1226	1318	1511	1539	1663	1770	1891	2142	2354	2488	2499	2575	2626	2639	2915	2983	3086	3317	3381	3671	3810	3852	3875	3907	3934	4089	4100	4256	4270	4301	4313	4382	4403	4506	
159	811	1055	1132	1241	1331	1656	1718	2751	2770	2926	2934	3109	
19	221	454	539	600	719	961	1220	1422	1882	1912	1954	2010	2241	2473	2670	2865	2914	3016	3380	3457	3970	4001	4035	4077	
184	466	778	955	1093	1431	1433	1733	1861	1965	2000	2073	2129	2253	2387	2395	2482	2493	2530	2645	2704	2742	3083	3205	3248	3376	3402	3422	3499	4414	4434	
61	106	171	266	348	362	390	482	1163	1248	1523	1569	1933	1974	2052	2197	2509	2614	2833	2840	3099	3161	3502	3835	4043	4201	4278	4350	4367	
485	605	904	1360	1558	1741	1793	2566	2716	2825	3040	3085	3150	
24	425	449	493	714	972	1121	1250	1416	1479	1704	1752	1809	2243	2364	2524	3211	3760	4848	
119	251	396	452	501	686	819	1065	1270	1314	1482	1980	2331	2463	2492	2556	2583	2664	2697	2927	3084	3152	3176	3395	3670	3908	4018	4050	4126	4351	4482	4500	
225	309	392	793	806	841	846	926	962	1029	1030	1106	1127	1249	1287	1399	1453	1549	1567	1614	2012	2050	2061	2077	2122	2230	2289	2376	2588	2618	2794	2800	2952	2959	2986	3280	3607	3667	3700	3712	3884	3937	4208	4320	4724	4727	4763	4802	4823	4839	4853	4874	4888	4920	4923	4942	4958	4972	4974	4977	
110	188	290	355	761	1047	1127	1201	1253	1543	1731	1827	2546	2622	3175	3217	3258	3662	3697	3756	3826	3889	3952	4119	
6	91	196	220	276	374	488	514	576	799	858	1307	1651	1694	1787	1921	2001	2303	2337	2430	2459	2470	2518	2725	3055	3112	3178	3371	3469	3888	3931	3951	4331	4355	4404	4416	4455	
133	298	337	450	615	617	674	910	929	991	1020	1271	1338	1391	1507	1678	1800	1945	2356	2901	2962	3276	3312	3415	3447	3496	3568	3682	3765	3989	4199	4264	4303	4375	4424	4425	4483	4589	4669	4690	4749	4782	4954	
203	269	282	293	296	324	345	578	585	620	661	710	783	801	1140	1541	1554	1577	1820	1876	1879	1913	1998	2026	2048	2099	2118	2120	2146	2213	2346	2352	2418	2440	2575	2577	2772	2775	2810	2844	3065	3110	3123	3446	3681	3849	3969	4033	4088	4113	4169	4225	4306	4412	4453	4499	4559	4567	4611	4671	4721	4760	4929	4964	4969	4994	4996	
492	523	648	657	796	1235	1325	1342	1465	1480	1483	1536	1579	1584	1686	1709	1802	1911	2143	2248	2290	2382	2420	2476	2483	2548	2572	2643	2715	2768	2781	2897	2913	2920	2939	3032	3048	3057	3072	3222	3231	3328	3344	3346	3407	3520	3637	3789	3807	3827	3897	3915	3966	4206	4236	4369	4373	4397	4447	4505	4547	4577	4640	4869	4876	4909	4930	4933	4966	4970	4999	
574	701	856	1152	1209	1632	1670	1675	1856	2025	2093	2390	2573	
244	322	999	1425	1609	1756	1925	2443	2609	2723	2734	2807	3537	4750	
232	241	252	291	417	528	717	855	988	1039	1107	1403	1590	1645	1838	1867	2033	2097	2211	2694	2805	2873	2890	3031	3063	3151	3468	3548	3552	3560	3705	3717	3737	3763	3790	3865	4123	4525	4652	4737	
46	158	162	186	359	490	826	1113	1212	1434	1469	1474	1691	1816	1880	1971	2341	2714	2816	2868	3067	3074	3094	3165	3182	3209	3354	3437	3562	3839	3956	4200	4246	4388	
212	274	351	591	1677	1759	1894	2062	2359	2367	2505	2514	2733	2859	3090	3096	3245	3259	3362	3366	3655	3735	3840	3948	3968	4003	4061	4072	4175	4190	4220	4241	4266	4280	4334	4413	4422	4474	4553	4575	4576	4606	4608	4788	4819	
318	843	1114	1240	1379	1665	1938	2101	2391	2396	2585	2623	2908	3029	3291	3335	3463	3770	
414	592	629	737	867	939	1079	1252	1513	1676	1745	1777	1932	1966	2708	3269	3289	3348	3359	3708	3744	3779	3913	4049	4161	
71	317	560	848	1246	1282	1592	1622	1710	1783	1833	2173	2184	2656	2881	2904	2941	3441	
28	56	408	1194	1195	1285	1436	1790	1798	1848	
553	596	1138	1283	1339	1596	1841	1860	1953	2072	2160	2180	2689	2822	3539	3693	
255	734	1255	1277	1585	1898	2036	2083	2547	4307	4718	
57	60	275	484	906	907	935	1141	1457	2319	2358	2517	2856	2866	2935	3253	3410	3644	
81	111	398	1098	1207	1329	1519	1728	2268	2526	2532	2687	2774	2793	2801	2878	3417	3547	3571	3801	4921	4930	
83	126	189	350	540	1284	1792	1875	2132	2235	
129	511	825	857	864	1782	1878	1991	2283	2335	
854	944	1080	1541	1986	2055	2323	2471	2706	2786	2819	2921	2999	3143	3173	3239	3427	3504	3794	3806	4024	4096	4436	
39	49	564	571	666	713	835	839	1135	1279	1323	1357	1512	1591	1778	1789	1845	2151	2162	2568	2586	2787	2938	3128	3298	3311	3455	3466	3467	3581	3785	3916	3994	4034	4040	4162	4336	4475	4610	4644	4658	4659	4816	4831	4841	
143	208	234	806	933	1165	1313	1319	1321	1345	1394	1448	1633	1785	2009	2152	2266	2277	2749	2754	2776	3297	3304	3453	3494	3584	3603	3695	3973	4008	4065	4198	4308	4328	4361	4561	4649	4653	4682	
131	659	692	731	776	866	945	1529	1562	1736	1739	2038	2186	2203	2384	2513	2752	2974	3027	3262	3374	3759	3859	3898	4020	4158	4195	
604	690	706	1027	1237	1501	1695	1721	1864	1909	2081	2113	2292	2353	2442	2788	2796	2864	2887	3146	3204	3492	3684	3694	3766	3767	4972	
54	357	459	742	830	995	1089	1144	1320	1652	1922	2023	2039	2124	2537	2661	2698	2741	2764	2845	2891	2898	3038	3550	3730	4133	4224	4338	4411	
25	341	352	372	381	467	483	647	660	947	1122	1310	1821	1929	1990	2088	2127	2135	2218	2257	2342	2460	2490	2561	2634	2806	2823	2872	3186	3299	3315	3456	3534	3557	3615	3677	3867	3868	3891	3979	3983	4062	4117	4181	4221	4314	4358	4443	4448	4477	4495	4511	4599	4604	4801	4804	4808	
170	444	457	464	558	698	1091	1174	1297	2206	2284	2347	2361	2932	3487	3490	
78	729	849	1186	1291	1294	1692	1850	1972	2110	2633	2675	3056	3257	
363	431	720	772	809	930	1041	1524	1533	1540	1826	1955	2084	2291	2422	2529	2682	2709	2797	2889	2971	3224	3393	3480	3538	3574	3618	3624	3630	3641	3745	3788	3975	4015	4101	4118	4212	4258	4316	4437	4665	4678	4701	4723	4773	
157	407	634	721	1031	1302	1439	1771	2043	3729	
13	66	227	239	303	316	554	723	795	1006	1045	1087	1096	1156	1455	1597	1628	1681	1806	1944	2092	2111	2381	2425	2602	2824	3218	3227	3449	3458	3516	3764	3812	3853	3899	4053	4127	4180	4219	4232	4274	4347	4379	4446	4554	4585	4598	4600	4621	4713	4726	4741	4827	
245	250	455	759	974	1189	1454	1459	1553	2063	2302	2317	4954	
18	1157	1442	1467	1477	1630	1796	2015	2139	2221	2374	2604	2841	3127	3279	3464	3660	
67	172	238	271	330	427	549	667	845	937	949	958	1197	1412	1515	1586	1746	1817	1869	1939	2075	2318	2417	2453	2508	2521	2569	2578	2595	2627	2762	2827	2848	3134	3179	3399	3414	3493	3612	3627	3663	3746	3775	3846	4052	4131	4144	4176	4240	4342	4380	4582	4639	4645	4707	4736	4826	4842	4884	4967	4982	4997	
30	299	718	758	899	990	1085	1381	1444	1587	1604	1679	1907	2137	2261	2314	2357	2906	3044	3093	3148	3413	3419	3664	3689	3748	3845	3872	3960	4013	4467	
267	323	349	572	847	1050	1051	1249	1281	1606	1904	2256	2360	2676	2855	3001	3551	3686	3869	3894	4025	4064	4069	4092	4251	
72	305	338	376	380	409	438	478	519	703	753	919	943	971	1081	1125	1275	1300	1347	1380	1547	1620	1689	1755	1903	2069	2150	2264	2428	2454	2730	2886	3108	3187	3238	3350	3439	3472	3668	3796	3798	3860	3984	4002	4059	4177	4184	4223	4252	4292	4385	4498	4571	4693	4783	4791	4794	4890	4931	4985	
141	190	253	286	430	1566	1616	2436	2444	2613	2677	2804	
145	915	925	1010	1488	1868	2064	2199	2228	2297	2445	3130	3174	3204	3241	3358	
42	173	243	261	289	308	311	328	385	474	661	682	880	985	998	1166	1563	1599	1608	1779	1847	1993	1995	2024	2204	2223	2250	2365	2385	2520	2522	2829	2909	3015	3023	3111	3113	3162	3221	3225	3465	3605	3646	3672	3713	3725	3818	3923	4037	4134	4214	4229	4260	4365	4384	4407	4429	4432	4470	4512	4515	4529	4555	4557	4700	4729	4756	4852	4924	4953	4968	4993	
192	209	312	318	405	538	822	994	1120	1260	1387	1514	1713	1735	1887	2058	2098	2497	2544	2666	2686	2705	2981	3005	3149	3373	3626	3666	3750	3838	4032	4185	4391	4394	4460	4593	4620	4634	4738	4753	
2	93	289	377	400	443	477	507	762	781	1169	1221	1458	1487	1758	1901	2051	2334	2424	2555	2570	2727	2875	2961	2982	3087	3114	3140	3611	3974	4006	4038	4245	4286	4323	4395	4415	4591	4643	
579	645	784	792	900	1054	1063	1229	1481	1831	1957	2066	2074	2270	2325	3471	
463	543	699	1075	1117	1346	1392	1668	1930	2018	2156	2187	2196	2693	2880	2965	2972	3002	3013	3286	3318	3481	3522	3586	3698	3821	3850	3886	4031	4048	4159	4197	4389	4590	4954	
52	64	79	89	232	456	462	499	525	665	951	1053	1057	1060	1066	1276	1701	1830	1846	1969	2044	2240	2452	2551	2608	3006	3019	3370	3479	3500	3572	3672	3731	3739	3887	4125	4139	4234	4235	4257	4293	4493	4496	4524	4628	4734	4861	
123	179	652	705	1025	1137	1245	1317	2027	2432	2782	2820	2852	2994	3189	
494	536	779	1595	1693	1725	1910	2251	4307	4718	
31	176	249	384	403	435	609	614	616	653	725	767	791	831	1018	1022	1296	1310	1386	1452	1489	1498	1580	1690	2288	2355	2457	2615	2702	2729	2744	2785	2821	2910	3068	3206	3207	3254	3510	3566	3623	3688	3709	3722	3771	3982	4106	4205	4242	4372	4398	4439	4492	4740	4753	4765	4790	4835	4866	4912	4934	4947	4957	4986	
320	1171	1263	1352	1542	1661	1810	1865	2212	2380	2624	2767	2813	2936	2986	3416	
3	414	465	535	546	671	739	807	978	1316	1460	1644	1719	1763	1874	1946	1981	2282	2316	2426	2500	2652	2691	2703	2846	2895	2918	3046	3164	3314	3330	3477	3613	3616	3704	3728	3732	3780	4012	4066	4110	4243	4263	4433	4449	4528	4612	4651	4708	4712	4769	4809	4886	4940	4943	4948	
59	378	654	697	860	871	1356	1407	1574	2214	2851	2976	3104	3133	3301	3368	3432	
356	1002	1310	1634	1851	2219	2269	2306	2326	2515	2791	2834	2917	3056	
43	388	1067	1115	1537	1754	1871	2004	2383	2903	2979	2988	3290	3383	4623	
75	97	314	406	797	1073	1108	1265	2215	2605	2681	3975	
32	90	168	232	283	446	566	588	651	662	685	740	908	1011	1017	1312	1461	1612	1824	1959	2126	2159	2169	2197	2236	2298	2309	2398	2468	2654	2679	2900	2905	3051	3054	3201	3214	3332	3424	3540	3621	3715	3768	3776	3883	4068	4071	4082	4173	4309	4337	4427	4442	4523	4536	4560	4597	4672	4689	4710	4732	4758	4768	4778	4847	4901	4926	
77	92	116	185	231	264	412	429	508	586	953	1009	1052	1077	1192	1210	1274	1443	1485	1522	1548	1700	1715	1732	1855	2030	2068	2070	2177	2205	2377	2415	2434	2623	2912	2938	2948	3028	3089	3091	3098	3212	3322	3324	3339	3363	3406	3583	3762	3827	3830	3925	3991	4007	4017	4152	4174	4222	4265	4273	4279	4335	4363	4393	4478	4522	4698	4699	4747	4751	4761	4797	4824	4828	4883	4893	4925	
210	373	421	502	520	618	722	774	977	1024	1105	1583	1631	1642	1647	1769	2042	2487	2489	2712	2882	3047	3145	3169	3305	3591	3648	3665	3783	3786	3920	3924	4056	4160	4215	4374	4637	4685	
21	108	218	228	453	633	688	711	726	836	912	936	1155	1218	1322	1429	1525	1582	1601	1683	1751	1766	1799	1828	1840	1870	1890	1900	1978	2057	2144	2178	2247	2281	2329	2375	2447	2479	2579	2587	2646	2746	2771	2892	2943	2969	3172	3233	3265	3278	3325	3401	3474	3488	3501	3532	3654	3733	3747	3871	3930	4005	4227	4288	4307	4508	4586	4699	4706	4798	4799	4913	4935	4963	4976	4990	
152	334	491	680	1257	1309	1534	2109	2145	2477	2480	2651	2667	2699	2711	2811	2832	2843	3020	3247	3384	3420	3513	3564	3642	3938	3941	4187	4283	
17	370	395	422	518	564	681	968	970	982	1249	1273	1308	1618	1943	2245	2369	2392	2543	2653	2738	2778	2798	2924	3003	3070	3120	3166	3266	3412	3545	3593	3625	3942	4095	4146	4204	4217	4268	4464	4473	4556	4565	4566	4587	4601	4688	4775	4838	4877	4908	
35	104	177	259	273	307	371	434	437	582	646	658	750	802	805	882	894	941	1043	1097	1160	1328	1466	1475	1571	2028	2123	2285	2286	2296	2330	2389	2511	3138	3199	3235	3252	3277	3365	3428	3452	3483	3509	3614	3635	3645	3657	3716	3719	3926	3981	3996	4084	4102	4157	4294	4296	4402	4417	4435	4629	4632	4670	4686	4705	4711	4715	4764	4858	4860	4894	4965	4978	
419	755	812	890	1103	1327	1398	1551	1947	2336	2423	2893	
183	191	280	568	1187	1607	1667	1680	1744	1937	2902	2985	3275	4586	
148	683	810	1142	1167	1500	1621	1905	1942	2078	2582	2951	2989	3137	3426	
236	327	556	593	606	628	642	924	934	1021	1149	1182	1288	1564	1600	1726	1740	1979	1982	2016	2234	2393	2790	2795	2808	2894	2944	3069	3124	3264	3293	3320	3385	3675	3691	3706	3781	3829	3936	3986	4137	4423	4548	4624	4725	
169	237	922	984	1193	1438	1573	1859	2117	2301	2333	2574	2604	2804	2933	2955	3403	3556	3792	3835	3901	3977	3997	4085	4262	
7	325	512	649	1129	1236	1730	2103	2671	2871	2888	3049	3106	3129	3347	
4	22	416	480	583	595	598	777	913	1111	1188	1561	1727	2119	2448	2455	2629	2707	2826	2960	3198	3553	3631	3679	3681	3724	3802	3814	3947	4124	
235	346	510	766	938	993	1104	1119	1177	1272	1280	1374	1611	1941	2032	2096	2125	2183	2433	2598	2603	2617	2718	2819	2831	2990	3014	3077	3105	3244	3308	3386	3396	3482	3484	3497	3498	3533	3537	3721	4022	4167	4237	4405	4471	4692	4755	4795	
102	278	367	664	876	1118	1491	1510	2344	2348	2717	2722	3097	3226	3526	3527	3554	3769	3772	3876	
120	213	533	752	782	851	1418	1723	1958	2535	2688	2737	2838	2949	2958	2967	3329	3878	
103	124	326	785	1004	1504	1610	1712	1835	2665	
5	26	48	125	132	139	181	288	335	432	695	764	1147	1224	1337	1350	1351	1447	1502	1505	1638	1699	1822	1849	2080	2105	2402	2644	2743	2867	2997	3011	3012	3060	3080	3251	3338	3424	3542	3751	4172	4216	4428	4441	4456	4503	4510	4514	4573	4633	4696	4733	4754	4875	4897	4916	
16	216	262	509	555	712	813	996	1005	1149	1486	1506	1565	1637	2035	2147	2386	2736	3156	3382	3842	3917	4014	4080	4094	4153	4203	4371	4750	
135	447	763	954	1857	2115	2194	2279	2311	2441	2630	3000	3139	3271	3273	3306	3608	3726	3861	3975	3985	
287	745	889	942	959	1076	1336	1401	1780	1807	2021	2370	2635	3101	3242	3342	3530	3563	3565	3844	3866	3961	4132	4142	4244	
38	44	50	98	117	155	178	557	589	707	735	1019	1198	1301	1358	1378	1423	1435	1994	2154	2409	2507	2567	2610	2659	2678	2680	2842	2879	2884	2945	2963	2986	3007	3088	3183	3249	3596	3628	3678	3755	3787	3825	3855	3935	3959	3999	4115	4284	4300	4488	4521	4656	4677	4681	4683	4687	4743	4770	4818	4844	4895	4899	4949	4979
