22	841	969	1239	1496	1658	1846	2283	2371	2440	2571	2648	2765	4424
111	151	518	625	673	750	867	1174	1892	2055	2210	2388	2470	2957	3284	3349	3384	3385	3467	3602	3670	3722	3751	4034	4055	4745	
205	513	548	956	1073	1383	1453	2355	2480	2530	3008	3158	3220	3292	3366	3439	3521	3655	3817	4780	
58	888	1043	1365	1420	1452	1620	1780	1869	2049	2193	2219	2275	2625	2791	2846	3289	
162	217	424	431	680	1113	1519	1648	1700	1843	2194	2270	2334	2443	2481	2506	2521	2755	2892	3499	3538	3864	3974	3979	4189	
272	316	426	1014	1026	1223	1340	1560	1623	1734	1853	2146	2175	2527	2867	2898	3070	3109	3276	3339	3558	3789	3840	3901	3914	3975	
107	406	467	529	555	727	854	925	1035	1130	1160	1261	1287	1413	1425	1449	1708	1724	2649	2793	2816	2830	2874	3239	3814	3851	4292	4358	
84	455	721	744	797	1458	2017	2149	2258	2801	2812	3242	3402	3516	3846	3847	3859	3952	3978	3980	3984	
32	484	632	1109	1526	1778	1853	1990	2357	2491	2552	2635	2733	2760	2797	3147	3590	3600	3773	
512	844	967	1479	1763	2016	2089	2352	2359	2381	2508	2653	2790	4791	
146	238	362	611	739	852	957	1041	1092	1186	1464	1651	1696	1754	1839	2099	2135	2149	2171	2451	2643	2683	2716	3073	3193	3284	3470	3941	4362	4511	4516	4570	
425	469	902	1292	1441	1638	1664	1668	1985	2486	2676	2731	
4	34	112	133	259	333	344	361	442	448	579	658	672	692	844	878	906	918	987	1034	1040	1370	1373	1538	2024	2163	2196	2306	2442	2589	3348	3403	3440	3446	3519	3596	3659	3705	3787	3799	4139	4147	4165	4297	4307	4336	4392	4671	4695	4768	4851	4853	4877	4891	4961	4962	
215	242	463	553	652	970	975	1096	1304	1342	1421	1802	1974	2131	2179	2328	2432	2569	2600	2634	2706	2752	2820	2950	2989	3365	3370	3418	3738	3772	3790	3869	3925	4097	4151	4295	4411	4418	4451	4468	4469	4691	4698	4702	4713	4747	4980	
107	202	337	366	490	502	556	600	678	710	711	829	925	1049	1087	1102	1523	1731	1813	1842	1860	2103	2244	2303	2360	2377	2411	2469	2511	2542	2575	2717	2764	2780	2828	2959	3139	3187	3296	3327	3353	3454	3459	3527	3555	3612	3624	3642	3677	3680	4022	4025	4168	4239	4248	4397	4408	4430	4474	4487	4527	4587	4634	4653	4760	4791	4795	4869	4918	4928	4938	4950	4952	4953	4975	
4	220	261	386	558	574	1123	1242	1308	1395	1417	1716	1807	1850	2310	2372	2396	2466	2484	2714	2805	2866	2876	3024	3088	3234	3258	3442	3552	3622	3639	3718	3927	3972	4041	4378	4431	4512	4556	4650	4749	
163	222	472	520	572	940	1072	1390	1439	1515	1752	1825	1942	2044	2110	2232	2274	2276	2331	2933	2958	2967	3038	3130	3186	3248	3395	3410	3585	3668	3767	3782	3832	4033	4039	4265	4312	4348	4419	4503	4507	4598	4726	4735	4782	4811	4922	
78	591	1067	1144	1201	1319	1359	1473	1477	1529	1644	2034	2088	2093	2403	2445	2609	2639	2773	2902	3032	3095	3428	3636	3685	4098	4300	
13	99	123	606	729	848	868	1112	1173	1259	1315	1327	1328	1470	1552	1591	1601	1681	1757	1759	1798	1839	1909	1922	2022	2026	2149	2150	2259	2343	2538	2843	2929	2984	3119	3171	3658	3683	3686	3887	3925	3983	3985	4246	4250	4264	4291	4296	4306	4481	4504	4544	4563	4599	4622	4875	4917	4933	4936	
185	203	295	531	930	1874	1949	2400	2561	2597	2809	
2	4	28	53	66	166	208	249	306	321	370	489	536	592	665	737	786	1120	1376	1403	1534	1583	1617	1744	1768	1786	2027	2105	2217	2358	2573	2642	2691	2878	2881	2909	2913	3012	3140	3143	3187	3262	3274	3394	3426	3452	3512	3543	3648	3657	3752	3968	4000	4051	4092	4111	4169	4266	4321	4432	4464	4493	4560	4603	4635	4661	4686	4746	4813	4831	4886	4894	4900	4959	4972	4986	4989	4998	
353	405	407	669	1177	1280	1750	2009	2346	2402	2614	2854	
56	361	780	1129	1486	1576	1770	2053	2184	2546	3114	3115	3253	3388	3423	
136	889	964	980	1171	1748	2030	2138	2208	2230	
1057	1090	1196	1213	1484	1737	1970	2043	2190	2197	
73	128	391	580	779	1343	1969	2018	2112	2817	2991	3002	4286	
341	480	825	1000	1060	1303	1546	1848	1879	1979	
87	410	457	526	822	953	1222	1295	1517	1682	1725	2032	2299	2518	2759	2888	3105	3246	3299	3416	3476	3481	3725	3806	3925	3989	4123	4223	4405	
184	380	462	511	736	1098	1276	1380	1608	2327	
55	116	186	192	274	350	441	473	562	566	629	776	798	860	999	1052	1100	1111	1158	1235	1246	1267	1348	1367	1410	1566	1697	1711	1975	2035	2069	2287	2296	2362	2399	2514	2697	2781	2952	2996	3058	3118	3162	3189	3233	3271	3317	3367	3543	3597	3771	3804	4238	4268	4293	4351	4401	4471	4678	4730	4770	4872	4921	4926	4930	4931	4939	4957	4997	
114	129	158	396	399	403	404	521	667	726	765	775	926	1054	1111	1232	1298	1341	1568	1676	1755	1853	1872	1875	1946	1982	1988	2434	2553	2673	2811	2905	3051	3120	3260	3401	3492	3569	3689	3762	3839	3842	3882	4087	4121	4159	4215	4330	4545	4575	4604	4780	4888	4901	4955	
471	746	751	787	982	1008	1101	1430	1527	1858	2007	2060	2062	2098	2336	2345	2353	2621	2802	2894	2900	3010	3154	3489	3792	3818	
10	16	110	373	605	834	880	1097	1224	1282	1730	1968	2090	2238	2368	2517	2611	2899	2939	2940	2980	3034	3407	3592	3953	4226	4742	
276	279	487	827	835	922	1024	1165	1264	1377	1494	1803	1814	1929	2126	2225	2289	2319	2325	2534	2556	2637	2753	2852	3028	3071	3334	3377	3474	3549	3583	3607	3630	3644	3671	3769	3795	3945	3970	4037	4063	4138	4230	4272	4282	4311	4322	4486	4524	4547	4683	4717	4779	4847	4864	4879	4895	4915	4980	
621	777	811	1069	1434	1446	1578	1665	1751	1880	2029	2068	2404	2800	2847	2970	2990	3093	3293	3601	3673	3698	3741	4126	4245	4270	
40	60	392	577	641	789	905	1438	1836	2606	2742	2850	
317	675	799	805	1020	1626	1633	1788	1889	1980	1993	2085	2151	2501	2682	3212	
18	483	485	532	569	586	655	683	762	920	941	942	962	991	1037	1068	1136	1476	1533	1539	1787	1819	1888	1899	1924	1930	2106	2120	2133	2176	2185	2205	2347	2438	2475	2582	2705	2713	2908	2944	3045	3079	3284	3350	3420	3501	3605	3620	3626	3695	3700	3932	3974	4009	4058	4101	4118	4119	4273	4308	4334	4427	4472	4559	4573	4579	4592	4734	4769	4861	4925	4951	4958	4988	4991	
175	582	630	795	887	1074	1268	1672	1864	2393	2806	3108	3198	3313	3337	3473	3794	4588	
195	200	209	223	401	1368	1532	1742	1804	2392	
74	435	486	722	885	1077	1119	1320	1360	1407	1485	1548	1555	1747	1941	1971	2057	2058	2263	2286	2302	2338	2522	2556	2592	2622	2687	2910	3112	3150	3247	3294	3433	3588	3621	3688	3757	3768	3921	3924	3955	4021	4045	4317	4391	4465	4674	4685	4705	4823	4828	4838	4880	4906	
287	332	402	422	470	844	1344	1448	1504	2143	2515	
39	176	196	210	301	421	456	517	565	579	585	664	706	957	1198	1429	1489	1607	1773	1819	1838	2441	2565	2912	3078	3081	3124	3310	3382	3387	3414	3543	3645	4067	4286	4526	4566	4694	4725	4729	4739	
126	434	688	773	932	1243	1288	1494	1782	1812	1902	2228	2321	2413	2579	2688	2740	2792	2795	3069	3132	3404	3461	3494	3497	3579	4166	4235	4249	4252	4488	4496	4980	
48	115	177	178	211	301	305	335	539	719	741	816	849	957	958	1195	1236	1252	1262	1329	1563	1705	1784	1799	1839	1934	2077	2109	2157	2375	2406	2528	2593	2608	2840	2897	2955	2983	3044	3321	3346	3380	3468	3475	3534	3540	3561	3577	3655	3662	3852	3884	3898	3899	4023	4071	4087	4210	4236	4259	4344	4361	4449	4453	4463	4633	4644	4659	4693	4720	4729	4832	4859	4890	4978	4982	4987	
49	179	231	715	827	1003	1010	1064	1398	1422	1562	1694	1984	1996	2140	2172	2182	2350	2417	2545	2562	2588	2661	2712	2763	2782	2887	2964	3023	3033	3141	3304	3383	3649	3728	3798	3812	3815	3885	3894	3974	4095	4153	4316	4335	4390	4515	4595	4638	4703	4721	4763	4793	4807	4881	4910	4941	4984	
6	108	545	925	1230	1574	1853	1918	1948	1954	1960	2865	2945	3184	3417	3531	3712	3982	4531	
94	121	326	1767	2191	2591	2648	2660	2762	2789	2930	3231	3263	3466	3508	3532	3574	4742	
12	257	284	542	584	1017	1053	1238	1255	1307	1324	1588	1690	1777	1793	2462	2680	2771	2772	2839	2848	2947	2981	3055	3080	3179	3278	3500	3563	3616	3841	3925	3974	4003	4210	4301	4315	4339	4523	4557	4639	4712	4803	4864	
23	62	97	183	604	608	679	682	740	1056	1461	1629	1632	1666	1704	1867	2214	2229	2234	2298	2356	2376	2418	2456	2747	2889	3046	3076	3187	3210	3320	3505	3524	3541	3716	3748	3805	4002	4090	4177	4207	4212	4324	4338	4402	4498	4562	4617	4675	4883	
71	515	549	760	904	927	1284	1510	1965	2099	2379	2385	2827	2868	2956	3083	3297	3507	3530	3747	3888	3904	
54	254	285	491	650	784	1657	1906	2072	2121	2128	2756	3172	3206	3450	3529	4099	4112	4115	4128	4473	4926	
90	167	192	289	294	568	579	685	872	939	1220	1312	1353	1547	1593	1639	1851	1943	1976	2099	2145	2189	2249	2316	2364	2435	2457	2738	2745	2752	2833	2838	2882	2936	2974	3116	3161	3174	3275	3358	3483	3546	3643	3646	3666	3679	3707	3738	3743	3800	3860	4018	4078	4183	4199	4217	4290	4436	4521	4602	4616	4627	4669	4672	4689	4715	4745	4748	4757	4759	4774	4775	4802	4819	4826	4837	4867	4970	4985	
246	355	578	784	1168	1187	2015	2239	2540	2774	2911	3047	3185	3285	3430	
77	127	216	381	533	796	839	901	910	1454	1537	1579	1585	1595	1873	1912	1936	2006	2052	2272	2446	2529	2642	2770	2849	2863	2937	2951	2987	3009	3014	3022	3062	3152	3188	3223	3224	3329	3373	3565	3713	3723	3726	3808	3833	4100	4135	4148	4332	4370	4433	4484	4597	4667	4676	4852	4856	4871	4873	4887	4954	
52	282	482	552	774	821	936	957	1050	1058	1127	1150	1163	1215	1391	1397	1487	1590	1606	1679	1760	1840	2047	2084	2254	2332	2414	2548	2587	2648	2658	2722	2788	2799	2818	3017	3084	3272	3360	3431	3441	3543	3727	3730	3810	3837	3862	3961	3969	4186	4192	4261	4274	4371	4377	4409	4491	4508	4645	4731	4765	4787	4809	4817	4866	4935	
315	385	414	415	742	804	819	831	997	1409	1702	2025	2285	2335	2366	2641	2859	2884	3159	3235	3379	3553	3567	3756	3784	3861	3870	4052	4061	4194	4434	4489	4499	4581	
107	131	149	197	201	236	310	438	528	544	960	1225	1248	1399	1424	1481	1524	1695	1854	1861	1957	1966	2020	2125	2144	2216	2348	2361	2504	2536	2796	2893	2994	3359	3496	3950	3971	4076	4093	4214	4313	4374	4541	4624	4641	4647	4891	
82	354	687	703	948	1099	1167	1572	1761	1896	1959	2524	2544	2617	2743	2754	3031	3039	3125	3129	3291	3318	3572	3786	3902	3965	4195	4196	4269	4341	4393	4404	
1	88	96	152	357	571	595	723	933	1095	1318	1478	1600	1779	1885	2063	2064	2136	2164	2237	2248	2642	2803	2872	2914	3137	3257	3309	3330	3363	3409	3614	3797	3829	3874	4075	4337	4492	4588	4658	4710	4761	4762	4781	
194	266	343	348	413	458	636	671	784	1015	1116	1385	1521	1652	1724	1796	1863	1938	1962	2074	2384	2389	2410	2463	2586	2710	2712	3111	3131	3157	3218	3322	3638	3674	3776	3822	3922	3928	3951	4026	4106	4154	4162	4333	4399	4629	4651	4719	4839	4841	4862	4916	
227	420	845	859	879	1440	1654	1692	2011	2835	2968	3068	3178	3413	3526	4780	
140	361	631	733	781	870	1146	1301	1366	1394	1919	2429	2431	2581	2829	2973	3004	3107	3117	3183	3444	3502	3542	3551	3744	3753	3754	3779	3912	4014	4120	4368	4382	4607	
239	307	416	423	428	464	501	684	995	1006	1189	1204	1378	1418	1450	1498	1797	2378	2458	2712	2730	2752	2879	2986	3156	3191	3323	3386	3465	3480	3485	3586	3682	4046	4085	4156	4203	4366	4379	4479	4756	4788	4791	4824	
168	292	351	379	856	1260	1266	1882	1901	2127	2383	2750	
42	540	895	957	1005	1114	1128	1219	1233	1602	1663	1671	1674	1931	2107	2203	2313	2444	2626	2665	2707	2778	2946	2977	3030	3092	3126	3207	3333	3498	3506	3536	3694	3732	3854	4015	4232	4318	4340	4360	4386	4569	4601	4608	4648	4751	4833	4834	
150	164	253	369	990	1677	1728	1745	1932	1940	2002	2094	2138	2304	2615	3240	3460	3866	3915	3956	
728	759	1007	1137	1297	1528	1556	1605	1723	2138	2507	2662	2925	3449	3451	3522	3637	
70	89	147	161	252	446	451	610	653	749	916	1237	1300	1482	1545	1615	1724	1774	1800	1819	1824	1829	2141	2496	2535	2579	2596	2704	2721	2735	3005	3175	3230	3243	3298	3352	3594	3655	4017	4088	4220	4294	4448	4518	4520	4564	4682	4733	4752	4804	4891	
171	265	433	559	593	899	1641	2186	2416	2557	2725	2821	3003	
212	417	493	560	690	738	864	919	943	961	977	996	1051	1103	1156	1157	1231	1402	1447	1501	1691	1775	1808	1810	1908	1911	1921	2367	2757	2871	2960	3133	3151	3164	3180	3255	3375	3405	3406	3557	3603	3739	3760	4001	4053	4087	4141	4149	4160	4275	4440	4460	4478	4494	4546	4590	4684	4718	4798	4896	4902	4973	5000	
31	248	331	336	339	447	842	884	989	1005	1147	1253	1758	1852	1866	2489	2567	2640	2741	2768	2860	2953	3006	3013	3197	3244	3364	3641	3919	3977	4060	4161	4285	4342	4466	4568	4643	4701	4740	4780	
45	81	160	364	747	1084	1712	1834	2282	2737	2746	2904	3113	
21	134	833	973	1047	1110	1305	1310	1325	1339	1351	1467	2101	2201	2613	2636	3001	3219	3324	3400	3443	3539	3676	4140	4742	
4	80	103	145	290	492	758	944	998	1111	1209	1436	1492	1952	2152	2157	2391	2539	2629	2654	2686	3221	3288	3356	3490	3560	3580	3720	4233	4286	4477	
85	92	93	142	567	764	855	913	1508	1541	1688	1706	1844	2046	2119	2195	2824	2941	3127	3149	3487	3942	4006	4087	4144	4170	4327	4353	4403	
107	328	1190	1389	1667	1701	1772	2076	2213	2659	2690	3101	4864	
704	770	1175	1494	1823	1910	2056	2177	2266	2497	2541	2853	2943	3283	3545	3562	3803	3875	3931	
120	187	356	388	479	543	1228	1322	2014	2054	2130	2290	2398	2407	2436	2513	2549	2642	2726	2777	2934	3509	3510	3523	3710	3759	3807	3996	4094	4152	4181	4387	
68	301	639	689	862	1028	1048	1181	1185	1207	1256	1346	1405	1649	1655	1769	1862	1886	1978	2036	2059	2240	2241	2450	2488	2568	2966	3026	3063	3176	3202	3208	3390	3464	3816	3853	3923	4096	4375	4395	4528	4540	4554	4574	4612	4673	4677	4764	4822	4844	4884	4911	4914	4926	4932	4969	4976	4981	4990	4992	
43	488	546	642	844	1027	1275	1356	1472	1637	1662	2297	2309	2354	3199	3325	3456	3635	3733	3781	3881	3990	4104	4131	
17	35	181	224	262	466	812	840	938	1091	1180	1338	1462	1581	2095	2174	2245	2260	2308	2380	2605	2684	2829	3052	3136	3281	3315	3378	3746	4122	4137	4201	4424	4459	4500	4596	4636	
83	130	319	368	411	498	514	620	668	720	748	785	1031	1107	1159	2330	2482	2657	2672	2712	2749	3060	3169	3222	3268	3372	3478	3707	3880	3908	3917	4064	4081	4182	4231	4237	4271	4359	4367	4416	4519	4652	4681	
118	132	155	157	275	393	503	784	803	893	909	937	946	1030	1104	1143	1311	1352	1375	1640	1830	1953	1989	2008	2207	2406	2903	2924	2928	2985	3025	3148	3204	3227	3256	3355	3455	3537	3598	3633	3661	3731	3821	3868	3991	4047	4056	4086	4110	4158	4278	4302	4412	4425	4426	4584	4621	4663	4687	4737	4742	4743	4780	4792	4830	4937	4993	
8	119	226	303	499	524	697	707	731	757	844	881	897	935	1029	1154	1211	1337	1369	1520	1577	1619	1622	1837	1900	1927	2019	2021	2045	2138	2449	2479	2644	2648	2712	2819	2826	2896	3160	3209	3273	3328	3477	3491	3687	3697	3742	3871	4007	4008	4184	4206	4216	4253	4325	4420	4428	4458	4497	4501	4532	4551	4585	4697	4727	4771	4820	4845	4891	4968	4995	
256	646	783	832	1193	1363	1884	1916	1951	2102	2134	2632	4786	
213	329	570	1001	1042	1361	1443	1628	1920	2104	2300	2427	3284	4473	
154	199	218	395	418	474	929	945	978	1254	1272	1463	1561	1790	1894	1926	2086	2558	2642	2822	2823	2829	2935	3166	3554	3584	3819	3893	3994	4050	4218	4277	4380	4413	4423	4438	4447	4456	4593	4738	
613	767	772	1155	1192	1217	1564	1582	1645	1660	1680	2485	2638	2694	2696	2856	2916	3035	3066	3167	3265	3287	3369	3535	3543	3628	3696	3848	3905	3940	4105	4350	4536	4922	
65	148	225	320	374	378	481	519	537	579	778	965	1121	1314	1331	1445	1488	1584	1631	1678	1925	2096	2147	2156	2264	2510	2580	2834	2886	2918	2932	3094	3653	3678	3714	3738	3761	3811	3824	3903	3926	4298	4424	4531	4810	
241	359	476	635	754	1004	1870	2075	2111	2192	2448	2452	2499	2736	2804	3072	3306	3316	
24	301	496	616	1085	1302	1499	1558	1805	2040	2078	2758	3170	3286	3482	3528	3582	3604	3608	3652	3675	4133	4198	4200	4221	
106	324	516	866	928	1544	1997	2157	2200	2305	2555	2915	3027	3054	3087	3190	3692	4473	
75	530	538	1005	1025	1382	1794	1923	2012	3655	
124	221	445	771	1005	1065	1151	1551	1939	2202	2412	3100	3106	3144	3571	3656	
170	437	454	1153	1182	1199	1286	1603	1673	2038	2570	
86	581	589	875	983	1093	1335	1427	1513	1756	1762	1976	2181	2664	2702	3448	3706	3764	
27	219	397	838	974	1263	1497	1627	2067	2242	2477	2578	2748	2810	2948	3196	3362	3693	3834	4065	4109	4980	
59	169	535	576	701	891	892	1033	1070	2198	
270	334	346	641	1023	1071	1170	1249	1656	1964	
358	579	666	951	1115	1271	1326	1857	1933	1937	1981	2023	2091	2516	2656	3064	3241	3254	3707	3763	3890	3998	4588	
182	243	244	347	478	696	784	923	950	1036	1038	1149	1214	1234	1250	1321	1336	1543	1685	1689	2066	2324	2577	2669	2734	2776	2779	3007	3128	3135	3225	3457	3575	3701	3883	3918	3929	4044	4145	4193	4258	4577	4690	4778	4794	
450	527	898	1141	1306	1567	1616	2116	2293	2351	2397	2471	2623	2648	2851	3182	3195	3211	3303	3399	3429	3578	3581	3724	3735	3801	3910	3938	4089	4116	4247	4262	4283	4328	4473	4505	4529	4665	4709	
79	192	382	384	732	807	830	1270	1414	1475	1507	1950	1973	2267	2523	2825	3037	3300	3503	3589	3595	4143	4155	4171	4173	4191	4314	
191	288	371	372	449	508	510	718	1061	1105	1202	1218	1480	1570	1587	1683	1726	2142	2231	2252	2281	2318	3282	3493	3855	4304	4864	
141	172	267	705	865	925	981	1176	1372	1483	1610	1713	1871	2092	2108	2168	2247	2265	2433	2579	2875	3043	3168	3213	3699	3913	3935	4210	4922	
180	269	299	327	338	509	541	623	725	924	955	1009	1032	1241	1332	1433	1456	1684	1893	1958	1986	2003	2220	2257	2279	2284	2423	2494	2503	2650	2655	2700	2845	2858	2907	2961	3097	3295	3514	3634	3711	3850	3944	3973	4083	4157	4210	4211	4310	4345	4470	4502	4548	4552	4708	4858	4942	
15	44	47	230	440	809	836	847	2001	2160	2333	2437	2505	2532	2703	2844	
477	769	820	914	1549	1735	1785	1818	1828	2005	2031	2455	2563	2861	
69	156	228	268	361	365	551	662	695	788	802	817	1540	1727	1776	1816	1819	1976	2099	2447	2490	2512	2698	2711	2786	2931	3015	3099	3142	3200	3259	3486	3513	3517	3704	3809	3823	4164	4175	4289	4329	4461	4640	4711	4791	
143	198	314	708	1142	1358	1386	1827	1991	2421	
104	263	264	298	376	525	596	925	1117	1226	1227	1323	1357	1571	1625	1661	1687	1724	1736	1765	2256	2261	2294	2387	2468	2531	2670	2942	3020	3074	3077	3229	3280	3338	3389	3437	3453	3566	3843	3877	4036	4048	4049	4178	4179	4187	4241	4244	4406	4588	4594	4783	4863	
643	686	827	1244	1277	1362	1597	1709	1961	2065	2180	2215	2724	
4	33	573	641	790	949	1012	2099	2129	2339	2752	3053	3269	3371	3391	3432	3717	
159	234	444	564	590	644	648	818	1145	1164	1221	1299	1355	1381	1401	1465	1491	1596	1635	1792	1887	1995	2070	2206	2340	2349	2405	2464	2502	2507	2547	2677	2693	2975	2978	2998	3228	3326	3472	3544	3650	3999	4074	4222	4254	4347	4462	4525	4538	4543	4561	4578	4646	4722	4723	4724	4767	4786	4808	4876	4945	4999	
101	137	301	377	430	594	640	1111	1161	1205	1208	1589	1746	1764	1983	2564	2645	2831	2890	3016	3096	3238	3351	3368	3374	3463	3618	3835	4016	4020	4038	
260	273	322	398	461	752	846	882	1016	1118	1126	1801	1855	1856	1895	1976	2169	2235	2829	3048	3067	3750	3948	3988	4010	
245	302	400	637	691	756	863	917	971	994	1206	1240	1281	1733	1743	1865	2013	2492	2551	2574	2836	2993	3098	3123	3194	3205	3344	3419	3488	3664	3777	3825	3865	3896	3939	4042	4054	4079	4129	4219	4229	4400	4422	4442	4443	4533	4553	4586	4699	4736	4766	4812	4836	4874	4898	4920	4924	4940	4963	4967	
363	465	1094	1191	1203	1347	2137	2188	2537	2572	2785	4424	
135	599	607	609	612	886	1018	1350	1511	1820	2050	2344	2363	2618	2971	3252	
174	278	281	291	296	394	601	641	813	908	915	1002	1289	1459	1494	1553	1636	1771	1811	2386	2406	2498	2630	2652	2674	2769	2920	2926	2938	2965	3018	3059	3146	3181	3232	3357	3361	3411	3424	3435	3484	3611	3615	3631	3707	3830	3858	3907	3917	3936	3962	3986	4035	4082	4103	4357	4441	4490	4510	4692	4729	4745	4753	4754	4790	4796	4889	4897	4944	4946	4960	4994	
439	638	806	826	993	1059	1469	1516	1699	1781	1907	1914	2037	2041	2166	2326	2342	2454	2525	2579	2590	2633	2685	2751	2752	3134	3458	3897	3920	3963	4383	4450	4613	4615	4618	4649	4654	4696	4728	4922	
63	342	361	460	808	828	871	1039	1081	1210	1455	1514	1670	1675	1739	2317	2341	2408	2708	2784	2992	3250	3267	3331	3672	3791	3876	3909	3946	3949	3987	4125	4142	4202	4204	4319	4437	4707	4786	
325	495	890	1111	1138	1162	1212	1216	1653	1898	1947	2122	2124	2483	3393	3568	
20	293	827	972	1063	1125	1132	1166	1317	1474	1618	1698	1817	1944	1955	2226	2373	2715	2807	3103	3192	3217	3266	3408	3495	3520	3873	3900	3954	4012	4365	4417	4480	4509	4530	
76	189	233	534	598	622	676	717	763	903	1076	1435	1557	1707	1729	1859	1891	2010	2149	2155	2620	2646	2701	3091	3173	3415	3691	3758	3770	3943	4005	4062	4080	4242	4256	4305	4439	4485	4580	4605	4620	4657	4745	4784	4799	4840	4848	
72	634	1530	1550	1915	1928	2165	2262	2365	2560	2927	2995	3341	3342	3974	
522	702	1251	1290	1294	1426	1703	1826	2161	4729	
7	657	716	743	843	853	858	861	1083	1419	1428	1466	1493	1494	1502	1573	1809	1822	2061	2113	2157	2183	2295	2394	2409	2420	2453	2579	2601	2619	2675	2837	2883	3090	3102	3145	3307	3345	3392	3629	3856	3964	4068	4102	4172	4286	4287	4356	4376	4415	4483	4513	4534	4571	4589	4600	4656	4818	4878	4904	4927	4977	4983	4996	
453	674	1044	1139	1257	1283	1442	1522	2221	2584	2598	2663	2976	3165	3270	3525	
229	280	375	436	647	699	873	968	992	1148	1245	1258	1624	1741	1987	2158	2211	2487	2556	2603	2982	3036	3049	3155	3187	3215	3226	3237	3249	3277	3462	3504	3548	3613	3663	3684	3707	3715	4066	4130	4209	4234	4260	4320	4343	4355	4542	4583	4625	4642	4700	4750	4772	4814	4835	4849	
173	602	792	810	947	1495	1554	1724	1749	1994	2042	2292	2382	2406	2628	2699	3559	
30	793	976	1135	1392	1432	1935	1998	2246	2311	2374	2815	2869	3029	
102	139	468	654	677	1188	1265	1416	1575	1586	2233	2695	2906	3082	3201	
11	204	1088	1535	1599	1718	1831	1956	2212	2315	2419	2585	
100	304	313	427	443	459	641	651	823	1055	1089	1184	1194	1406	1423	1471	1536	1719	1904	2154	2209	2218	2268	2430	2595	2602	2709	2723	2870	2969	3000	3121	3251	3438	3445	3447	3469	3515	3749	3820	3844	3917	3976	4019	4024	4073	4107	4136	4150	4227	4255	4354	4364	4421	4514	4549	4588	4706	4732	4857	4870	4892	4905	4912	4926	4929	4974	
19	26	98	232	360	419	432	494	505	554	557	659	660	694	791	801	824	1079	1229	1279	1313	1451	1598	1659	1714	1721	1876	1877	1903	2039	2138	2157	2167	2467	2495	2556	2627	2666	2668	2678	2689	2794	2880	2979	3019	3290	3606	3703	3721	3745	3826	3838	3993	4091	4114	4127	4146	4210	4385	4388	4454	4475	4517	4550	4572	4582	4606	4610	4623	4630	4670	4680	4864	4868	4899	4934	4949	
318	387	614	624	700	907	1133	1506	1613	1614	1976	2082	2329	2406	2507	2554	2583	2599	2814	2891	2895	2917	2919	3089	3311	3398	3564	3627	3734	3889	3957	3995	4031	4240	4346	4632	4637	4980	
61	113	309	349	408	429	497	588	626	734	735	851	934	954	1078	1172	1179	1274	1334	1531	1612	1766	1839	1849	1878	1977	2118	2301	2314	2424	2873	2962	2972	3110	3138	3203	3279	3312	3573	3719	3780	3849	3947	4032	4108	4163	4205	4225	4323	4398	4424	4435	4473	4558	4576	4609	4619	4631	4755	4773	4801	4805	4806	4843	4850	4860	4893	4903	4919	4923	4943	4956	4964	4965	4966	4971	
192	237	297	300	367	412	761	966	1062	1269	1278	1296	1847	1967	2243	2271	2559	2729	3245	3427	3591	3619	3813	3863	3886	3891	3895	4188	4369	
41	214	550	619	827	857	931	1291	1384	1437	1580	1630	1642	1643	1693	1717	1806	1832	1845	1963	1992	2280	2472	2474	2647	2719	2766	2841	2864	3347	3397	3623	3640	3647	3665	3669	3729	3785	3934	4011	4027	4028	4407	4445	4614	4628	4741	4829	4907	4908	4913	
3	122	138	286	323	340	500	628	645	724	782	800	911	985	1080	1131	1374	1444	1715	1783	1789	1835	1868	1883	1913	1945	2080	2114	2153	2222	2227	2253	2278	2337	2507	2728	2761	2813	3011	3021	3332	3396	3425	3436	3570	3587	3609	3738	3827	3906	3917	4013	4029	4030	4070	4087	4174	4257	4267	4280	4281	4363	4495	4535	4539	4688	4716	4776	4815	4816	4842	4947	4979	
258	277	547	583	1500	1646	1720	2543	2624	4745	4786	4891	
206	250	649	814	1011	1066	1364	1669	2033	2100	2370	2459	3075	3343	
190	912	1108	1122	1408	1505	2123	2277	2862	2954	3314	3335	3336	4531	4922	
105	107	109	308	390	615	709	730	963	1022	1247	1330	1525	1592	1621	1833	2097	2149	2223	2251	2291	2323	2671	2739	3042	3061	3187	3214	3302	3547	3690	3765	4040	4124	4228	4243	4263	4276	4303	4309	4394	4446	4467	4704	4758	
311	507	523	714	815	883	1293	1400	1821	1839	2204	2307	2395	2566	2829	2855	2997	3041	3354	3556	3737	3879	4057	4167	4786	
38	330	587	1431	1509	1686	1710	1722	2199	2369	2550	2612	2681	3086	3738	
153	165	900	1169	1333	1387	1503	1647	1650	1819	2071	2288	2556	2767	2808	3216	3284	3301	3434	3518	3533	3593	3610	3667	3892	3911	3937	4180	4352	4729	
14	67	312	768	837	876	1019	1200	1273	1542	1611	1853	1972	2115	2224	2312	2415	2422	2473	2507	2509	2594	2787	2949	2963	3056	3057	3308	3381	3422	3479	3632	3660	3958	3981	4284	4349	4444	4455	4591	4666	4668	4679	4785	4800	4825	4846	4855	
29	389	597	850	896	1393	1404	2051	2173	2187	2576	2692	2783	2842	2885	3236	3305	3655	3831	3845	
188	192	345	352	618	661	869	1197	1354	2322	2478	2526	2607	2727	2732	2921	2922	3788	
235	283	617	670	877	984	1152	1316	1740	2000	
57	91	251	255	271	633	698	1086	1309	1349	1411	1415	1594	1738	2428	2460	2465	2476	2519	2533	2610	2616	2679	2832	2923	2988	3153	3163	3599	3625	3778	3796	3925	3966	4069	4113	4197	4208	4372	4384	4476	4522	4531	4555	4611	4626	4655	4714	4742	4744	4791	4797	4821	4854	4882	4926	
9	452	561	563	755	959	1046	1134	1388	1412	1559	1917	2004	2048	2081	2901	3319	3421	3702	3740	3783	3793	3878	3916	4004	4373	4410	4414	4429	
36	125	575	656	1013	1490	1609	1753	1905	2117	2500	2798	2877	3040	3065	3085	3104	3412	3708	3917	4286	
46	51	64	506	766	988	1045	1075	1183	1379	1634	1732	1881	2083	2250	2667	2744	2857	3617	3651	3736	3755	3766	4059	4185	
5	25	207	240	383	475	504	745	952	1140	1345	1396	1468	1512	1791	1815	1841	2028	2073	2079	2087	2162	2236	2273	2320	2390	2426	2439	2520	2718	2775	3122	3177	3261	3376	3774	3775	3867	3930	3959	4072	4084	4117	4132	4134	4176	4213	4224	4279	4288	4299	4331	4381	4452	4457	4531	4660	4662	4664	4789	4827	4865	4885	4909	4948	
193	409	603	627	693	713	794	921	1005	1082	1569	1604	1890	1999	2132	2159	2170	2269	2401	2425	2604	2631	2651	2999	3264	3340	3576	3654	3681	3709	3828	3960	3997	4077	4190	4326	4389	4396	4565	4567	4777	
117	663	681	712	753	874	979	1106	1124	1178	1285	1371	1518	1565	1795	2148	2461	2720	3471	3550	3836	3857	3872	3933	3967	3992	4043	4251	4482	4506	4537	
37	50	95	144	247	894	986	1021	1457	1460	1897	2139	2178	2255	2493	3050	3511	3802