359	509	835	921	1643	1882	1949	2239	2483	2504	2516	3113	3159	3217
85	440	538	989	1115	1239	1427	1561	2198	2203	2460	2489	2593	2743	2753	2778	3050	3419	3426	3508	3518	3650	3842	3992	4016	4100	
785	1415	1485	1493	1696	2269	2400	2689	2849	2886	2974	3004	3030	3094	3106	3121	3424	3446	3587	3827	
642	714	766	909	1607	1645	1681	2185	2417	2665	2693	3079	3243	3346	3463	3603	3673	
9	22	296	387	431	462	486	626	892	1091	1106	1171	1269	1751	2008	2071	2164	2363	2446	2482	2630	2695	2737	2896	2980	3041	3062	3253	3343	3500	3580	3684	3695	3712	3979	3986	4115	4128	4465	4538	
231	305	343	521	1200	1460	1690	2073	2089	2288	2528	2688	2725	2741	2994	3326	3447	3525	3668	3699	3934	4126	4137	4154	4202	4206	
321	449	466	596	1121	1144	1244	1270	1401	1435	1445	1640	1707	1864	1945	2043	2053	2375	2399	2414	2807	3060	3182	3540	3643	3856	3989	4043	
269	1046	1139	1162	1378	1594	1787	2184	2247	2436	2496	2497	2680	2825	2837	3080	3167	3370	3636	3832	3977	
7	325	402	628	689	951	1185	1331	2238	2537	2654	2798	3036	3245	3276	3366	3785	3895	4303	
377	424	455	579	701	1050	1755	2013	2140	2244	2466	3002	3158	3909	
92	481	606	617	671	814	922	976	1085	1152	1188	1398	1632	1646	2107	2910	3008	3021	3271	3546	3849	3916	3938	3968	4093	4166	4242	4280	4351	4356	4484	4911	
401	518	917	1056	1549	2054	2091	2256	2412	2478	2647	
112	329	372	438	474	492	636	732	781	806	825	879	885	896	942	970	975	1287	1596	1609	1761	1823	1912	1972	2391	2427	2455	2471	2542	2719	2721	2774	3399	3592	3709	3805	3824	4073	4087	4101	4163	4214	4232	4429	4492	4576	4614	4690	4851	4876	4883	4895	4932	4936	4950	4965	
25	237	448	571	585	728	823	828	1075	1093	1447	1500	1504	1595	1628	1853	1952	2162	2221	2348	2373	2397	2596	2766	2782	2784	2874	3075	3181	3225	3275	3299	3405	3415	3604	3885	4098	4135	4274	4517	4715	4717	4745	4788	4794	4833	4998	
39	76	107	247	352	673	705	722	799	811	821	833	856	930	1004	1160	1177	1202	1306	1337	1404	1477	1764	2178	2274	2318	2398	2525	2551	2660	2712	3017	3071	3091	3165	3296	3316	3335	3376	3402	3471	3651	3653	3681	3711	3772	3787	3815	3820	3897	4007	4014	4020	4025	4089	4143	4199	4316	4380	4409	4578	4634	4713	4760	4813	4848	4906	4937	4942	4966	4975	4984	4995	5000	
63	273	294	367	394	423	482	940	1012	1029	1593	1672	1840	1877	1976	2154	2170	2182	2405	2606	2628	2740	2750	2932	3262	3314	3635	3662	3692	3782	3784	3798	3921	3997	4000	4069	4142	4350	4414	4574	4642	
6	28	42	55	140	168	240	279	307	366	737	861	862	997	1227	1280	1733	1758	1826	1895	1911	1937	2136	2356	2472	2631	2671	2749	3006	3144	3218	3393	3511	3697	3753	3954	4021	4111	4164	4309	4519	4548	4567	4586	4682	4809	
20	57	510	680	771	803	943	945	998	1450	1819	2106	2199	2448	2479	2567	2584	2828	2982	2990	3227	3264	3295	3754	3835	4162	4296	
77	246	376	396	433	469	734	796	867	1077	1411	1473	1610	1660	1973	2059	2358	2416	2510	2768	2911	3132	3155	3168	3174	3313	3322	3378	3481	3504	3586	3714	3792	3946	4048	4054	4085	4130	4172	4181	4194	4255	4288	4306	4358	4475	4588	4676	4703	4728	4789	4801	4829	4839	4882	4889	4897	4967	4990	
220	283	308	441	797	1107	1131	1165	1382	1559	1866	
21	51	86	127	265	334	483	662	692	749	916	1007	1142	1164	1186	1232	1283	1285	1371	1453	1488	1604	1612	1617	1618	1719	1817	1843	1907	2037	2125	2206	2234	2252	2333	2390	2522	2598	2614	2651	2692	2791	2800	2824	2965	3163	3177	3202	3220	3332	3416	3429	3666	3667	3674	3723	3760	3800	3896	3944	3974	3988	4009	4160	4294	4318	4331	4362	4381	4471	4571	4599	4652	4758	4811	4856	4931	4978	
186	1234	1455	1676	1982	2253	2316	2359	2389	2553	2747	2852	
199	245	658	905	1304	1486	1565	1663	1729	1995	2949	3172	3244	3381	3501	
444	1191	1368	1369	1381	1590	1700	2012	2067	2468	
2	95	495	656	665	1100	1181	1625	2159	2325	
109	259	506	527	963	1315	1325	1392	1667	1936	2014	2191	2539	
502	522	593	780	897	1472	1883	1897	1923	2105	
277	504	611	913	1137	1454	1508	1534	1583	1637	1870	2169	2200	2254	2530	2544	2701	2836	2915	3304	3563	3671	3728	3841	3927	4051	4239	4313	4431	
49	830	1132	1182	1414	1558	1820	1822	2163	2183	
4	54	56	147	163	202	262	268	287	404	405	437	572	800	882	903	1022	1040	1073	1088	1206	1273	1370	1420	1512	1598	1600	1631	1647	1703	1704	1713	1771	1844	2022	2123	2202	2246	2249	2353	2393	2532	2546	2723	2733	2820	3115	3307	3465	3476	4071	4157	4210	4247	4256	4314	4336	4525	4542	4560	4627	4647	4711	4753	4779	4815	4867	4892	4922	
253	371	428	477	686	697	735	967	977	990	1003	1042	1364	1421	1532	1695	1776	1796	1846	1953	2144	2313	2574	2650	2722	2767	2818	2909	2917	3065	3294	3349	3621	3858	3874	3893	3899	3935	4104	4207	4220	4319	4456	4506	4521	4526	4602	4679	4723	4755	4847	4860	4900	4928	4945	
338	487	973	1026	1110	1134	1141	1197	1245	1299	1380	1467	1553	1554	1841	1898	2039	2175	2433	2511	2731	2799	2941	3522	3524	3531	
183	227	284	383	418	456	632	908	952	1028	1095	1225	1359	1728	1868	2176	2343	2555	2636	3116	3395	3632	3689	3892	4060	4103	4343	
31	323	326	410	435	519	824	1127	1334	1599	1718	1775	1955	2038	2240	2263	2314	2319	2445	2501	2550	2599	2619	2913	2958	3022	3067	3142	3272	3369	3438	3441	3506	3526	3600	3622	3779	3802	3810	4010	4139	4149	4261	4264	4301	4324	4445	4468	4476	4516	4700	4734	4772	4795	4822	4872	4958	4973	
191	192	206	242	430	1218	1375	1526	1584	1674	1938	2006	2075	2148	2425	2785	2859	2986	3055	3087	3162	3209	3263	3456	3593	4158	
108	142	668	717	1099	1256	1464	1641	1650	1760	1811	2851	
78	995	1017	1410	1585	1716	2122	2174	2289	2337	2554	2944	3000	3266	3534	3557	
104	479	488	630	725	784	843	912	987	1059	1183	1213	1268	1551	1685	1711	1727	1774	1842	2116	2250	2279	2431	2641	2649	2736	2809	2884	2955	2970	3058	3107	3137	3151	3203	3287	3417	3468	3479	3494	3514	3726	3729	3738	3770	3803	3809	3888	3932	4099	4118	4127	4170	4173	4311	4323	4363	4392	4440	4518	4536	4573	4584	4605	4664	4687	4777	4866	4912	4951	4963	4979	4989	4991	4997	
282	564	710	760	1316	1888	1989	2103	2217	2380	2499	2656	2708	2864	2988	3090	3554	3606	
8	174	407	594	669	1545	1587	1725	1856	
17	233	270	421	461	484	532	580	603	607	1039	1136	1388	1402	1403	1422	1423	1490	1502	1588	1657	1669	1709	1861	1905	2015	2266	2294	2467	2805	2935	3095	3130	3727	3836	3861	3884	4018	4144	4188	4208	4235	4341	4399	4458	4473	4480	4592	4646	4665	4698	4806	4935	
555	724	1236	1783	1935	2005	2474	2583	2603	4778	
153	349	529	807	1002	1005	1074	1237	1386	1591	1778	1803	1806	1855	1860	1970	1984	2024	2134	2261	2262	2326	2623	2829	2975	2999	3032	3298	3356	3567	3633	3654	3701	3797	3799	4091	4236	4425	4637	4718	4926	
113	224	361	612	645	660	700	893	1207	1619	1635	1825	1968	2035	2211	2421	2758	2777	2834	2839	2912	3057	3212	3301	3359	3474	3875	4182	4254	4482	4535	4557	
72	230	290	558	646	681	695	708	802	934	938	962	1111	1390	1408	1443	1461	1537	1544	1592	1720	1753	1830	1837	1876	1894	2150	2503	2585	2773	2792	2819	2857	2875	3303	3309	3345	3361	3483	3505	3647	3670	3703	3771	3821	3850	3920	3993	4026	4046	4077	4090	4159	4191	4273	4410	4419	4554	4562	4568	4585	4591	4597	4622	4626	4636	4641	4832	4850	4859	4863	4871	4887	4893	4899	4992	4993	
286	378	526	573	682	759	778	902	1105	1494	1662	1730	1789	1791	2018	2036	2117	2131	2307	2328	2535	2607	2694	3196	3234	3254	3372	3379	3428	3461	3626	3661	3663	3764	3766	3846	3900	3970	4201	4219	4231	4293	4371	4395	4422	4449	4515	4565	4575	4580	4587	4616	4725	4761	4814	4925	4964	
422	473	788	1254	1376	1459	1468	1908	1992	2404	2432	2699	2789	2850	3031	3044	3354	3437	3615	
103	167	373	450	923	1118	1509	1573	2016	2040	2080	2355	2512	2559	2755	2907	3198	3868	
80	120	135	177	374	460	535	562	625	801	899	901	1020	1157	1738	1744	1909	1966	1987	2278	2563	2679	2793	3038	3268	3350	3391	3584	3682	3733	3749	3755	3880	3908	3942	3949	4029	4097	4304	4432	4551	4702	4706	
130	184	198	301	399	587	950	956	978	1014	1066	1198	1208	1324	1452	1671	1697	1717	1756	1863	1933	2161	2302	2456	2518	2848	2861	3018	3066	3250	3297	3330	3331	3569	3609	3658	3715	3817	3894	4047	4063	4179	4203	4372	4373	4415	4489	4683	4686	4890	
16	129	185	362	687	709	872	1417	1929	2407	2560	2637	2676	2783	3016	3027	3194	3582	3926	3933	3973	
30	622	870	1001	1301	1812	2121	2271	2309	2385	2444	2626	2706	2735	3125	3140	3206	3544	3555	3649	3913	4068	
71	222	232	351	406	432	459	624	634	748	789	852	866	949	1015	1169	1241	1253	1286	1288	1519	1580	1692	1828	1906	1954	1958	1981	2044	2051	2070	2111	2135	2362	2383	2387	2524	2538	2572	2640	2662	2685	2779	2815	2887	3141	3175	3187	3230	3392	3613	3655	3659	3831	3928	3941	4002	4042	4141	4167	4217	4337	4389	4412	4507	4544	4549	4550	4604	4677	4685	4787	4842	4875	4884	4949	4971	4977	4983	
154	280	485	1049	1387	1768	2034	2196	2220	2668	2752	2764	2817	3003	4716	
10	119	178	193	322	499	531	621	629	651	674	786	822	834	914	948	1210	1222	1302	1346	1627	1655	1769	1816	1902	1926	2010	2204	2227	2265	2644	2675	2890	3081	3214	3282	3410	3509	3640	3876	3879	3922	3939	4178	4403	4439	4490	4528	4780	4852	4861	4878	4894	4916	4919	4930	4968	4976	
41	105	249	306	337	412	453	464	552	929	1023	1249	1358	1527	1570	1741	1785	1927	1948	1961	2102	2166	2179	2180	2219	2264	2331	2384	2428	2442	2443	2477	2589	2613	2707	2804	2937	3122	3270	3323	3328	3329	3364	3388	3397	3502	3903	3998	3999	4171	4347	4361	4428	4481	4512	4539	4569	4625	4643	4663	4803	4830	4873	4938	4953	4994	
151	341	528	554	563	574	591	939	979	1193	1215	1281	1317	1353	1710	1836	1915	1985	2290	2345	2379	2578	2586	2916	2993	3023	3069	3357	3404	3775	3871	4177	4213	4365	
23	101	137	310	540	545	614	631	643	820	826	936	968	996	1061	1572	1721	1747	1752	1914	2020	2046	2243	2335	2438	2557	2702	3014	3138	3224	3420	3440	3641	3734	3735	3752	3768	3769	3853	3936	4030	4269	4327	4704	4709	
344	471	716	783	790	844	858	1013	1082	1122	1212	1330	1339	1951	2002	2087	2469	2987	3029	3341	3452	3457	3513	3571	4035	4184	4275	4354	4423	4467	4531	4693	
215	443	523	569	819	954	1068	1114	1295	1336	1524	1543	1687	1780	1956	2003	2418	2463	2629	2711	2802	2866	3001	3011	3129	3293	3368	3520	3596	3638	3660	3865	3995	4108	4180	4272	4291	4417	4543	4651	4670	4767	4808	
106	159	195	257	275	298	712	876	941	1235	1248	1531	1552	1608	1887	1904	1913	1940	1963	2019	2147	2327	2372	2509	2950	2983	3403	3454	3607	3618	3704	3765	3773	3783	3786	3829	3863	3883	3911	3951	3952	3963	4133	4174	4223	4501	4547	4555	4746	4775	4909	
181	623	840	955	1062	1373	1974	2060	2097	2796	3061	3105	3222	3290	3495	3575	
379	517	664	769	812	829	999	1048	1432	1506	1859	1879	2332	2341	2543	2565	2672	2808	2889	2902	2908	2943	3026	3074	3324	3619	3623	3746	4050	4095	4451	4514	
235	550	640	827	1031	1128	1133	1231	1312	1732	2011	2023	2033	2074	2237	2382	2492	2700	2903	2905	2961	3007	3033	3186	3351	3549	3793	3886	3965	3982	3996	4003	4102	4116	4131	4190	4229	4339	4463	4613	4668	4672	4691	4757	
720	723	757	910	1310	1321	1483	1517	1701	2062	2084	2579	
386	491	577	647	715	730	779	818	1089	1173	1203	1209	1214	1323	1385	1622	1714	1831	1899	2009	2190	2323	2403	2720	2948	3089	3126	3128	3179	3240	3337	3492	3705	3796	3848	3929	4132	4185	4186	4226	4289	4334	4540	4552	4621	4708	4870	
66	414	894	1087	1479	1564	2042	2145	2617	2763	2794	3146	3231	3257	3449	3455	3470	3559	3578	3686	
505	536	677	808	1220	1518	1597	1737	1799	1827	1896	2502	2703	2718	3160	3221	3590	
79	297	317	358	415	446	864	919	1033	1045	1178	1362	1367	1389	1449	1487	1538	1566	1582	1629	1649	1878	1947	2007	2426	2678	3184	3283	3342	3398	3477	3530	3560	3724	3964	3991	4005	4028	4034	4183	4265	4320	4391	4505	4524	4631	4657	4837	4877	4917	
117	204	904	935	1055	1103	1124	1530	1739	2862	2929	3010	3443	
34	38	64	141	146	171	318	346	419	470	598	667	817	937	953	965	1032	1065	1135	1351	1437	1476	1499	1835	2079	2083	2096	2156	2187	2230	2231	2282	2413	2459	2595	2612	2635	2797	2947	3267	3389	3432	3585	4072	4080	4245	4292	4469	4487	4661	4680	4684	4724	4816	4849	4862	4880	4891	4908	4943	4962	
74	126	138	149	182	207	795	933	1102	1261	1300	1314	1322	1328	1462	1677	2120	2158	2306	2473	2648	3120	3139	3210	3564	3591	3725	3902	3956	4252	4307	4364	4401	4416	4442	4457	4494	4553	4640	4730	
61	364	1303	1363	1394	1426	1491	1535	2434	2580	2600	2730	2976	
18	32	33	84	234	347	1011	1064	1086	1329	1480	1525	1648	1814	1850	2276	2347	2376	2724	2957	3048	3150	3279	4168	4270	
228	243	255	264	304	339	447	706	767	863	869	946	1333	1471	1611	1824	2152	2245	2320	2395	2562	2742	2761	2865	3176	3355	3519	4067	4124	4156	
48	212	672	711	980	1379	1484	1547	1689	1832	1849	2088	2519	2541	2897	3311	3334	3408	3482	3577	3601	3683	3708	3739	4064	4070	4092	4222	4402	
320	590	619	650	683	729	1242	1922	2057	2351	2371	2696	
381	425	1192	1507	1654	2241	2321	2513	2615	2780	2964	3216	3365	3396	3406	3418	3634	3776	3864	
303	503	635	854	1044	1143	1155	1327	1575	1624	1636	1925	2052	2192	2257	2423	2487	2592	2677	2956	2966	3104	3149	3197	3422	3707	4233	4297	4366	4420	
156	274	389	601	754	873	889	900	1009	1163	1251	1290	1345	1456	1555	1777	1801	1821	2214	2268	2490	2531	2673	2765	2801	2853	2924	3093	3219	3248	3291	3348	3464	3605	3718	3720	3763	3966	3987	4037	4059	4084	4218	4332	4369	4377	4383	4606	4628	4645	4655	4659	4694	4820	4944	4954	4955	4982	4985	
35	214	1063	1180	1217	1308	1318	1344	1412	1513	1784	1786	1865	1997	2021	2453	2608	2760	3173	3545	3750	4001	4011	4058	
91	254	291	348	436	543	661	960	1250	1320	1457	1767	2048	2259	2633	2816	2923	3043	3382	3537	3631	3706	3811	3854	3912	3955	3984	4019	4075	4086	4136	4192	4285	4590	4609	
11	24	52	94	218	302	513	694	1161	1170	1190	1433	2281	2311	2342	2558	2568	2674	2776	2854	2881	2885	2892	2959	2989	3012	3045	3096	3386	3407	3599	3625	3943	3985	4061	4125	4161	4374	4378	4493	4764	4783	
43	239	251	276	300	508	589	761	947	991	1030	1036	1123	1541	1694	1735	1742	1829	1845	1932	2030	2058	2078	2402	2517	2691	2867	2870	2930	2934	2978	3046	3063	3242	3260	3475	3528	3645	3646	3665	3736	3756	3788	3898	4112	4121	4200	4234	4248	4279	4300	4342	4430	4488	4502	4615	4620	4656	4737	4752	4762	4766	4786	4825	4865	
27	133	145	221	345	365	390	409	413	439	541	578	605	616	653	753	794	798	805	924	1000	1070	1108	1216	1240	1255	1354	1393	1442	1481	1542	1556	1602	1679	1818	1867	1943	2049	2098	2108	2113	2223	2224	2293	2344	2527	2646	2686	3251	3925	3980	4066	4253	4298	4315	4385	4413	4446	4527	4603	4689	4747	4749	4790	4818	4827	4844	4881	4904	
67	380	770	849	1053	1228	1264	1407	1749	1795	2847	2942	
123	525	815	907	1763	1802	1809	1884	1928	2365	2366	2447	2664	
134	566	576	637	649	738	751	836	868	1341	1444	1601	1869	1930	1971	2216	2370	2381	2462	2505	2548	2611	2900	2977	3078	3088	3131	3191	3193	3237	3310	3423	3616	3830	4175	4281	4328	4572	4720	4754	
197	382	434	445	498	816	874	1010	1038	1119	1271	1746	1857	2126	2260	2308	2475	2638	3277	3451	3459	3532	3535	3637	3748	3847	3947	4120	4197	4211	4340	4437	4459	4561	
13	45	139	160	162	666	675	813	1104	1129	1262	1348	1470	1722	2068	2498	2507	2622	2655	2813	2821	2871	3083	3109	3223	3229	3358	3458	3467	3664	3741	3839	3889	3959	4055	4165	4241	4394	4397	4511	4529	4559	4581	4817	
73	567	584	592	1201	1397	1498	1616	1664	2270	2310	2439	2491	2842	2918	3213	3215	3693	
497	1229	1723	1919	1920	2026	2226	2251	2386	2408	2728	2762	2879	2995	3135	3185	3273	3453	3628	3677	3680	3742	3801	3843	3975	
327	356	388	490	755	787	1307	1489	1540	1770	1788	2055	2451	2529	2751	3367	3373	3431	
336	353	620	752	846	865	888	1613	1754	1993	
384	609	983	1006	1252	1396	2168	2236	2258	2430	2877	3092	3362	3380	3413	3542	
169	200	288	370	561	600	855	1069	1145	1277	1343	
210	328	992	1309	1361	1528	1589	1724	2127	2273	2597	2894	2996	3306	3541	3732	3777	3791	
375	516	539	570	831	1146	1858	1967	2110	2177	2280	2450	2457	2485	2705	3421	3507	3512	3543	3648	3915	3924	
19	256	299	763	972	1279	1510	1743	2000	2301	
136	144	205	293	678	1125	1179	1712	1924	2201	
155	172	248	530	557	925	1520	1715	2369	2415	2925	2972	3051	3086	3199	3284	3285	3490	3566	3696	3828	3844	3857	
3	29	65	122	267	311	354	515	568	633	890	985	986	1047	1076	1189	1305	1395	1522	1939	2028	2072	2218	2299	2411	2594	2814	3101	3236	3612	3794	3818	3833	3851	3877	4056	4117	4348	4396	4448	4566	4671	4705	4759	4802	
68	83	143	213	392	718	792	848	875	928	1276	1292	1581	1942	1978	1986	2297	2352	2364	2806	2835	2914	3170	3321	3448	3472	3488	3822	3957	3962	3969	4215	4278	4335	4541	4612	4619	4649	
203	560	971	1195	1226	1263	1463	1465	1964	2374	2420	2526	2624	2704	2713	2757	2920	3028	3134	3259	3286	3627	3918	4024	4052	4122	4286	
82	480	544	887	1037	1109	1366	1750	1893	2064	2155	2233	2406	2601	2786	2787	2823	3085	3169	3265	3317	3473	3698	3873	4062	4260	
161	330	507	575	582	704	733	736	895	1018	1148	1372	1495	1511	1708	1994	2082	2186	2210	2710	3072	3400	3778	3931	3937	4113	4322	4433	
93	150	175	315	467	684	776	1147	1154	1289	1365	1428	1605	1693	1762	2151	2338	2419	2663	2709	2744	2843	2919	3005	3025	3211	3484	3597	3687	3859	4216	4345	4353	4360	4398	4405	4421	4499	4563	4579	4710	4721	4733	4750	4751	4771	4793	4804	4834	4835	4864	4885	4918	4960	
81	316	547	777	1054	1296	1431	1446	1478	1638	2305	2684	3117	3360	3558	3568	
37	114	391	537	648	958	1060	1259	1977	2069	2500	2540	2826	2946	
5	75	124	551	774	1266	1311	1834	1975	2128	2465	2481	2621	2634	2971	3042	3111	3192	3289	3340	3570	3639	3795	3882	3961	4013	4053	4110	4153	4189	4312	4434	4483	4504	4545	4607	4658	4729	4735	4741	4781	4796	4810	
1	319	416	957	988	1117	1205	1539	2137	2208	
278	542	726	810	984	1041	1247	1294	1383	1579	1666	1740	1748	1934	2031	2085	2212	2304	2354	2440	2494	2639	2643	2669	2931	3114	3119	3233	3338	3374	3436	3489	3521	3579	3719	3744	3825	3837	4290	4454	4497	4532	4589	4593	4732	4743	4768	4807	4831	4858	4886	4905	
58	88	357	604	1158	1168	1275	1326	1350	1847	1960	2235	2315	
152	179	451	699	841	1293	1419	1577	1644	1874	1890	2292	2771	2960	3161	3390	3678	
132	211	217	266	285	295	312	472	652	654	696	880	974	1156	1172	1278	1779	1790	1792	1794	1805	1813	1851	1965	2029	2086	2104	2119	2225	2521	2576	2746	2775	2841	3226	3246	3280	3499	3527	3747	3967	4187	4230	4244	4283	4317	4513	4533	4556	4594	4727	4773	4896	4939	4947	4959	4961	
241	534	599	768	1021	1024	1072	1418	1441	1634	1642	1731	1765	1793	2093	2461	2480	2575	2618	2627	2632	2657	2845	3353	3710	3872	3940	3994	4346	4355	4444	
332	489	688	1083	1138	1684	1848	2027	2515	2754	2840	2940	3124	3195	3239	3336	3460	3572	3669	3743	3757	3761	3870	4033	
164	194	553	586	765	804	883	1057	1284	1424	1503	1529	1623	2129	2149	2410	2566	2571	2856	2933	3019	3020	3171	3308	3320	3327	3409	3497	3700	3713	3721	3745	3804	3852	3869	3887	3905	3972	3978	4079	4105	4151	4155	4169	4212	4435	4455	4546	4600	4638	4648	4736	4805	4821	4923	4929	4957	4999	
324	368	993	1016	1035	1702	1889	2346	2714	2822	2891	
47	99	189	281	400	476	676	1469	1652	1661	1903	2324	2350	2464	3208	
116	176	188	289	442	463	602	615	618	739	772	1112	1400	1405	1438	1451	1482	1603	1691	1810	2143	2173	2228	2255	2300	2401	2437	2739	2872	2985	3097	3118	3127	3153	3200	3274	3312	3344	3430	3491	3517	3562	3598	3690	3722	3814	3930	4140	4150	4367	4370	4400	4407	4470	4503	4510	4695	4719	4722	4731	4791	4812	4819	4823	4838	4907	4913	4946	4956	4980	
244	639	741	743	782	851	969	1043	1092	1223	1550	1563	1571	1918	1921	2115	2160	2602	2901	3068	3394	3496	3516	3617	3717	3904	3950	4008	4036	4040	4196	4237	4250	4466	4477	4608	4669	4726	4739	
115	314	655	685	756	959	1067	1176	1230	1233	1238	1574	1606	1872	1979	1998	2076	2229	2367	2962	3034	3110	3247	3256	3551	3806	3823	3910	4065	4074	4129	4205	4224	4257	4618	4635	4697	
102	693	891	918	964	1766	2153	2207	2275	2831	2832	2846	3190	3249	3281	3469	
331	588	745	878	911	1332	1360	1944	2112	2132	2146	2171	2285	2303	2360	2476	2484	2545	3009	3103	3261	3553	3672	3781	3855	3881	4225	4263	4321	4418	4424	4522	4596	
395	475	548	703	838	927	932	981	1116	1243	1267	1675	1726	1804	1871	1950	2165	2193	2286	2378	2422	2556	2812	2860	3053	3076	3143	3434	3675	3758	3808	3834	3845	3867	3890	4094	4123	4330	4344	4427	4673	4675	4692	4828	4845	4854	
98	258	355	898	1194	1557	2017	2652	2938	2979	2984	2992	3188	3302	3548	
15	96	839	871	944	1025	1659	2232	2317	
216	333	764	793	832	877	1113	1349	1492	1533	1630	1686	1698	1705	1782	1910	2213	2272	2284	2295	2458	2552	2658	2670	2690	2697	2738	2781	2927	2928	3070	3204	3318	3363	3387	3442	3816	3862	4240	4259	4271	4299	4305	4384	4406	4461	4464	4474	4558	4601	4617	4650	4688	4701	4756	4763	4769	4792	4800	4920	4970	
40	209	670	698	1159	1875	1892	1991	2357	2488	2745	2790	2997	3052	3385	3439	
121	131	350	524	583	679	845	1034	1166	1335	1576	1586	1688	1736	1798	1886	2077	2157	2409	2661	2788	2878	2899	3164	3235	3556	3611	3629	3657	3759	3762	3780	3813	3953	4031	4106	4134	4146	4176	4276	4326	4411	4453	4485	4523	4583	4629	4653	4660	4765	4799	4901	4903	4921	
125	196	458	559	860	1745	1990	2748	2770	2803	2945	3015	3040	3152	3241	3433	
252	411	417	457	520	762	1153	2222	2277	2291	2587	2939	3205	3411	
238	420	427	1175	1384	1931	2167	2429	2523	2561	2620	3049	3099	3189	
44	69	309	638	641	857	1448	2092	2349	2454	2547	2858	
36	90	97	165	201	229	657	707	750	791	1027	1094	1391	1416	1434	1436	1505	1562	1626	1653	1673	1683	1957	1996	2056	2066	2209	2336	2570	2830	2953	2954	2968	2973	3102	3133	3425	3581	3602	3614	3620	3630	3751	3790	3807	3919	4049	4349	4447	4496	4498	4582	4595	4598	4662	4674	4744	4797	4826	4840	4843	4857	4974	4987	4996	
26	148	223	292	342	363	398	403	610	744	994	1079	1097	1120	1258	1265	1399	1413	1429	1536	1560	1962	2050	2063	2081	2094	2101	2114	2181	2267	2506	2581	2591	2727	2833	2863	2869	2895	2922	2967	2981	2991	3084	3510	3731	3917	3958	4032	4038	4057	4147	4193	4195	4198	4249	4251	4302	4368	4375	4387	4404	4450	4452	4478	4534	4564	4610	4639	4740	4798	4836	4869	4902	4972	
70	180	511	512	721	746	961	1051	1174	1246	1356	1439	1706	1980	2025	2130	2188	2514	2610	2726	2772	2883	2926	3166	3278	3375	3414	3444	3574	3624	3819	4227	4357	4520	4624	4667	
14	59	187	272	501	747	758	847	906	1008	1081	1084	1184	1272	1313	1355	1458	1466	1523	1569	1578	1620	1621	1680	1797	1807	1808	1815	1839	1862	1880	1881	1891	2109	2139	2189	2242	2329	2368	2388	2435	2449	2588	2906	3037	3108	3183	3201	3232	3339	3352	3412	3561	3573	3656	3685	3789	3878	4017	4039	4081	4114	4325	4376	4443	4479	4486	4491	4633	4678	4770	4824	4927	4948	4969	4986	
250	493	713	853	1260	1274	1838	1959	1983	2133	2195	2287	2470	2486	2508	2698	2732	2759	2855	3445	3466	3676	4044	4088	4228	4243	4246	4388	
170	225	514	613	663	1078	1211	1219	1546	1678	1800	2099	2138	2493	2549	2642	2682	2715	3056	3073	3077	3252	3305	3319	3347	3503	3538	3550	3552	3594	3595	3860	3960	4015	4109	4148	4268	4277	4284	4295	4379	4500	4508	4509	4570	4632	4681	4699	4841	4868	4888	
157	158	360	426	452	533	581	702	719	859	931	1149	1196	1338	1352	1615	1699	1757	1854	1873	1900	2334	2396	2495	2605	2666	2717	2729	2769	2882	3059	3123	3148	3207	3228	3300	3333	3487	3536	3589	3608	3688	3737	3945	4204	4262	4266	4267	4308	4352	4382	4386	4436	4438	4441	4530	4623	4630	4644	4712	4782	4785	4846	4853	4898	4914	4924	4933	4934	4981	4988	
110	118	546	565	809	1140	1257	1297	1568	1773	2681	4748	
226	313	478	1224	1377	1440	1475	1501	1781	2045	2061	2312	3013	
89	740	850	1098	1319	1409	1969	2361	2659	2716	2898	3024	3315	
340	597	608	627	1150	1151	1187	1406	1515	1656	1682	1772	1941	2090	2172	2248	2322	2452	2520	2683	2936	3100	3112	3384	3427	3610	3679	3691	3838	3840	3981	4238	4329	4338	4393	4408	4460	4472	4611	4666	4714	4776	4784	
261	271	393	500	690	920	926	1548	1665	1734	1885	2141	2377	2573	2604	2811	2888	2921	3258	3325	3480	3539	3652	3983	4145	
111	1096	1282	1291	1340	1633	1670	2296	2424	2653	2795	2868	3098	3178	3383	
50	263	369	595	1199	1514	1567	1614	1651	1999	2118	2205	2283	2392	2533	2590	2880	3035	3156	3157	3255	3485	3498	3583	3923	3948	4096	4282	4310	
87	496	549	556	982	1058	1130	1946	2215	2298	2330	2564	2582	2609	2756	2873	2893	2904	2952	2969	2998	3039	3147	3288	3450	3462	3486	3493	3529	3565	3588	3694	3730	4006	4078	4082	4287	4333	4390	4426	4462	4577	4654	4696	4742	4855	
385	408	644	742	966	1221	1298	1521	2095	2194	2339	2577	2844	2876	3047	3064	3377	3767	3826	3866	
775	886	1101	1497	1516	1668	1759	1852	2004	2569	2625	2951	3136	3238	3435	3547	
208	236	260	454	731	1167	1430	1658	1901	2041	
46	190	219	335	659	691	881	915	1019	1052	1080	1090	1342	1347	1357	1374	1474	1639	1916	2032	2100	2124	2142	2197	2536	2667	2827	2838	3401	3478	3533	3644	3740	3812	3971	4004	4012	4045	4119	4209	4495	4537	4707	4738	4774	4874	4879	4910	4915	4940	4941	4952	
62	100	173	465	494	773	842	1071	1204	1833	2001	2065	2394	2534	2616	2645	2963	3145	3154	3269	3523	4022	4027	4041	4076	4083	4152	4359	
53	60	397	727	837	1425	1496	1917	2047	2687	2734	3054	3082	3180	3371	3891	3901	3907	3976	3990	4107	
12	128	166	429	468	884	1126	1988	2340	2441	2810	3292	3515	3576	3642	3702	3716	3774	3906	3914	4023	4138	4221	4258