498	553	896	1027	1396	1613	2057	2116	2202	2542	2566	2632	2994	3178
82	369	405	512	619	673	771	1060	1120	1210	1451	1782	2175	2205	2872	3147	3430	3535	3551	3575	3674	3881	4007	4025	4104	4168	
9	387	417	623	930	966	1091	1123	1143	1160	1529	1589	1731	1910	2145	2374	2620	2961	3374	3552	
109	168	181	342	507	956	1041	1206	1514	1820	1853	1921	2041	2176	2955	3298	3891	
16	286	390	679	708	884	1118	1403	1467	1473	1654	1810	1951	1954	1956	2032	2138	2242	2422	2528	2678	2684	2779	2781	3450	3566	3743	3854	3965	4065	4118	4127	4129	4493	
57	446	457	744	748	822	907	998	1096	1377	1419	1691	2035	2590	2619	2760	3048	3246	3262	3405	3708	3723	3812	3900	3998	4099	
183	462	968	1107	1155	1207	1339	1380	1917	1961	1979	1989	2326	3145	3153	3175	3345	3459	3501	3711	3742	3919	4022	4086	4230	4283	4311	4395	
202	221	332	599	957	1032	1152	1169	1793	2211	2797	2818	3235	3460	3468	3509	3739	3771	3841	3966	4058	
113	419	889	1171	1175	1359	1554	1809	1817	1975	2109	2266	2436	2763	3285	3381	3456	3788	3868	
189	458	817	1222	1230	1398	1495	1816	2320	2409	2430	2885	2959	3208	
289	366	529	580	642	718	828	1017	1277	1326	1509	2055	2065	2506	2554	2734	3085	3156	3198	3291	3343	3593	3671	3737	4093	4256	4335	4407	4410	4487	4585	4929	
624	1048	1353	1490	1523	1678	1832	2253	2265	2420	2464	3088	
18	77	200	293	320	359	459	479	502	602	720	788	833	838	911	920	941	985	1119	1328	1395	1426	1499	1894	1945	2172	2225	2304	2345	2379	2454	2488	2576	2832	2834	3170	3244	3407	3510	3668	3726	3866	3913	4360	4386	4417	4445	4588	4613	4763	4870	4883	4884	4885	4887	4934	
22	161	266	622	1112	1387	1450	1460	1524	1623	1671	1752	1754	1851	2053	2170	2292	2412	2517	2547	2623	2703	2843	2870	3225	3388	3496	3609	3734	3741	3836	3877	4003	4029	4054	4131	4216	4279	4379	4426	4569	4686	4737	4754	4794	4817	
31	55	135	292	298	468	555	775	914	937	954	1000	1162	1268	1384	1540	1630	1633	1723	1748	1811	1997	2016	2045	2154	2232	2244	2256	2273	2275	2446	2669	2674	2732	2747	2805	2894	3007	3174	3222	3287	3308	3318	3323	3500	3935	3951	3979	4036	4077	4113	4391	4478	4495	4509	4517	4530	4535	4555	4558	4614	4703	4746	4767	4785	4857	4872	4905	4927	4956	4972	4977	4987	
93	231	322	401	1166	1248	1297	1465	1657	1684	1803	1846	2137	2218	2282	2308	2611	2941	2977	3012	3044	3069	3072	3334	3508	3518	3556	3569	3626	3906	4012	4047	4049	4180	4323	4338	4354	4531	4656	4677	4957	
2	7	66	115	424	801	1089	1225	1332	1462	1715	1856	1872	1875	1879	2149	2171	2248	2262	2283	2336	2396	2429	2523	2667	2924	2950	3154	3330	3354	3452	3463	3492	3754	4005	4080	4096	4126	4162	4306	4494	4662	4747	4762	4804	4825	
68	78	448	613	683	804	1131	1188	1406	1457	1821	2310	2479	2534	2629	2880	3252	3391	3560	3687	3813	3902	3928	3980	4128	4140	
91	145	158	170	305	388	527	589	594	762	976	1202	1274	1388	1477	1638	1656	1736	1946	2020	2040	2075	2101	2341	2483	2510	2635	2859	2878	2982	3080	3150	3191	3458	3665	3760	3828	3975	4062	4178	4293	4334	4343	4393	4485	4513	4610	4696	4701	4705	4735	4776	4831	4836	4903	4958	4965	4970	4994	
505	535	541	572	577	756	1232	2297	2298	2475	4847	
73	76	148	154	192	304	357	480	547	549	558	732	785	880	1125	1240	1279	1283	1290	1299	1312	1404	1550	1586	1587	1629	1824	1852	1902	1965	2131	2188	2195	2352	2382	2482	2582	2729	2749	2928	2990	2999	3008	3023	3024	3078	3190	3312	3317	3372	3386	3433	3519	3540	3586	3683	3777	3786	3804	3859	3914	3918	4082	4166	4315	4459	4587	4663	4724	4725	4743	4793	4811	4834	4843	4890	4891	4973	
652	842	1013	1134	1534	1546	1716	1785	2001	2529	2614	2847	
250	570	805	1038	1101	1126	1256	1280	1369	1502	2309	2462	2814	2939	3457	
53	409	736	951	1069	1196	1544	1733	1911	2307	
106	883	963	1006	1078	1150	1489	1508	1575	2339	
205	354	894	984	1315	1345	1428	1521	2748	2757	2887	3269	4693	
177	467	885	1794	2209	2237	2327	2376	2428	
59	238	259	601	1004	1303	1317	1325	1570	1842	1896	1916	1926	1964	2186	2216	2526	3127	3215	3595	3652	3673	3675	3717	3884	4090	4102	4189	
245	450	1231	1322	1397	1581	1948	2067	2496	2549	
27	64	69	174	187	278	297	314	461	616	662	793	948	1228	1247	1410	1421	1496	1573	1576	1646	1855	1888	1895	2161	2197	2238	2239	2574	2645	2723	2740	2914	3010	3053	3205	3299	3409	3490	3502	3504	3505	3564	3684	3757	3772	4173	4209	4305	4331	4381	4384	4397	4581	4647	4782	4861	4868	4888	4895	4928	4935	4960	4968	4969	4993	
117	127	300	710	876	895	897	995	1026	1115	1234	1261	1597	1693	1860	2132	2140	2142	2162	2363	2404	2531	2624	2628	2675	2704	2730	2733	2783	2829	2869	3070	3117	3261	3267	3361	3435	3523	3667	3778	3799	3820	3970	4231	4300	4320	4378	4556	4690	4799	4844	4850	4852	4908	4955	
134	142	469	647	1085	1309	1461	1584	1985	2073	2353	2664	2879	3009	3274	3327	3608	3833	3876	3981	4014	4018	4089	4201	4310	
581	745	823	1116	1218	1535	1607	1631	2231	2586	2980	3029	3089	3288	3524	3597	3790	3952	3999	4142	4154	4212	4225	4275	4280	4325	4369	
151	249	288	940	1035	1167	1269	1429	1491	1552	1588	1640	1775	1812	1858	1935	2240	2279	2377	2417	2427	2480	2617	2637	2863	2896	2986	3051	3098	3238	3419	3641	3662	3806	3808	3839	3873	3934	4004	4095	4097	4192	4252	4257	4373	4380	4470	4486	4512	4576	4708	4717	4766	4830	4863	4900	4961	4995	
156	334	381	423	436	807	1195	1327	1412	1590	2003	2086	2214	2380	2634	2731	2926	3209	3493	3670	3691	3705	4164	4186	4232	4933	
14	211	445	690	768	1084	1655	1734	1844	1903	2616	3110	
123	246	1458	1732	1826	2022	2478	2808	2876	2912	2923	3042	3163	3324	3413	3614	
45	61	147	374	476	658	692	711	776	784	856	991	1059	1065	1109	1139	1141	1154	1250	1417	1481	1486	1533	1665	1681	1758	1925	1939	1947	2024	2151	2335	2453	2466	2473	2512	2537	2558	2737	2898	3017	3067	3181	3223	3247	3273	3436	3477	3495	3617	3701	3762	3927	4000	4072	4076	4112	4224	4235	4295	4298	4313	4344	4448	4482	4516	4628	4684	4720	4924	4980	4986	4998	
84	267	674	697	703	1025	1620	2227	2460	2527	2540	2639	2819	2888	3104	3534	3775	
727	858	1194	1363	1434	1808	1996	2207	2254	2471	
81	144	173	176	643	851	864	979	1182	1311	1592	1615	1742	1897	1912	2077	2126	2136	2351	2476	2489	2771	2911	2963	3004	3139	3149	3263	3301	3794	3853	3856	3878	3948	3969	4081	4084	4136	4227	4296	4297	4302	4345	4394	4652	4680	4713	4761	4805	4822	4942	4954	
38	891	1018	1520	2026	2100	2112	2120	2415	2659	2728	
184	191	382	574	578	650	688	728	738	826	994	1498	1767	1845	2074	2354	2384	2393	2399	2414	3040	3123	3129	3135	3169	3200	3555	3572	3590	3693	3752	3834	4138	4200	4204	4570	4671	4714	4738	
522	908	909	983	1037	1093	1095	1259	1324	1337	1372	1441	1466	1565	1599	1755	1772	1840	1893	2201	2594	2739	3083	3184	3320	3469	3485	3774	3939	4125	4188	4294	4370	
6	15	262	303	372	432	451	524	551	588	608	722	820	878	955	978	1216	1271	1352	1424	1569	1579	1622	1720	1795	2012	2050	2052	2119	2125	2148	2187	2267	2330	2499	2602	2769	2777	2962	2970	3096	3155	3177	3214	3346	3357	3482	3601	3607	3747	3781	3805	3823	3875	3983	4015	4027	4114	4170	4177	4197	4198	4199	4260	4282	4321	4450	4715	4723	4744	4814	4840	4869	4878	4914	4982	4996	
110	209	341	370	453	466	656	661	782	844	899	900	1005	1211	1243	1308	1323	1371	1454	1941	2303	2588	2666	2755	2868	2882	2886	3107	3185	3188	3366	3437	3453	3624	3640	3843	3852	3909	4092	4144	4194	4285	4356	4357	4419	4446	4503	4521	4583	4691	4797	4806	4812	4904	4919	4950	4988	
28	492	648	742	759	861	1058	1102	1124	1288	1459	1694	2130	3146	3526	3629	3802	4665	
210	371	654	1310	1993	2234	2258	2487	2685	2810	2934	3168	3272	3286	3368	3410	3466	3704	
103	196	348	414	539	590	1007	1097	1285	1643	1724	1892	1966	2541	2591	2600	2852	2861	2907	3195	3239	3573	3637	3697	3731	3893	3946	3982	4038	4041	4043	4248	4251	4498	4600	4637	4668	4669	4775	4787	
165	516	686	815	1001	1183	1331	1541	1688	1835	2210	2247	2348	2373	2503	2721	3020	3243	3276	3376	3421	3545	3576	3728	3758	3822	3846	3905	3932	3957	4008	4024	4035	4241	4319	4399	4434	4435	4504	4624	4630	4682	4730	4809	4873	4889	4893	4911	
128	261	701	740	988	1364	1422	1815	2192	2208	2789	2811	3265	3474	3580	3594	3923	3925	3961	4069	4175	
346	629	813	1055	1203	1683	1922	1988	2106	2193	2228	2513	2538	2901	3517	3585	3680	3718	3896	3921	4187	
58	80	90	100	186	217	352	360	377	426	433	486	520	548	705	869	918	944	971	997	1047	1350	1594	1641	1695	1713	1776	1868	1920	1994	2084	2117	2315	2349	2463	2552	2688	2702	2921	2998	3025	3057	3105	3210	3228	3264	3379	3400	3461	3464	3610	3710	3901	4106	4141	4153	4215	4226	4255	4269	4291	4365	4388	4416	4463	4501	4572	4623	4695	4706	4824	4829	4846	4892	4913	4926	
206	422	430	645	791	846	1246	2243	2291	2331	2827	3220	3234	3390	3402	
383	511	618	741	873	874	952	970	1020	1140	1170	1224	1244	1270	1409	1483	1725	1743	1780	1891	2059	2083	2461	2598	2699	2788	2800	2864	2893	2904	3159	3266	3385	3394	3434	3659	3664	3672	3940	3941	3955	3988	4324	4340	4400	4567	4697	4702	4731	4770	4819	4821	4901	4920	4936	4939	4943	4944	4992	4999	
21	26	306	392	447	510	531	603	627	725	770	798	923	935	953	1012	1144	1512	1537	1746	1784	1819	1927	2168	2191	2557	2563	2661	2929	3037	3082	3093	3100	3306	3348	3349	3398	3415	3439	3514	3621	3714	3892	3949	4105	4137	4202	4239	4339	4429	4437	4472	4481	4573	4590	4611	4755	4784	4802	4810	4842	4864	4971	4989	
67	97	102	1045	1076	1343	1692	1774	2009	2096	2296	2516	2575	2673	2711	2820	2973	3003	3164	3196	3703	3719	3720	3967	4087	4145	4229	4439	4514	4578	4593	4640	
141	212	225	364	489	615	731	758	1220	1399	1510	1771	2056	2358	2642	2670	2724	2905	3011	3217	3428	3581	3619	3634	3661	3753	3855	3883	3963	4010	4060	4147	4181	4390	4415	4476	4528	4543	4580	4594	4635	4679	4728	4733	4756	4866	
5	315	704	779	780	936	1110	1242	1276	1617	1991	2030	2153	2347	2559	3043	3077	3202	3249	3531	3724	3971	3978	3990	4001	4196	4276	4347	4411	4537	4579	
65	179	193	226	233	290	347	365	373	384	393	800	866	1022	1238	1385	1472	1753	1770	1977	2370	2458	2521	2660	2794	2831	3000	3136	3173	3204	3322	3397	3507	3698	3953	3968	4045	4146	4545	4559	4627	4721	4739	
12	30	88	95	150	215	559	631	830	962	989	1071	1281	1366	1757	1766	1791	2007	2241	2288	2318	2357	2449	2507	2522	2567	2638	2676	2773	2775	2866	2952	3101	3313	3412	3442	3578	3579	3603	3611	3782	4019	4149	4237	4383	4505	4678	4837	4849	4947	
121	232	425	545	665	853	965	1443	1503	1827	2090	2143	2367	2817	3350	3486	
119	533	789	1040	1052	1198	1485	1608	1721	1866	2206	2293	2465	2515	2571	2607	2716	2830	2951	3079	3192	3404	3563	3596	3656	3715	3920	3930	3977	4133	4160	4480	
107	244	408	523	585	723	854	1190	1192	1219	1305	1360	1368	1488	1601	1603	1618	1710	1841	1958	1976	2023	2220	2224	2469	2539	2577	2627	2700	2890	2931	2956	3487	3582	3709	3776	3837	4223	4525	4564	4758	4856	
579	655	942	1415	1425	1600	1928	2015	2179	2271	2604	
51	319	389	646	695	755	781	974	1016	1437	1639	1714	1955	2044	2054	2063	2213	2340	2418	2440	2505	2710	2768	2851	2892	3211	3218	3297	3316	3383	3529	3559	3679	3700	3889	3907	4191	4240	4336	4348	4385	4412	4506	4524	4529	4778	4828	
400	515	1008	1204	1336	1367	2133	2287	2448	2456	2709	3047	3333	3369	3549	3713	3773	
85	275	321	350	915	1165	1886	2313	2509	2822	2919	3015	3132	3248	3649	3792	
201	746	821	1056	1063	1178	1227	1365	1484	1563	1568	1797	1800	1850	1944	2076	2092	2115	2338	2346	2411	2437	2472	2500	2573	2633	2643	2657	2742	2945	3064	3302	3378	3533	3631	3844	3864	3937	4042	4211	4242	4337	4396	4447	4456	4612	4632	4674	
50	86	149	521	543	1526	1751	1924	1934	2371	2569	2964	3114	
368	440	504	564	678	706	717	719	879	1149	1209	1316	1400	1427	1433	1440	1482	1538	1673	1864	2018	2064	2098	2146	2155	2235	2259	2391	2524	2765	2865	2875	2913	2996	3068	3309	3314	3380	3544	3622	3694	3733	3746	3751	3821	4039	4174	4236	4281	4292	4299	4322	4515	4586	4617	4816	4879	4910	4967	
33	83	235	397	474	600	630	682	982	1148	1257	1551	1595	1761	1862	1957	2051	2194	2360	2511	2514	2695	3199	3604	3682	3768	4040	4067	4083	4169	4193	4368	4518	4550	4601	4681	4707	4769	4877	
291	611	638	857	946	1557	2323	2551	3065	3111	3140	3232	3242	
204	260	420	797	1072	1287	1298	1571	1611	1749	1877	1906	2122	2178	2322	3321	3425	3429	3446	3666	3678	4028	4217	4304	
42	429	463	669	969	1105	1383	1416	1915	1987	2204	2280	2328	2443	2595	2622	2718	2920	3445	3532	3857	3908	3994	4064	4075	4148	4245	4262	4359	4496	
230	312	438	441	587	612	760	810	1191	1193	1235	1346	1401	1413	1762	2013	2028	2727	2839	2884	3255	3686	3735	3795	4185	4366	4413	4468	
253	427	1064	1145	1405	1418	1452	1545	1577	1679	2173	2636	
10	75	395	477	657	664	849	926	1049	1448	1553	1602	2442	2578	3644	3689	3916	
282	526	639	814	819	893	1031	1199	1647	1685	1783	1900	1959	2025	2332	2405	2493	2948	3046	3275	3835	3858	3885	3964	4156	4259	4287	4414	4432	4511	4549	
36	79	104	222	403	500	513	617	634	1088	1267	1394	1449	1511	1619	1682	1706	1717	1834	1876	2219	2221	2251	2311	2314	2385	2444	2455	2597	2625	2691	2714	2806	2944	2971	3172	3481	3745	3800	3869	3954	4088	4124	4179	4233	4408	4455	4483	4542	4553	4764	4781	4867	4875	4896	4907	4963	
25	385	794	1229	1507	1659	1745	1837	2071	2150	2180	2381	2434	2441	2606	2626	3103	3279	3300	3336	3712	3807	3895	3992	
114	329	863	947	975	1042	1073	1111	1226	1555	1763	1968	2289	2491	2690	2803	2877	2947	2966	3056	3081	3126	3367	3389	3521	3562	3740	3898	3922	4497	4540	4599	4631	4664	
220	242	318	323	327	336	473	802	928	932	938	1028	1275	1504	1635	1744	1825	2134	2183	2350	2741	2751	2995	2997	3095	3148	3171	3193	3216	3364	3399	3427	3440	3636	3886	3976	4013	4220	4250	4618	4670	4734	4788	
13	132	195	234	270	274	309	391	413	528	636	671	809	848	905	1011	1086	1128	1214	1391	1446	1500	1971	2021	2043	2295	2355	2400	2592	2621	2644	2694	2762	2802	2862	2960	3035	3152	3310	3387	3423	3702	3749	3764	3770	3816	3973	4103	4341	4353	4355	4489	4666	4692	4700	4798	4801	4815	4845	4897	4941	4952	4983	
39	139	208	281	287	340	363	749	751	753	1070	1266	1378	1442	1475	1660	1686	1704	1711	1726	1890	1918	1999	2048	2072	2158	2160	2229	2321	2426	2546	2842	2916	2943	3030	3221	3224	3260	3305	3359	3414	3465	3623	3725	3814	3815	3840	3943	4101	4157	4207	4234	4246	4352	4422	4433	4442	4452	4533	4566	4641	4660	4676	4698	4745	4792	4923	4930	4945	
339	898	1189	1408	1801	2094	2169	2474	2668	2790	3014	
41	394	868	912	1564	1661	1779	1861	1874	2113	2782	2825	2836	3444	
4	60	111	444	568	714	763	790	1074	1528	1878	2167	2395	2565	2603	2686	2736	2795	3021	3254	3422	3424	3467	3571	3591	3620	3647	3654	3872	3890	4002	4066	4094	4268	4402	4490	4527	4532	
46	105	194	207	285	326	452	792	867	1009	1077	1174	1237	1251	1341	1883	1938	2049	2263	2502	2713	2857	3049	3167	3176	3219	3541	3589	3827	3911	3984	4243	4326	4457	
32	101	140	256	271	386	595	871	1081	1090	1179	1263	1272	1478	1610	2107	2423	2467	2568	2654	2665	2902	3128	3213	3237	3448	3480	3483	3553	3558	3744	3818	3851	4134	4387	4430	4453	4458	4634	4675	4685	4772	
172	415	454	680	777	836	1361	1518	1642	1756	1786	1804	1843	2501	2744	3130	3655	3736	
180	610	743	855	1133	1664	2036	2276	2431	2612	2641	2726	2826	2935	3032	3384	3605	3826	3942	4277	4342	
681	841	1147	1282	1464	1648	1759	2369	2543	2766	2908	2930	3059	3352	3568	3630	3830	
203	330	778	1083	1596	1637	2222	2306	4301	
475	806	1411	1435	1474	1505	1887	2181	2342	2368	2735	2807	2972	3250	3375	3600	
269	310	536	835	1455	1777	1967	1978	1986	2485	
87	406	483	556	684	1252	1605	1674	1701	1738	2062	2408	2647	2841	2899	3074	3642	3646	
508	573	691	927	929	1054	1445	1582	1854	2042	2364	2365	2707	2738	3340	3355	3426	3525	3565	4120	4443	
8	258	380	1176	1381	1480	1585	1729	2089	2166	
125	146	565	576	981	1146	1335	1532	1942	
284	593	668	716	761	887	1527	1703	1933	2124	2260	2451	2608	2658	2987	3131	3332	3513	3707	4109	4132	
124	584	614	699	767	916	977	1068	1108	1389	1393	1700	1905	2337	2361	2468	2761	3058	3328	3817	3832	3897	3915	3991	4135	4159	4290	4377	4398	4460	4467	4492	4499	4575	4615	4655	4694	4699	4757	4826	4838	4858	
92	178	247	358	739	808	1024	1212	1278	1320	1386	1547	1662	2093	2110	2494	2520	2550	2764	3033	3039	3084	3393	3819	3936	3956	3974	4073	4107	4303	4376	4409	4557	4582	4642	4648	4657	
223	228	356	803	1092	1136	1186	1342	1709	1735	2014	2250	2631	2640	2663	2672	2698	2840	3292	3304	3602	3871	3910	3926	4032	4371	
20	54	239	301	659	696	901	902	1300	1444	1666	1799	1950	2372	2452	2470	2486	2705	2712	2881	2989	3396	3861	3894	3912	4053	4318	
155	175	251	404	557	571	1158	1239	1302	1318	1530	1788	1882	2105	2223	2535	2681	3062	3231	3253	3280	3392	3473	3554	3658	4271	4286	4389	
268	418	431	519	532	747	824	845	888	919	972	1036	1164	1402	1548	1567	1614	1747	1836	1871	1929	2255	2398	2556	2949	2954	3076	3121	3182	3240	3293	3337	3358	3612	3863	4130	4228	4307	4346	4375	4382	4404	4405	4475	4523	4534	4560	4712	4741	4790	4854	4865	4909	4984	
118	412	471	633	1003	1062	1258	1329	1354	1632	1859	2082	2099	3406	3451	3536	
108	333	910	1153	1163	1356	1370	2097	2281	2936	3094	3278	3373	
3	219	243	296	460	561	582	721	774	787	859	1151	1677	1698	1741	1787	1805	1807	1869	1880	1982	2189	2329	2652	2746	2858	2903	2979	2991	3454	3633	3986	4037	4048	4071	4244	4420	4466	4526	4546	4654	4777	4851	
52	122	162	1672	1798	1802	2005	2058	2421	2481	
24	63	166	197	199	487	494	605	626	752	996	1670	1760	1790	1898	1931	2000	2004	2006	2356	2701	2785	2860	2895	2933	2953	3018	3026	3142	3356	3362	3417	3498	3645	3888	3917	3960	3985	4122	4361	4364	4522	4597	4718	4786	4921	4951	
832	1050	1284	1338	1355	1650	2085	2257	2294	2410	2689	2717	2909	
129	552	660	772	1010	1051	1087	1636	1712	1981	2593	2649	2823	2985	3370	3455	
11	136	272	299	345	351	396	428	435	651	666	959	1181	1213	1295	1456	1542	1543	1739	1873	1998	2095	2141	2230	2301	2692	2745	2940	3137	3138	3256	3270	3271	3511	3748	3874	4091	4108	4151	4203	4213	4214	4266	4314	4461	4464	4500	4539	4565	4595	4672	4683	4791	4839	4990	5000	
70	264	591	640	707	730	1236	1517	1813	1829	1833	1884	2002	2047	2103	2121	2439	2697	3112	3113	3416	3516	3542	3681	3845	4190	4284	4351	4465	4554	
47	185	361	421	542	604	765	773	1159	1838	2033	2123	2163	2459	2562	2671	2754	2833	2846	2922	2942	3471	3484	3721	3810	
236	240	241	311	313	506	550	628	687	709	1043	1067	1157	1185	1306	1357	1436	1560	1606	1651	1690	1730	2011	2435	2646	2648	2759	2867	2978	3108	3268	3326	3395	3462	3522	3530	3639	3676	3787	4261	4278	4288	4332	4349	4392	4574	4605	4643	4688	4780	4795	4832	4835	4918	4946	4966	4975	4991	
40	890	1392	1593	1669	1885	2182	2397	2835	2891	
48	171	198	693	903	913	1015	1168	1273	1431	1625	2532	2708	2812	2957	3034	
216	280	493	496	538	575	676	1044	1104	1121	1130	1245	1265	1319	1373	1374	1390	1439	1468	1525	1578	1628	1768	1865	1913	1984	2157	2245	2583	2615	2756	2780	2792	2975	3013	3166	3284	3315	3325	3472	3494	3606	3785	3796	3824	3950	3959	4016	4021	4030	4123	4165	4289	4425	4441	4488	4551	4606	4633	4645	4659	4709	4732	4886	4899	4902	4931	4985	
167	335	434	625	726	729	1075	1106	1156	1201	1249	1348	1492	1675	1699	1992	2027	2128	2147	2200	2680	2900	2938	2992	3005	3120	3296	3331	3341	3351	3638	3648	3660	3699	3798	4206	
23	29	224	449	491	514	530	562	750	837	1034	1080	1559	1707	2091	2152	2236	2389	2679	2809	2958	2965	3038	3102	3160	3259	3561	3618	3791	3825	3850	4006	4052	4143	4367	4403	4520	
349	464	875	1304	1513	1572	1740	1940	1953	1960	2548	3050	3157	3161	3408	3627	
126	265	343	399	497	501	509	733	850	1113	1344	1667	1687	1904	1974	2008	2432	2580	2587	2796	2813	3207	3447	3547	3677	3989	4026	4158	4254	4265	4431	4449	4598	4661	
328	410	754	1103	1221	1255	1479	1506	1680	1781	1962	2017	2102	2129	2290	2650	2682	2778	2821	2917	3002	3066	3347	3488	3550	3643	3685	3692	3738	3838	3945	4111	4176	4238	4247	4473	4477	4479	4620	4651	4667	4753	4807	4823	4848	4860	
416	455	702	862	1184	1187	1463	1556	1936	2087	2801	2844	3054	3403	3431	
331	700	1313	1414	1621	1814	1969	2144	2613	
182	517	546	554	715	827	925	960	999	1122	1262	1333	1501	1612	1627	1764	1769	1828	1930	2019	2118	2366	2390	2477	2753	2967	2983	3027	3028	3090	3122	3180	3203	3283	3344	3438	3520	3528	3616	3695	3766	3870	3996	4050	4074	4100	4115	4150	4362	4508	4548	4552	4577	4649	4752	4932	4940	4953	4964	
367	563	567	924	964	990	1376	1737	1980	2630	2651	2715	3212	3303	3669	
143	255	263	283	378	442	534	596	694	724	922	973	1021	1082	1094	1100	1127	1180	1358	1580	1750	1773	2156	2378	2401	2433	2706	2767	2804	2816	3063	3295	3377	3479	3613	3761	3879	3904	4031	4253	4424	4438	4507	4544	4563	4602	4616	4687	4726	4783	4853	4859	4862	4925	4938	4962	
62	525	653	1135	1901	1923	2061	2277	2316	2450	2570	2845	2906	3189	3206	3401	3432	
277	402	566	597	637	1609	1624	2111	2536	2743	2932	2974	3143	
1	34	152	153	248	1137	1566	1907	2078	2344	2403	2776	2787	3097	
17	35	169	465	481	672	1515	1531	2750	2772	
130	273	499	583	607	641	904	958	1023	1129	1197	1223	1292	1493	1497	1558	2069	2127	2174	2196	2217	2325	2579	2774	2793	2848	2854	2873	2968	2988	3052	3092	3106	3116	3118	3119	3251	3335	3371	3503	3574	3588	3663	3730	3756	3765	3767	3811	3842	4034	4117	4184	4195	4205	4428	4436	4462	4571	4621	4653	4800	4820	4827	4974	4976	4978	
99	302	355	540	882	950	1033	1039	1114	1291	1598	1728	1848	1857	1863	1970	2034	2081	2270	2285	2300	2333	2359	2416	2447	2484	2525	2655	2683	2786	2855	3019	3045	3133	3144	3179	3257	3382	3420	3491	3499	3515	3537	3598	3688	3763	3779	3848	3929	4085	4208	4274	4330	4363	4372	4427	4454	4625	4626	4658	4673	4742	4779	4813	4833	4855	4882	4917	4937	
74	213	407	411	439	712	713	737	799	811	931	961	1161	1407	1604	1696	1867	2233	2272	2302	2457	2585	2719	3006	3060	3073	3186	3197	3201	4152	4155	4163	4167	4308	4317	4421	4639	
19	317	362	437	518	544	635	663	677	757	831	834	992	1307	1516	1718	1789	1818	1932	2039	2080	2108	2305	2312	2388	2519	2561	2564	2601	2687	2752	2770	2824	2871	2889	3031	3141	3165	3183	3194	3227	3353	3527	3539	3729	3755	4061	4070	4121	4172	4219	4273	4316	4328	4350	4401	4440	4471	4484	4502	4568	4591	4596	4608	4636	4646	4771	4796	4818	4949	4997	
353	649	1057	1264	1645	1792	1831	2164	2264	2402	2518	2545	2798	2799	2838	3134	3158	3360	3615	3650	3690	3849	3880	3947	4056	4078	4171	4312	
89	344	398	537	847	865	1254	1289	1453	1649	1908	1949	1990	2184	2274	2343	2375	2504	2837	2915	2946	3036	3075	3124	3151	3506	3583	3769	4046	4110	4161	4267	4423	4562	4589	4619	4644	4719	4740	4748	4751	4768	4789	4841	4876	4880	4894	4916	
37	96	214	227	295	338	456	609	670	843	860	1053	1098	1132	1138	1177	1379	1382	1432	1438	1591	1765	1849	1870	2037	2269	2362	2407	2490	2497	2584	2599	2653	2656	2856	2874	2984	3086	3091	3277	3289	3307	3543	3696	3732	3831	3972	4023	4033	4051	4221	4258	4264	4418	4469	4474	4519	4538	4604	4638	4710	4716	4773	4871	4874	4881	4898	4922	4979	
159	689	870	986	1286	1847	2114	2135	2386	2581	
72	131	164	933	1330	1676	1727	1983	2010	2070	2419	2533	2993	3233	
112	218	644	786	939	1233	1708	1909	2758	2853	3041	3363	
157	307	376	484	632	795	872	1002	1030	1061	1200	1351	1362	1420	1539	1561	1626	2199	2317	2596	2696	2720	2927	3016	3061	3109	3245	3339	3497	3538	3651	3783	3801	3887	3903	3933	4017	4020	4327	4374	4609	4736	4765	
56	764	796	906	917	1476	1536	1549	2038	2088	2284	2383	2445	2508	2609	2693	2815	2918	3071	3115	3548	3803	3987	4218	4270	
482	490	818	949	1117	1314	1697	1889	1914	2159	2249	2553	2572	3162	3478	
138	294	308	560	675	839	1296	1347	1375	1470	1562	1653	1658	1881	2212	2498	2555	2722	2784	3001	3311	3411	3418	3546	3557	3632	3784	4011	4063	4547	
98	133	137	337	621	685	698	816	852	943	1241	1253	1293	1494	1689	1830	2060	2177	2246	2252	2268	2319	2334	2413	2492	2618	2849	2850	2897	2937	2969	3281	3290	3294	3449	3592	3727	3750	4009	4079	4329	4491	4650	4689	4711	4749	
94	116	586	840	1173	1294	1334	1430	1668	1719	1919	2185	2387	2392	2677	2725	3789	3867	3882	
254	485	825	934	1099	1142	1205	1616	2029	2203	2324	2394	2589	3236	3282	3365	3489	3716	
49	163	488	503	606	620	1796	1806	2226	
44	120	188	237	252	495	877	886	945	987	993	1079	1215	1301	1340	1423	1519	1722	1822	1972	1995	2046	2104	2261	2299	2883	2976	2981	3241	3319	3329	3470	3570	3625	3793	3797	3809	3862	3924	3995	4059	4068	4116	4183	4210	4249	4272	4309	4444	4808	4915	4948	4981	
478	735	812	1208	1349	1447	1487	1574	1702	1705	1899	1943	2198	2424	2495	3125	3187	3229	3587	3759	3829	3899	3997	4055	4057	
324	325	569	766	783	881	1014	1778	2406	2438	2544	3022	3087	3338	3342	3475	3476	3584	3635	3722	3847	
43	229	316	379	592	980	1066	1172	1469	1471	1963	2068	2165	2215	2278	2530	2662	3099	3258	3653	3958	3962	4222	
160	190	257	276	279	375	598	667	769	829	892	921	1029	1046	1260	1321	1522	1583	1644	1652	1839	1952	2066	2079	2190	2560	2605	2910	3055	3226	3230	3443	3512	3567	3599	3657	3931	3938	3944	3993	4119	4139	4182	4263	4333	4510	4541	4561	4622	4629	4704	4722	4727	4760	4774	4803	4906	4912	4959	
71	443	470	472	734	967	1019	1217	1634	1663	1823	1937	1973	2031	2139	2286	2425	2610	2791	2828	2925	3441	3577	3628	3706	3780	3860	3865	4044	4098	4358	4406	4451	4536	4584	4592	4603	4607	4729	4750	4759