58	59	591	729	1022	1097	1532	1942	1970	2308	2343	2528	2645	2968
73	336	647	794	847	951	1043	1076	1278	1638	1713	1964	2098	2275	2278	2375	2447	2717	3029	3042	3244	3380	3920	4111	4179	4232	
110	283	430	698	1226	1227	1694	1772	1815	1971	2168	2443	2684	3054	3086	3117	3138	3239	3694	4688	
292	372	482	791	1208	1616	1653	1783	1903	2327	2438	2935	3035	3275	3422	3436	3613	
860	894	911	931	1268	1370	1787	1831	2019	2049	2105	2145	2232	2250	2924	3073	3157	3247	3348	4005	
14	80	100	175	407	417	495	558	586	958	1317	1456	1603	1946	2225	2380	2426	3047	3246	3563	3724	3962	3998	4026	4104	4303	
10	438	685	858	899	935	948	1470	1472	1561	1637	1873	1898	2258	2345	2371	2445	2726	2731	3376	3381	3537	3704	3906	3980	4126	4298	4978	
62	261	286	373	381	1306	1428	2336	2588	2621	2827	2848	2884	2891	2980	3051	3145	3182	3536	3702	3841	
47	233	294	334	414	625	815	849	1461	1777	2010	2424	2590	2955	3259	3331	3502	3729	3934	
39	67	85	1004	1074	1126	1375	1686	1710	2035	2068	2210	2260	2331	
486	544	614	822	844	1357	1921	1934	2209	2853	2882	2887	2894	2952	3159	3292	3338	3395	3453	3462	3575	3605	3739	3775	3914	4081	4115	4149	4409	4414	4470	4491	
3	115	220	238	275	349	639	955	1544	1663	2228	2506	
70	130	397	525	564	666	749	845	1045	1113	1122	1159	1210	1491	1608	1630	1634	1859	1864	2111	2270	2298	2368	2390	2481	2647	2679	2688	2711	2762	3137	3324	3327	3369	3576	3610	3654	3679	3710	3747	3832	4053	4094	4142	4187	4196	4273	4278	4356	4508	4537	4668	4887	4907	4925	4952	
136	215	433	489	546	682	854	872	1016	1052	1166	1329	1382	1431	1480	1732	1735	1757	1973	2047	2169	2190	2207	2436	2457	2464	2509	3021	3082	3189	3301	3368	3513	3524	3726	3743	3748	3812	3857	4001	4066	4105	4152	4250	4432	4738	4785	
206	253	254	473	633	663	741	776	796	900	938	960	1111	1127	1492	1573	1615	1723	1888	2022	2048	2268	2337	2366	2422	2423	2442	2521	2547	2705	2797	2807	2938	2990	3052	3141	3314	3321	3373	3471	3624	3655	3676	3707	3870	3945	4058	4073	4076	4085	4090	4228	4256	4284	4444	4513	4533	4551	4569	4614	4691	4713	4722	4726	4735	4751	4757	4760	4860	4868	4934	4938	4946	4976	5000	
360	383	503	576	646	705	1099	1167	1199	1264	1392	1738	1764	1789	1822	2659	2741	2801	2982	3034	3234	3540	3596	3618	3643	3670	3690	3814	3874	3990	3996	4040	4186	4265	4289	4321	4341	4358	4408	4495	4585	
37	50	109	256	319	368	370	420	684	758	831	1219	1238	1284	1439	1444	1459	1748	2153	2244	2262	2317	2322	2456	2487	2742	2859	2940	2977	3186	3251	3253	3286	3299	3383	3620	3659	3734	3741	3862	4262	4263	4429	4446	4731	4827	4857	
181	453	604	830	976	1048	1072	1273	1340	1432	1645	1705	1733	1771	1995	2139	2220	2865	2967	3382	3531	3840	3905	3919	3994	4270	4921	
46	71	155	395	437	465	466	488	657	807	971	1234	1282	1373	1387	1512	2004	2069	2083	2104	2201	2215	2274	2365	2592	2642	2668	2720	2757	2781	2793	2814	2832	2911	2923	2970	3026	3279	3310	3749	3791	3943	3957	3973	4176	4287	4336	4407	4567	4667	4675	4687	4747	4772	4798	4845	4854	4912	4949	
570	587	701	888	956	1400	1712	1795	1886	2155	2303	
74	280	330	341	667	706	967	975	1009	1026	1171	1189	1203	1467	1525	1555	1559	1602	1740	1825	1843	1905	2032	2198	2329	2332	2543	2561	2606	2665	2687	2696	2744	2857	2959	3121	3207	3215	3284	3333	3336	3345	3386	3486	3533	3628	3797	3845	3855	3877	3950	3997	4088	4169	4193	4217	4243	4355	4458	4524	4562	4609	4622	4626	4732	4741	4744	4817	4873	4892	4894	4910	4923	4927	4944	4956	4991	4997	
418	712	766	779	1276	1564	1826	2154	2166	2315	2410	2837	
20	157	467	549	641	1011	1133	1395	1599	1747	1780	2078	2495	3337	3404	
106	205	357	784	1550	1562	1948	2125	2321	
605	773	1075	1195	1256	1837	1866	1941	2016	2191	
197	295	442	513	1316	1398	1414	1914	1958	2116	2301	2435	3002	
68	108	127	683	954	1031	1196	1318	1490	1675	
63	415	424	524	892	979	1064	1434	1744	2185	2193	2259	2734	2766	2830	2860	2883	3107	3252	3671	3706	3951	4120	4161	4166	4173	4269	4293	4317	
56	545	580	654	769	1286	1397	1537	2212	2283	
99	167	222	310	435	439	561	651	658	795	966	985	1027	1060	1093	1289	1348	1411	1442	1566	1587	1856	1891	1922	1989	2384	2409	2507	2612	2643	2648	2714	2751	2833	2840	3032	3148	3256	3280	3350	3417	3500	3622	3636	3678	3715	3790	3805	3910	3988	4118	4131	4137	4147	4253	4373	4393	4466	4479	4515	4587	4595	4604	4620	4705	4881	4890	4955	4992	
257	269	288	487	713	716	843	862	1003	1197	1244	1249	1413	1415	1543	1580	1854	1877	1916	2013	2141	2341	2458	2556	2669	2706	2746	2889	3142	3180	3213	3227	3357	3415	3514	3697	3815	3865	3885	3916	3917	3924	3938	4192	4201	4214	4296	4439	4488	4497	4530	4603	4665	4775	4824	
371	387	516	718	852	883	924	1279	1569	1796	2316	2542	3056	3067	3103	3166	3168	3594	3637	3808	3810	3834	3971	4048	4231	4342	
632	1367	1396	1440	1458	1847	2286	2740	2914	3008	3022	3136	3151	3195	3196	3295	3356	3431	3590	3629	3634	3759	3806	3932	3953	3975	4339	
113	133	191	520	533	559	585	648	777	908	1164	1174	1343	1360	1465	1792	1794	1806	1932	1953	2079	2080	2196	2355	2451	2627	2735	2981	3027	3177	3266	3309	3322	3359	3467	3470	3506	3521	3558	3598	3695	3730	3737	3869	3873	4116	4132	4285	4453	4557	4570	4600	4663	4709	4758	4813	4834	4883	4963	
338	767	823	1100	1221	1463	1473	1506	1585	1647	1769	1894	1907	2103	2136	2411	2431	2439	2603	2896	3004	3016	3132	3366	3569	3764	
15	29	274	1001	1121	1248	1372	1455	1519	2129	2719	2761	
469	939	1454	1620	1677	2269	2463	2539	2576	2629	2640	2838	2876	2922	2958	3160	
134	153	375	391	393	514	643	670	673	836	855	857	896	941	993	1123	1207	1215	1217	1313	1487	1530	1754	1829	1952	2034	2339	2360	2408	2421	2544	2567	2636	2750	2842	2845	2910	2926	2930	2946	3118	3204	3491	3548	3591	3657	3771	3793	4028	4060	4102	4127	4155	4259	4331	4425	4448	4477	4514	4523	4532	4542	4648	4670	4676	4710	4727	4792	4843	4872	4899	4913	4922	4960	4974	
267	612	817	1039	1105	1423	1521	1622	1714	1865	2084	2214	2534	2605	2880	3059	3190	
212	264	689	738	1147	1314	1681	1689	1813	1951	
43	148	248	273	301	362	536	768	788	850	970	987	1114	1129	1190	1211	1320	1471	1782	1904	1940	1972	2702	2712	2771	2984	3009	3340	3437	3480	3515	3668	3772	3799	3811	3821	3833	4046	4158	4167	4204	4210	4213	4247	4280	4357	4516	4528	4647	4657	4761	4836	4911	4939	
298	317	481	871	1299	1353	1810	1906	2170	2349	2619	
22	35	112	162	262	431	655	703	869	989	1085	1148	1223	1574	1617	1790	1999	2023	2056	2202	2280	2589	2654	2663	2747	2796	2854	2892	2913	2939	3329	3648	3728	4022	4024	4390	4399	4545	4594	4748	4916	
121	690	789	928	933	1401	1447	1595	1702	1722	1872	2053	2133	2138	2152	2277	2545	2756	2767	2772	2878	3061	3403	3504	3552	3713	3961	4020	4177	4360	4405	4490	4564	
17	60	105	154	158	246	352	444	599	841	1006	1192	1209	1265	1288	1560	1565	1586	1737	1749	1766	2025	2223	2234	2373	2552	2564	2794	2868	2872	2953	3055	3205	3418	3450	3512	3549	3586	3816	3846	3854	3875	3876	3926	3986	4049	4175	4226	4240	4283	4381	4401	4411	4442	4451	4465	4512	4547	4632	4634	4695	4711	4740	4800	4807	4822	4844	4855	4858	4884	4902	4909	4947	4986	4999	
183	306	410	432	507	680	687	1332	1349	1497	1534	1690	1729	1755	1963	2043	2076	2112	2159	2313	2325	2490	2491	2770	2773	2890	2915	2971	3000	3109	3293	3493	3523	3574	3930	4305	4312	4323	4362	4383	4397	4450	4472	4506	4539	4574	4590	4612	4704	4714	4787	4893	4895	4936	4937	4966	4969	4973	
983	1802	1974	2420	2454	2473	2962	3065	3183	3185	3232	3354	3361	3400	3479	3481	3542	3744	3872	
79	562	775	1144	1229	1280	1623	1745	2018	2508	2599	2674	2682	3005	3184	3198	3313	3592	
6	243	511	606	628	771	810	825	969	1013	1450	1607	2033	2254	2361	2482	2730	2733	3123	3156	3199	3330	3342	3401	3441	3580	3658	3700	3762	3818	3887	4309	4322	4474	4504	4556	4602	4641	4649	4725	4766	4768	4790	4799	
169	260	263	281	339	413	451	478	527	573	583	679	774	846	853	944	945	1065	1092	1272	1345	2012	2396	2577	2584	2596	2724	2858	2941	3091	3223	3396	3405	3439	3455	3520	3602	3606	3735	3868	3904	4003	4145	4234	4315	4318	4652	4797	4840	
76	218	231	392	792	859	1232	1758	2065	2126	2134	2195	2222	2299	2344	2633	2811	3081	3149	3423	3595	3909	
321	353	455	746	957	999	1042	1067	1224	1509	1835	2091	2157	2358	2499	2739	2800	3079	3526	3607	3956	4038	
91	474	508	515	538	642	724	750	950	962	973	991	1007	1025	1051	1091	1175	1202	1356	1359	1495	1726	1734	1830	1920	2066	2086	2123	2293	2430	2468	2656	2707	2748	2759	2873	2991	3101	3164	3212	3294	3332	3365	3391	3456	3489	3656	3662	3789	3828	3830	3859	3871	3941	3944	3984	4011	4012	4052	4109	4288	4294	4372	4449	4500	4510	4580	4593	4605	4639	4669	4771	4805	4820	4914	4935	4941	4977	4980	
102	266	463	492	616	840	1120	1212	1629	1853	2182	2399	2888	2993	3018	
83	329	398	512	615	662	669	707	730	799	818	909	936	1117	1132	1134	1225	1301	1338	1358	1541	1592	1977	2011	2051	2106	2176	2240	2282	2387	2416	2618	2622	3254	3323	3334	3408	3492	3495	3498	3544	3667	3884	3921	3925	4015	4112	4229	4332	4540	4607	4650	4712	4719	4752	4781	4802	4968	4988	4995	
122	210	285	609	637	740	804	930	1426	1531	1797	1819	1855	1926	1930	1991	2052	2100	2184	2187	2367	2404	2477	2527	2729	2893	2943	2996	3019	3033	3048	3126	3143	3222	3233	3238	3370	3412	3445	3554	3555	3568	3640	3665	3719	3740	3761	3843	4198	4206	4212	4224	4239	4304	4333	4363	4395	4499	4548	4656	4689	4811	4926	4933	4971	4994	
28	429	531	569	664	913	1046	1163	1170	1811	2070	2428	2474	2689	2698	2803	2900	3064	3071	3147	3165	3211	3217	3375	3465	3527	3650	3897	3948	4184	4205	4223	4509	4588	
184	276	302	361	523	590	686	696	881	1019	1194	1551	1627	1640	1909	1949	1965	2255	2480	2525	2585	2671	3124	3219	3236	3305	3311	3360	3571	3661	3680	3681	3718	3745	3809	3903	3913	4067	4077	4413	4544	4561	4581	4635	4796	4815	4849	
501	1154	1187	1230	1243	1285	1752	1878	2102	2110	2252	2425	2530	2565	2607	2657	2944	2973	3150	3413	3501	3505	3588	3615	3782	3918	3927	4057	4160	4275	4549	
5	96	131	213	366	423	565	752	889	1205	1504	1664	1693	1832	1892	2175	2296	2302	2678	2906	2931	2951	3344	3543	3614	3722	3835	4107	4113	4144	4241	4272	4344	4392	4406	4438	4480	4507	4517	4690	4692	4755	
351	369	500	537	714	787	821	877	912	914	1172	1291	1476	1478	1500	1828	1924	1998	2092	2156	2239	2449	2469	2594	2613	2641	2680	2725	2763	2843	3097	3300	3459	3482	3813	4150	4202	4301	4326	4368	4404	4447	4553	4566	4630	4699	4743	4779	4826	4828	4874	
225	441	870	1188	1312	1394	1528	1743	1975	2085	2221	2504	3277	3420	3451	
77	661	743	744	920	1402	1676	1805	1994	2058	2151	2183	2406	2446	2476	2792	3140	3179	3208	3303	3335	3547	3609	3738	3907	3966	3972	4469	4546	4578	4608	
300	324	333	343	416	608	621	688	824	902	915	1083	1135	1325	1481	2024	2142	2224	2394	2488	2676	2805	2836	2841	2965	3038	3108	3231	3352	3508	3880	3888	3911	3939	4071	4189	4412	4417	4501	4535	4637	4701	4733	4821	
166	199	376	1237	1293	1466	1697	1756	2036	2306	2342	2709	
8	101	142	150	196	304	355	494	624	1012	1063	1112	1179	1267	1309	1344	1503	1511	1684	2150	2570	2831	2978	2994	3017	3046	3075	3328	3477	3499	3593	3754	3979	4039	4075	4089	4252	4257	4371	4457	4473	4536	4613	4654	4774	4871	
382	603	790	835	980	1044	1222	1572	1820	2063	2108	2256	2326	2417	2553	3062	3326	3551	3779	3893	
535	827	891	904	937	1334	1549	1567	2200	2284	2593	2804	2916	2961	3063	3178	
98	279	406	814	1116	1158	1384	1417	1452	1517	1533	1546	1576	1696	1750	1824	1987	2251	2333	2352	2392	2395	2478	2587	2610	2673	2784	3058	3193	3371	3528	3627	3692	3773	4148	4154	4365	4384	4462	4503	4559	4563	4584	4623	4645	4698	4717	4863	4864	4878	
107	268	475	550	848	897	1581	1913	2377	2386	2437	2580	2697	
13	87	94	128	145	255	305	335	470	480	483	582	1033	1057	1118	1262	1484	1535	1650	1695	1808	1839	2026	2237	2356	2382	2614	2637	2847	2874	2881	2979	3122	3130	3192	3346	3541	3635	3651	3807	3836	3849	3901	3963	4156	4314	4435	4489	4644	4729	4756	4764	4795	4808	4830	4831	4862	4880	4882	4917	4948	4954	4996	
21	186	223	534	581	627	695	797	1125	1366	1418	1558	1775	1880	2233	2272	2295	2828	2885	2942	2976	3099	3127	3377	3409	3444	3484	3534	3731	3831	4017	4122	4128	4382	4481	4531	4555	4565	4659	
52	575	819	1062	1486	1841	1982	2071	2107	2595	2628	2737	2956	
1	95	135	179	350	626	770	1448	1479	1715	1836	2181	2197	2257	2403	2479	2782	2932	3119	3684	4064	4178	4222	4227	4235	
297	462	622	882	952	1216	1335	1992	2230	2246	2290	2690	2732	3214	3362	3496	3777	3891	3894	3931	4002	4019	4023	4163	4170	4172	4191	4420	4464	
32	139	217	315	459	504	785	1082	1124	1297	1652	1838	1871	1918	1919	2271	2519	3098	3111	3210	3388	3430	3699	3987	4032	4054	4091	4200	4320	
258	313	613	704	1028	1161	1283	1363	1416	1641	1809	2503	2937	
44	526	652	978	990	1145	1489	1633	1812	1818	2294	2513	2692	2844	3315	3711	3838	3848	4636	
27	216	522	727	809	1259	1545	1552	1901	2383	2569	2581	2598	3089	3206	3341	3617	3686	3763	3786	3824	3839	3850	3981	4050	4099	4143	4400	4410	
436	464	597	711	798	910	1024	1038	1181	1204	1281	1296	1596	1628	1727	1742	1746	1849	1967	2089	2124	2236	2348	2452	2484	2559	2716	2727	2834	2855	2928	3001	3066	3085	3153	3265	3272	3487	3545	3625	3652	3751	3827	3858	3867	3955	4047	4299	4366	4388	4526	4552	4571	4599	4707	4839	4877	4979	
320	838	861	1231	1261	1322	1346	1666	1721	1751	1773	1817	1823	1870	2167	2472	2602	2810	3559	3669	4033	4035	4055	4061	
152	159	221	484	518	932	961	1094	1149	1464	1485	1523	1621	1990	2064	2077	2245	2494	2701	2795	3057	3116	3363	3399	3476	3485	3517	3583	3781	3801	3902	4059	4151	4340	4353	4430	
33	92	479	542	700	800	1177	1294	1321	1477	1665	2097	2400	2557	2660	2736	2862	2902	3216	3225	3343	3428	3561	3663	3687	3780	3940	3958	4043	4070	4096	4098	4264	4307	4461	4534	4582	4591	4664	4718	4776	4814	
235	328	440	619	803	873	963	1030	1050	1053	1077	1109	1251	1260	1275	1328	1342	1505	1639	1683	1706	1779	1848	1895	1996	2188	2429	2505	2652	2655	2681	2686	2704	2710	2765	2806	2898	2934	2987	3187	3249	3263	3339	3353	3397	3578	3720	4013	4180	4197	4271	4324	4327	4343	4350	4615	4694	4706	4715	4782	4812	4852	4900	4920	4924	4931	4942	
61	161	164	201	202	236	356	377	402	521	568	694	720	725	726	755	805	806	907	977	1032	1146	1180	1200	1337	1406	1547	1631	1768	1882	2046	2121	2135	2281	2493	2524	2600	2683	2728	2760	2812	2819	2825	2986	3028	3241	3306	3510	3589	3619	3696	3733	3853	4219	4274	4319	4364	4661	4720	4753	4762	4789	4879	4906	4919	4957	4958	4967	4970	
180	230	477	925	1527	1601	2020	2095	2558	2597	2661	2723	2909	
554	813	1054	1137	1619	1655	2002	2219	2266	2330	2546	2582	2869	2904	
141	156	198	388	428	578	634	635	1041	1089	1143	1437	1501	1593	1625	1908	1933	1947	2516	2535	2635	2703	2769	2817	2964	2983	3167	3242	3446	3466	3529	3785	4025	4138	4308	4454	4598	4629	
78	185	374	380	493	638	678	702	834	890	949	1014	1162	1405	1765	2418	2486	2775	2823	2861	3087	3276	3881	3952	4063	4129	4162	4378	4463	4498	4529	4554	4597	
66	207	272	445	697	737	742	876	946	986	1017	1138	1142	1263	1391	1584	1679	1698	2081	2099	2389	2483	2532	2611	2852	2957	3031	3102	3472	3503	3511	3522	3685	3766	3822	3964	3992	4207	4266	4352	4487	4518	4749	4803	4823	
30	49	65	178	793	887	1270	1660	2109	2206	2672	2821	3007	3203	3674	3716	3778	3861	
36	144	192	472	1214	1287	1976	2037	2074	2273	2432	2492	2520	2631	2693	2879	3158	3270	3325	3416	3639	3649	3795	3800	4086	
25	114	187	577	649	1611	1708	1881	2261	2376	2626	3129	3201	3220	3385	3532	
363	965	1002	1407	1703	1845	1885	1937	2120	2238	
118	885	1150	1247	1430	1776	2029	2088	2172	2948	3112	3197	3316	3433	3443	3675	
303	1445	1804	1931	1993	2149	2162	2309	2320	2388	2407	
234	461	553	620	1308	1399	1539	1643	1644	1798	1857	1986	2226	2666	2969	3237	3245	3647	
45	123	327	1168	1295	1354	1371	1379	1786	1833	1897	2459	2497	2510	2575	2694	2960	3402	3438	3666	3723	3947	
97	277	394	1005	1140	1311	1688	1874	2038	2291	
519	566	644	748	1107	1240	1419	2027	2060	2165	
200	296	592	602	918	1183	1206	1767	1800	1961	2014	2137	2227	2335	2340	2623	2975	3074	3094	3469	3677	3701	3974	
358	588	812	1191	1213	1493	1515	1600	1656	1741	1803	2118	2180	2204	2205	2338	2467	2470	2475	2496	2571	2824	2912	2989	3128	3264	3289	3394	3424	3473	3753	3787	3856	3995	4183	4282	4422	4575	4680	4685	4723	4778	4809	
103	289	408	502	505	529	579	659	780	1101	1258	1770	1781	1910	1957	1985	1997	2061	2163	2405	2498	2514	2601	2708	2918	3011	3171	3742	3796	3863	3879	3895	4034	4279	4467	4568	4576	4624	4888	
278	309	594	1165	1245	1460	1524	1884	1943	1969	2008	2101	2114	2242	2574	2966	3049	3083	3162	3267	3573	3577	3673	3860	3935	4248	
291	344	412	541	753	1266	1310	1542	1635	1761	1954	2127	2310	2354	2369	2378	2381	2398	2414	2531	2755	2779	2851	3146	3837	4010	4106	
82	390	422	728	879	1015	1080	1361	1409	1412	1494	1610	1685	1691	1760	1861	1893	2040	2192	2231	2402	2444	2685	3229	3414	3567	4031	4337	4437	
34	40	132	203	214	367	584	645	671	820	837	981	998	1040	1250	1376	1381	1667	1672	1759	1807	2208	2297	2362	2511	2551	2691	2829	2875	3169	3230	3268	3384	3432	3434	3497	3608	3638	3727	3758	3829	3886	3922	3970	4082	4119	4295	4347	4421	4436	4525	4577	4674	4763	4898	4904	
244	245	400	510	618	760	1529	1674	1709	1851	1945	2075	2866	3015	3460	3565	
151	677	723	1000	1049	1087	1499	1711	1725	2253	2363	2963	3173	3411	
57	311	354	623	692	693	865	1130	1236	1241	1364	1510	1613	1614	1632	1717	1784	1844	1929	2247	2267	2453	2501	2517	2536	2988	2995	3461	3698	3784	3852	3993	4051	4093	4233	4349	4628	4702	4728	4754	4777	
617	917	943	1104	1362	1483	1774	1778	1827	1978	
171	195	208	211	452	571	596	868	905	940	995	1059	1327	1368	1583	1728	1960	2096	2249	2350	2897	3135	3474	3550	3564	3581	3600	3601	3792	3954	4036	4100	4153	4157	4203	4225	4260	4351	4367	4396	4402	4486	4493	4522	4677	4682	4697	4721	4734	4783	4837	4838	
24	676	747	808	1069	1443	1482	1928	1979	2450	2653	3041	3228	
551	601	964	1110	1152	1347	1657	2364	2526	2715	2754	2899	3030	3045	3278	3421	3768	
93	125	170	242	326	496	699	710	734	786	893	972	1010	1073	1218	1324	1707	1730	1736	2006	2044	2160	2164	2173	2194	2265	2314	2615	2699	2785	2903	2920	3013	3037	3202	3250	3378	3570	3645	3725	3825	3933	3936	3946	4072	4139	4159	4237	4245	4416	4475	4476	4521	4541	4592	4610	4631	4651	4679	4833	4896	4998	
19	239	563	600	1088	1169	1239	1355	1420	1612	1618	2174	2307	2630	2646	3100	3553	3597	3633	3705	3752	3756	3959	4136	4290	4374	4424	4485	4502	
86	449	593	607	745	942	1071	1090	1106	1228	1235	1383	1883	1956	2009	2039	2090	2288	2586	2895	2905	3435	3817	4087	4110	
163	209	425	499	832	947	959	1021	1036	1131	1351	1378	1438	1475	1488	1739	1821	1966	2050	2119	2171	2433	2583	2609	2649	2758	2850	2870	3014	3088	3095	3194	3262	3271	3273	3653	3755	3847	3878	3892	3965	3976	4004	4134	4236	4300	4310	4334	4375	4391	4434	4445	4642	4662	4696	4703	4851	4901	4975	4983	
69	88	732	782	1246	1300	1842	1902	2017	2393	2849	
188	228	717	1636	1718	1763	1814	2000	2062	2359	2537	2675	2835	2919	3152	3175	
9	55	174	182	232	378	379	517	530	759	880	1252	1588	1862	1889	1911	1962	2059	2128	2285	2312	2357	2374	2391	2434	2555	2572	2625	2670	2722	2809	3069	3106	3120	3320	3390	3426	3427	3560	3646	3689	3708	3721	3757	3842	3908	3915	4069	4083	4092	4101	4133	4258	4291	4348	4380	4418	4478	4483	4616	4640	4745	4806	4886	4897	4915	4959	4965	4990	4993	
53	176	219	229	312	557	829	1034	1078	1098	1176	1302	1433	1468	1538	2462	2540	2541	2624	2863	2954	3274	3308	3351	3440	3494	3644	3691	3923	3967	4007	4220	4297	4330	4433	4494	4638	4660	4730	
490	650	878	916	1056	1108	1178	1292	1678	1704	1955	2263	2351	2554	2566	2764	2778	2786	2791	3070	3072	3200	3258	3585	3621	3820	3882	3942	3949	4018	4068	4103	4216	4316	4329	4492	4496	4505	4583	
2	84	190	589	866	1139	1304	1319	1522	2787	3010	3291	3317	3507	
111	140	146	250	471	485	629	675	721	953	1182	1350	1498	1590	1605	2397	2502	2753	2929	2950	3044	3131	3161	3255	3582	3604	3750	3769	4041	4255	4346	4427	4586	4606	
405	532	863	906	968	1070	1186	1298	1377	1604	1680	1753	1938	2041	2218	2465	2518	2677	2798	2816	2822	2985	3163	3283	3389	3425	3623	3717	3788	3798	3866	4000	4114	4190	4221	4230	4276	4281	4423	4455	4673	4681	4700	4819	4841	4846	
173	251	434	886	919	934	1153	1274	1422	1425	1868	1923	2055	3104	3379	
237	610	974	982	1119	1326	1446	1520	1548	1594	
282	284	454	751	811	839	984	1055	1079	1305	1393	1669	1791	1846	2161	2186	2229	2292	2304	2461	2538	2573	2813	2818	2927	3110	3248	3261	3285	3312	3349	3538	3546	3556	3612	3672	3714	3783	3804	3823	3844	3978	4027	4065	4080	4165	4215	4302	4328	4338	4376	4511	4538	4672	4693	4737	4865	4876	4964	
89	138	143	346	448	735	1441	1514	1659	2311	2485	2560	2662	2667	3076	3144	
38	41	409	555	864	929	996	997	1018	1037	1315	1331	1404	1540	1578	1626	1646	1649	1658	1668	1834	2412	2460	2548	2901	2998	3113	3154	3172	3226	3240	3584	3630	3709	3746	3774	3803	3851	3890	4016	4123	4130	4140	4164	4168	4267	4292	4354	4369	4460	4560	4627	4801	4889	4930	4951	
31	117	177	259	491	988	1589	1724	1788	1816	1912	2072	2743	2774	2839	2992	3660	
316	739	856	1035	1193	1513	1762	1925	2122	2243	2591	2925	2997	3077	
116	160	421	595	761	1115	1173	1254	1557	1701	1850	2158	2448	3374	3525	
11	308	1220	1303	1421	2031	2045	2300	2347	2415	2533	2658	
81	129	172	247	345	509	543	636	802	874	895	1023	1058	1474	1518	1597	1598	1606	1875	1984	2005	2030	2067	2147	2179	2287	2289	2419	2639	2780	2846	2999	3036	3050	3224	3448	3475	3703	3767	3929	3982	4056	4108	4121	4251	4361	4385	4394	4403	4482	4579	4643	4658	4678	4716	4724	4736	4739	4742	4832	4867	4928	4943	4950	4962	
249	293	307	323	364	385	399	404	426	611	640	668	708	722	731	736	783	922	994	1020	1086	1155	1157	1198	1330	1374	1435	1651	1699	1858	1915	1968	2087	2131	2132	2143	2146	2440	3053	3068	3078	3174	3176	3235	3302	3318	3355	3406	3458	3488	3566	3616	3826	3896	3899	3968	4135	4249	4572	4601	4617	4746	4765	4767	4769	4791	4794	4853	4869	4885	4908	4918	4972	4981	4984	4989	
75	443	498	572	631	656	672	1255	1341	1624	1642	1936	2073	2203	2370	2471	2617	2788	2921	3020	3040	3114	3218	3393	3449	3463	3889	3898	3937	4009	4021	4125	4389	4426	4619	4621	4633	4708	
4	18	72	90	119	137	227	240	342	396	547	552	630	674	765	842	921	992	1047	1084	1103	1160	1462	1508	1516	1570	1716	1887	1890	1980	1983	2015	2178	2500	2568	2700	2768	2776	2777	2972	3092	3191	3221	3364	3535	3572	3587	3770	3819	3864	3985	4008	4078	4174	4211	4242	4268	4286	4306	4325	4359	4398	4419	4443	4527	4550	4835	4847	4861	4891	4905	4929	4932	4961	4985	
120	204	299	325	347	386	450	1096	1365	1526	1536	1799	1840	2113	2177	2318	2515	2578	2974	3080	3387	3530	3539	3562	3632	3693	3802	4218	4415	
64	104	126	224	447	457	506	539	826	1102	1128	1156	1253	1290	1380	1410	1568	1682	1852	1959	2003	2057	2213	2241	2328	2334	2455	2721	2864	2871	3307	3454	3468	3519	3688	4238	4277	4440	4441	4452	4543	4671	4686	4759	4784	4793	4825	4875	4903	
7	194	241	252	287	359	365	384	389	446	460	653	898	901	1029	1271	1403	1451	1609	1896	1900	1917	1988	2001	2042	2054	2130	2216	2372	2489	2550	2634	2651	2886	2933	2945	3012	3043	3060	3170	3181	3209	3257	3442	3452	3490	3683	3960	4062	4185	4195	4199	4209	4261	4370	4468	4484	4520	4573	4596	4625	4655	4666	4684	4786	4842	4848	4850	4856	4866	4945	4982	4987	
427	1068	1429	1553	1556	1687	1719	2211	2353	2808	
149	884	1242	1731	2441	2529	2638	2856	2877	2936	3024	3084	3188	
265	715	762	1151	1408	1427	2093	2248	2427	2604	3023	3039	3304	3367	
567	598	660	665	709	757	781	828	833	1269	1436	1496	1571	1692	1720	1785	1867	1869	2379	2650	2664	2695	2718	2783	2802	2947	3134	3260	3269	3287	3290	3611	3883	4006	4014	4029	4124	4519	4611	4646	4653	4780	4810	4816	4818	
124	403	419	458	497	556	681	1066	1469	1591	1671	1935	2021	2401	2512	2713	2738	3093	3398	3407	3447	3989	4079	4117	4182	
12	691	2115	2217	2235	2745	2799	2908	3096	3297	3358	3429	
48	270	314	331	332	574	816	903	1185	1201	1352	2094	2144	2264	2413	2579	3006	3410	3516	3641	3765	3969	4037	4095	4246	4345	4428	4459	
16	226	411	456	540	756	778	1095	1323	1333	1502	1554	1563	1648	1860	1899	2028	2148	2319	2323	2522	2549	2562	2563	2620	2790	2815	3125	3155	3243	3392	3557	3642	3682	3760	3912	4045	4146	4181	4194	4379	4386	4387	4471	4558	4589	4683	4788	
42	51	476	1136	1257	1385	1453	1793	1801	1879	2385	2644	2907	2949	3090	3288	3483	3579	3977	3983	
147	401	468	763	764	1008	1184	1386	1577	1927	1939	2346	2523	2632	2826	3419	3509	3776	
348	1339	1389	1449	1507	1654	1876	2082	2305	2324	
23	271	337	528	548	867	923	1061	1233	1277	1307	1336	1390	1575	1579	1661	1863	1944	2117	2616	2749	2752	2820	3003	3105	3139	3296	3372	3478	3599	3631	3991	4044	4074	4097	4141	4171	4188	4244	4311	4313	4335	4431	4456	4618	4750	4770	4773	4804	4829	4859	4870	4940	4953	
54	193	322	772	801	851	875	926	927	1141	1369	1388	1424	1662	1981	2189	2199	2279	3025	3603	3626	3712	3999	4030	4084	4208	4254	4377	
290	318	340	719	754	1457	1670	1950	2007	2140	2867	2917	3133	3282	3347	3457	3732	3794	4042	
26	165	168	189	560	733	1081	1582	1673	1700	2276	2466	2608	2789	3115	3281	3298	3319	3464	3518	3664	3736	3900	3928