12	281	876	1211	1595	1700	1974	2123	2408	2795	2911	2997	3025	3052
476	482	729	845	864	1066	1291	1370	1401	1491	1592	1709	1817	2137	2492	2746	2860	3044	3045	3281	3454	3522	3596	3698	3863	4184	
166	550	792	983	1054	1113	1599	1697	1730	2398	2418	2681	2777	2968	3183	3567	3643	3673	3814	3826	
142	277	347	430	650	873	1250	1285	1402	1483	1570	1686	2144	2286	2364	2520	2953	
26	64	147	369	686	889	992	1094	1366	1455	1557	1739	2078	2217	2432	2452	2652	2825	2985	3082	3122	3133	3272	3326	3422	3478	3496	3609	3930	3942	3965	3987	4398	4519	4529	
73	495	633	778	1175	1547	2070	2087	2151	2243	2425	2472	2732	2946	2982	3139	3184	3341	3420	3529	3586	3590	3885	3914	4002	4110	
19	31	288	360	533	638	733	832	1045	1382	1633	1849	1899	1924	2083	2295	3179	3188	3349	3367	3630	3700	3906	3950	4119	4150	4208	4226	
224	261	420	490	510	604	886	1061	1681	2106	2260	2629	2697	2698	3030	3551	3621	3729	3794	3895	4027	
43	356	439	794	861	870	1162	1380	1774	1844	1894	2152	2904	3048	3049	3100	3125	3539	3574	
161	598	796	893	1279	1361	1430	1576	2099	2250	2361	2499	2686	3033	
63	136	195	220	620	744	1000	1307	1409	1435	1650	1829	1943	2167	2242	2320	2490	2537	2624	2793	3042	3148	3152	3416	3435	3766	3994	3997	4052	4094	4172	4221	
257	1064	1407	1585	1602	1675	1781	1986	2400	2516	2735	2857	
1	69	86	135	153	182	231	297	326	524	663	751	799	922	1216	1278	1306	1330	1975	2158	2332	2396	2464	2542	2756	2769	2864	2900	2996	3242	3401	3511	3571	3635	3657	3755	3782	3815	3822	3899	4011	4127	4267	4344	4416	4491	4494	4629	4645	4733	4786	4843	4864	4902	4927	4928	
140	148	162	164	190	302	468	634	855	1195	1218	1302	1564	1668	1693	1761	2067	2282	2409	2416	2588	2720	2837	2972	3078	3178	3207	3370	3387	3521	3542	3611	3665	4153	4319	4383	4400	4445	4568	4606	4614	4654	4686	4709	4765	4845	4867	
106	107	118	567	578	583	632	697	703	919	944	980	982	1029	1088	1221	1254	1377	1423	1748	1783	1822	2034	2105	2160	2235	2312	2359	2393	2473	2509	2528	2532	2538	2766	2925	3010	3128	3193	3316	3320	3354	3433	3473	3600	3615	3639	3692	3771	3843	3856	3878	3921	3922	4069	4093	4141	4149	4193	4203	4367	4415	4446	4537	4554	4555	4581	4582	4639	4670	4715	4854	4861	4882	4903	
37	133	313	566	808	927	1205	1277	1364	1385	1395	1541	1806	1984	2399	2519	2525	2583	2641	2976	2990	3014	3141	3215	3241	3616	3634	3661	3691	3887	3971	4017	4159	4169	4230	4320	4584	4615	4628	4675	4700	
103	126	517	867	955	1097	1123	1231	1273	1317	1393	1628	1679	1833	1866	1888	1938	2138	2457	2466	2467	2527	2823	2832	2838	3043	3250	3296	3393	3445	3501	3647	3667	3687	3712	3894	4072	4129	4257	4322	4337	4594	4697	4708	4741	4770	4811	
286	501	518	795	961	1011	1117	1456	1466	1522	1540	2118	2428	2533	2682	2693	2783	2796	2858	2861	3092	3130	3523	3788	3970	4191	4253	
11	25	39	125	564	588	616	749	914	994	1074	1149	1232	1368	1436	1520	1555	1591	1861	2012	2063	2102	2395	2448	2463	2522	2585	2780	2897	2916	2928	2984	3018	3114	3127	3303	3508	3648	3855	3900	3955	4060	4185	4192	4309	4316	4346	4420	4539	4668	4713	4723	4742	4909	4913	4918	4953	4959	4985	
30	271	309	474	646	1116	1619	1635	1936	2076	2362	
275	299	424	551	595	673	722	784	797	833	910	1027	1076	1151	1223	1237	1241	1243	1429	1567	1617	1786	1843	1907	2006	2062	2131	2147	2148	2154	2170	2248	2275	2298	2403	2483	2547	2645	2752	3007	3109	3166	3192	3389	3506	3675	3713	3728	3819	3836	3851	3860	3911	3931	4031	4036	4078	4080	4128	4265	4269	4275	4291	4450	4533	4540	4730	4799	4834	4893	4897	4901	4915	4935	4945	4951	4988	5000	
79	296	310	492	1179	1793	2161	2229	2480	2618	2718	2748	
6	1109	1479	1867	1903	2031	2047	2474	2655	2712	2894	2969	2992	3017	3292	
149	197	332	774	1018	1282	1332	1373	2179	2227	
318	717	738	892	1220	1431	1587	1954	2134	2494	
34	228	972	1170	1482	1579	1620	1702	1839	1931	2356	2632	3004	
163	396	509	1093	1127	1142	1201	1328	1476	1505	
48	51	216	653	932	1188	1255	1424	1545	1643	1720	1734	1773	1979	1994	2313	2316	2317	2615	2715	3120	3142	3565	3610	3686	3799	4138	4189	4298	
8	196	459	520	811	898	1256	1707	2269	2272	
15	180	888	907	967	1050	1090	1203	1206	1258	1308	1371	1392	1438	1533	1715	1745	1941	1950	2007	2015	2202	2268	2293	2539	2548	2676	2689	2731	2779	2813	2942	2978	3071	3095	3160	3175	3248	3318	3602	3619	3640	3652	3709	3756	3845	3910	3912	3940	4025	4199	4248	4292	4463	4572	4583	4698	4776	4785	4800	4820	4841	4878	4919	4921	4926	4931	4955	4987	
139	168	177	232	270	354	536	572	798	827	854	925	1102	1169	1181	1187	1252	1331	1500	1694	1885	1906	1962	1995	2001	2053	2089	2608	2849	3333	3516	3813	3834	3854	3880	3884	3963	3966	4034	4039	4090	4140	4246	4259	4272	4376	4389	4560	4685	4794	4816	4836	4842	4912	4937	
38	189	248	255	451	523	814	852	1301	1563	1695	1911	2056	2135	2140	2302	2627	3016	3061	3327	3378	3477	3832	3888	3960	4005	
145	210	771	1012	1171	1186	1261	1518	1605	1677	2344	2496	2592	2604	2674	2719	2863	2951	3012	3282	3881	3903	4022	4123	4183	4288	4312	
315	321	366	437	475	483	502	640	708	712	716	740	904	947	1153	1274	1400	1432	1460	1480	1611	2157	2216	2245	2285	2357	2468	2553	2665	2810	2903	2926	3168	3229	3300	3315	3446	3448	3483	3491	3552	3581	3638	3714	4237	4264	4311	4392	4409	4610	4622	4702	4705	4724	4772	4781	4798	4809	4968	
7	376	423	485	1812	1886	1895	1961	1991	2277	2327	2389	2447	2569	2595	2836	3063	3212	3264	3344	3547	3720	3721	3760	3936	4114	
203	491	642	665	1047	1701	1733	1763	1874	1918	2370	2713	
246	399	918	942	985	1031	1049	1295	1616	2052	2205	2334	2737	2745	3463	
10	14	24	202	254	274	319	340	346	349	389	456	457	508	586	660	730	747	809	860	952	991	1215	1347	1417	1513	1580	1787	1808	1854	2176	2197	2307	2331	2335	2350	2407	2515	2584	2703	2722	2776	2881	3172	3181	3432	3493	3617	3768	3839	3896	3918	3938	3943	3979	4028	4035	4055	4058	4097	4100	4228	4336	4448	4512	4546	4636	4711	4774	4848	4858	4863	4943	4975	4979	
204	465	500	1199	1365	1571	1746	1920	2116	2165	2479	2510	2892	3072	3097	3239	3533	3789	
677	714	1069	1096	1111	1158	1292	1323	1566	2280	
287	320	336	438	629	635	736	748	752	906	1033	1257	1342	1420	1449	1502	1673	1744	1845	1934	1988	2174	2326	2340	2440	2559	2867	2912	2940	2944	3174	3414	3444	3471	3583	3645	4198	4204	4262	4323	4334	4458	4548	4631	4651	4704	4710	4790	4806	4844	4877	4894	4904	4908	
9	176	188	273	278	563	831	1696	1814	2328	2561	
95	138	223	239	266	328	379	587	599	859	995	1444	1629	2046	2092	2173	2212	2228	2401	2760	2841	2882	2905	3047	3305	3319	3671	3775	3859	3892	3916	3952	4372	4379	4406	4411	4489	4500	4552	4585	4627	
114	151	358	363	547	582	757	884	984	1426	1512	1583	1622	2125	2461	2598	2666	2694	2889	2952	3031	3244	3294	3591	3917	3973	4061	4089	4165	4187	4401	4476	4516	
16	99	104	199	252	333	341	342	345	374	538	589	593	762	801	835	837	1002	1038	1051	1059	1157	1271	1379	1509	1588	1660	1665	1865	1932	2082	2093	2150	2187	2239	2297	2348	2481	2730	2817	2888	3006	3073	3323	3363	3449	3636	3750	3787	3978	3988	4019	4213	4303	4371	4380	4391	4397	4423	4427	4452	4483	4573	4718	4766	4775	4779	4833	4846	4870	4895	4896	4899	4930	4963	4966	4995	
206	250	334	505	561	601	682	694	917	931	1057	1082	1133	1180	1427	1470	1489	1523	1531	1589	1610	1731	1752	1871	2037	2175	2278	2740	2871	3034	3308	3328	3342	3530	3535	3660	3706	3715	3812	3827	3858	3932	4151	4152	4307	4535	4579	4681	4691	4746	4803	4808	4812	4890	4917	4923	4947	4956	
36	380	962	1298	1349	1727	1933	2206	2495	2701	2829	3140	3412	3421	3534	3579	3701	3905	3941	
21	122	124	295	460	613	1083	1150	1192	1197	1229	1324	1542	1678	2048	3371	3557	3629	
32	143	179	329	610	828	838	1025	1077	1191	1321	1486	1503	1718	1926	1949	2209	2240	2352	2420	2597	2747	2751	2939	2975	3129	3169	3197	3236	3472	3484	3612	3816	3893	4074	4082	4186	4478	4495	4543	4613	4626	4732	4777	
130	170	322	448	525	575	758	895	1447	1490	1493	1526	1552	1809	1860	2039	2041	2267	2560	2657	2778	2803	2927	3251	3283	3402	3575	3702	3743	3809	3857	3928	4108	4212	4304	4386	4421	4443	4469	4470	4497	4557	4559	4562	4672	4719	4754	4757	4817	4837	
20	44	90	226	373	398	458	825	1136	2172	2422	2475	2567	2568	2601	2915	2964	3159	3304	3576	3708	3980	
111	269	280	348	467	641	658	713	849	850	1372	1473	1598	2000	2219	2717	2983	3277	3430	3608	3744	3753	
40	47	150	198	453	514	605	690	865	866	878	923	1041	1052	1091	1119	1152	1200	1204	1263	1351	1445	1559	1613	1614	2002	2195	2372	2385	2545	2565	2613	2636	2851	2907	2917	2938	2958	2967	3064	3110	3167	3176	3260	3335	3360	3376	3532	3569	3668	3731	3841	3847	3876	3907	3990	4012	4013	4067	4132	4201	4211	4296	4343	4399	4521	4706	4725	4751	4788	4791	4857	4866	4872	4873	4916	4964	4981	4989	
59	120	444	1443	1549	2054	2544	2596	2653	2669	3087	3103	3361	3459	
27	57	187	461	534	597	667	705	709	739	750	856	926	945	1040	1104	1138	1154	1168	1287	1360	1437	1527	1577	1581	1710	1794	1883	2004	2079	2096	2169	2171	2392	2454	2471	2508	2768	2979	3124	3253	3642	3680	3833	3875	3933	3967	3983	4117	4179	4188	4209	4281	4471	4657	4660	4764	4784	4880	4920	4965	
71	165	488	558	698	735	820	844	847	857	858	862	1114	1296	1498	1612	1838	1939	1967	1981	2127	2180	2191	2413	2485	2549	2750	2761	2763	2824	2886	2977	3145	3186	3240	3262	3313	3386	3400	3413	3597	3669	3681	3693	3807	3835	3908	4007	4018	4024	4130	4157	4280	4282	4455	4492	4503	4536	4577	4624	4637	4819	4830	4868	4891	4998	
229	259	512	732	770	1089	1304	1320	1339	1544	2020	2554	2651	2673	2805	2981	3024	3171	3231	3259	3410	3481	3540	3751	3817	3862	3937	3956	3999	4147	4227	4359	4588	4609	
137	169	624	668	745	979	990	1043	1085	1118	1125	1396	1416	1419	1712	1775	1784	1834	1851	1940	2011	2183	2232	2266	2390	2449	2489	2536	2566	2620	2692	2955	2986	3468	3492	3580	3710	3730	3935	4009	4043	4099	4194	4295	4355	4714	4849	
159	191	301	325	537	569	592	627	702	719	988	993	1132	1311	1346	1835	1917	2384	2546	2551	2799	3149	3330	3411	3724	3757	3824	4041	4233	4508	4528	4532	
29	251	552	619	676	725	911	921	973	1016	1236	1548	1578	1644	1725	1828	1900	2621	2716	3462	3485	3558	3620	3637	3764	3849	3902	3951	4051	4053	4059	4096	4176	4241	4263	4387	4394	4403	4435	4459	4485	4671	4768	4795	
23	123	407	455	511	513	570	720	935	1128	1131	1238	1405	1680	2091	2136	2237	2342	2410	2411	2437	2491	2526	2852	3126	3225	3476	3745	3773	3781	3831	3924	3959	3975	4033	4050	4086	4124	4195	4285	4475	4522	4524	4530	4618	4701	4778	4780	4804	4823	4856	4876	
435	885	1022	1487	1840	1970	2018	2168	2397	2742	2929	3206	3287	3306	3456	3503	
528	742	939	1063	1212	1269	1289	1572	1573	1606	1666	1922	1947	1955	2142	2365	2371	2438	2441	2593	2862	3107	3258	3336	3418	3658	3718	3762	4205	4284	4331	4425	4466	4501	
472	521	819	903	1003	1039	1086	1121	1314	1352	1667	1714	1816	1997	2025	2381	2444	2462	2534	2696	2840	2844	3046	3217	3257	3536	3659	3704	3736	3790	3879	3945	4014	4095	4131	4361	4498	4520	4563	4608	4611	4620	4641	4756	
218	324	415	626	728	842	1630	1663	1750	1968	2110	2159	
82	173	217	986	1155	1174	1183	1501	1530	1561	1631	1909	1913	1923	1978	2040	2055	2064	2145	2236	2843	3156	3204	3457	3625	3662	3752	3865	3915	4196	4210	4238	4258	4433	4509	4586	4596	4597	4673	4674	4678	4695	4716	4771	4783	4802	4807	4828	
75	765	1344	1494	1626	1671	1713	1766	1810	1977	2029	2101	2132	2543	2635	2850	2893	2948	3191	3846	
158	433	683	704	1065	1120	1145	1167	1846	2023	2097	2811	2876	3102	3198	3322	3470	
85	429	470	594	602	691	759	836	901	929	934	964	987	1144	1266	1507	1646	1818	1901	1946	1960	2005	2072	2156	2233	2244	3032	3065	3173	3302	3347	3441	3475	3527	3560	3679	3769	3784	3820	4182	4271	4293	4327	4513	4578	4658	4703	4787	4813	4869	4881	
18	160	761	887	940	951	1048	1072	1536	2405	2702	2767	4418	
46	338	452	542	600	672	699	741	869	938	1130	1137	1247	1341	1378	1446	1645	1723	1782	1855	2234	2402	2406	2421	2482	2523	2572	2804	2923	3038	3093	3096	3136	3153	3154	3230	3234	3246	3291	3325	3348	3439	3464	3761	3770	3828	4115	4378	4426	4440	4565	4570	4617	4630	4646	4650	4682	4738	4744	4792	4851	4957	4961	
5	91	115	146	247	368	408	434	607	609	681	726	899	970	1442	1499	1658	1832	2100	2139	2419	2446	2460	2502	2648	2994	3039	3388	3417	3438	3655	3977	4001	4251	4329	4375	4417	4419	4598	4635	
630	805	1004	1044	1504	1553	1827	2155	2225	2429	2535	2896	3020	
370	497	648	731	822	941	949	974	1056	1388	1488	1703	1768	1868	1925	1966	2016	2022	2315	2617	2781	2806	2812	3041	3891	
53	110	119	141	200	343	555	666	1100	1245	1336	1412	1532	1877	2090	2129	2530	3105	3118	3185	3676	3694	3735	3897	4163	4340	4430	4460	4468	4510	
307	400	581	1008	1214	1312	1562	1889	1964	1990	2153	2273	2367	2792	2854	2961	2970	3056	3119	3165	3218	3353	3419	3461	3808	3889	3984	4368	4457	
81	209	312	614	685	872	1529	1662	1915	2580	2612	2819	2868	
28	707	853	915	946	957	1450	1537	2404	2830	3054	3055	3190	3214	3374	3403	3566	3631	3772	
55	72	93	207	645	802	963	1143	1294	1353	1354	1497	1870	2214	2351	2436	2439	2884	3005	3026	3027	3067	3237	3245	3406	3487	3531	3890	4003	4444	4447	4467	
94	268	293	300	553	554	556	678	679	806	975	1265	1325	1719	1742	1957	1959	1985	2027	2185	2222	2256	2391	2493	2511	2574	2709	2749	2820	2993	3138	3261	3385	3525	3559	3587	3598	3614	3767	3844	3976	4083	4135	4164	4219	4236	4362	4538	4575	4599	4619	4763	4824	4859	4900	4960	4970	4971	4982	4992	
294	308	412	416	454	871	1461	1534	1621	2028	2045	2075	2117	2177	2877	3069	3455	3479	3544	3607	3626	3923	4015	
144	276	443	515	790	818	834	965	1310	1601	1609	1791	2010	2068	2074	2086	2130	2196	2339	2591	2607	2699	2934	2960	3123	3202	3310	3801	4004	4048	4299	4335	4472	4479	4595	4623	4689	
77	236	304	388	394	539	580	657	1079	1669	1691	1736	1863	1908	2363	2476	2531	2619	2714	3060	3131	3147	3151	3274	3395	3572	3650	3748	3898	3934	4079	4111	4178	4328	4353	4402	4407	4506	4683	4743	4755	4761	
100	359	466	724	754	840	1026	1046	1055	1112	1172	1230	1386	1411	1413	1463	1801	1802	2310	2324	2338	2380	2477	2642	2654	2672	2727	2765	2786	2872	2949	3002	3132	3144	3254	3276	3324	3396	3423	3450	3518	3623	3677	3678	3727	3792	4075	4076	4181	4240	4381	4388	4454	4481	4499	4531	4750	4822	4826	4832	4847	4865	4883	4885	4911	4925	4962	
60	102	192	212	529	647	652	669	810	821	905	1399	1464	1554	1565	1615	1655	1857	1898	1916	1937	1973	2017	2098	2218	2264	2376	2505	2513	2579	2594	2605	2660	2782	2789	2822	2826	2920	3083	3084	3235	3266	3285	3312	3337	3355	3451	3504	3562	3739	3740	3763	3886	4030	4116	4306	4308	4374	4571	4621	4625	4676	4734	4855	4862	4874	4884	4910	4954	4967	4990	
222	622	1108	1198	1272	1355	1439	1770	1980	2126	2341	2512	2887	
13	213	506	519	615	1315	1362	1758	1819	2415	2582	2684	2902	3113	
211	393	800	1034	1139	1319	1881	2058	2188	2353	2388	2741	2754	2814	2910	2959	3108	3243	3365	3384	3394	3699	3861	3909	3913	4062	4136	4155	4160	4173	4190	4270	4286	4408	4437	4484	4515	4612	4632	
50	219	314	316	611	696	756	1028	1129	1182	1194	1472	1890	2061	2253	2283	2459	2504	2704	2705	2721	2738	2866	3104	3366	3716	3872	4073	4081	4156	4395	4441	4456	4505	
58	134	264	352	364	706	841	948	1303	1496	1652	1789	1790	2019	2103	2122	2192	2292	2507	2646	2695	3255	3273	3288	3301	3345	3507	3509	3563	3663	3697	3783	3867	3992	4063	4102	4166	4250	4290	4325	4377	4414	4688	4729	4773	
240	262	361	746	768	1084	1318	1683	1858	2059	2360	2529	2859	3080	3194	3494	3627	3688	
171	392	403	418	637	900	1006	1053	1207	1326	1722	1965	2186	2453	2517	2785	3177	3356	3443	3458	3500	3719	3793	4118	4162	
659	737	928	1184	1217	1690	1741	1759	1815	2077	2518	2757	2798	3135	3408	3469	3613	4950	
1735	1753	1875	1942	2107	2133	2141	2207	2296	2305	
238	298	419	480	568	655	966	1122	1316	1820	2226	2355	2690	3000	3502	3556	
129	311	384	817	1239	1384	1603	1705	2021	2590	3545	
157	221	377	432	591	803	823	1009	1020	1073	1798	2486	2711	3001	3011	3434	3555	3848	
2	178	225	362	530	532	721	960	1514	1813	1953	2294	2622	2724	2906	3263	3390	3429	3537	3711	3939	4064	
76	243	290	355	1213	1267	1288	1624	1648	2164	
256	654	909	1235	1293	1389	1428	1779	1884	1921	
205	486	498	499	507	522	883	1021	1227	1550	2071	2846	3091	3269	3368	3499	3573	3603	3646	3725	3944	4040	4145	
186	263	371	830	1105	1244	1642	1769	1864	2057	2081	2114	2194	2319	2414	2664	2723	2891	2931	3028	3088	3199	3219	3228	3293	3352	3358	3409	3467	3577	3654	3777	3873	3925	3981	4200	4301	4326	4365	4366	4504	4556	4648	4769	4789	
80	127	128	367	397	431	781	782	971	1425	1457	1594	1796	1837	2109	2311	2378	3070	3121	3162	3216	3267	3377	3431	3495	3524	3993	4105	4142	4202	4242	4338	4482	4487	4526	4574	4616	4633	4644	
535	656	1185	1333	1441	1749	1989	2220	2497	2562	2577	2602	2791	3029	3040	3050	3155	3180	3289	3314	3407	3415	3780	3804	3866	4088	4261	
214	230	323	390	504	786	848	1101	1193	1297	1337	1448	1453	1569	1654	1738	2182	2203	2224	2433	2469	3094	3779	4146	4170	4266	4313	
306	692	1264	1689	1914	1929	2038	2265	2322	2679	2845	2895	3359	3397	3453	3526	3543	3651	3825	3829	3871	3901	3986	4006	4016	4054	4070	4273	4760	
97	175	235	242	265	391	727	812	815	1176	1276	1281	1358	1495	1517	1584	1618	1641	1657	1823	1853	1856	1928	1982	2112	2249	2430	2470	2571	2625	2671	2828	2898	2966	3013	3205	3295	3338	3364	3582	3592	3606	3722	3877	4066	4068	4104	4112	4121	4231	4347	4477	4523	4590	4740	4767	4838	
116	193	233	625	1462	1582	1634	1704	1951	2113	2201	2343	2818	2936	3553	
117	628	882	1222	1309	1510	1556	1586	2246	2500	2847	2956	2987	3058	
172	208	279	339	353	378	386	401	462	772	785	804	1092	1189	1627	1760	1803	2069	2166	2181	2379	2445	2564	2570	2637	2725	2914	3077	3209	3350	3369	3380	3666	3733	3850	4133	4168	4206	4245	4256	4339	4396	4465	4638	4659	
303	1260	1492	1688	1706	1765	1826	2066	2073	2200	
3	17	89	113	154	357	404	421	549	584	687	879	1081	1363	1597	1772	1799	1836	1893	1958	2033	2035	2231	2276	2656	2663	2677	2831	2922	3062	3090	3268	3270	3332	3351	3381	3488	3505	3599	3632	3749	3758	3883	3991	4026	4215	4225	4289	4318	4382	4390	4451	4840	
1115	1226	1485	1543	1682	1767	1830	2014	2649	2650	2733	2921	3278	
33	305	612	767	977	1343	1471	1524	2506	2661	2839	3146	3187	3189	3561	3589	3604	
56	78	413	540	662	755	764	783	976	997	1290	1340	1367	1414	1477	1481	1525	1604	1647	1670	1771	1880	1887	2119	2189	2299	2337	2373	2426	2427	2743	2801	2835	2941	3116	3362	3437	3684	3703	3737	3776	3778	3821	3874	3904	3954	3985	4207	4243	4349	4360	4370	4541	4544	4640	4656	4684	4722	4860	4924	4942	4976	
108	405	479	590	649	839	1249	1390	1474	1516	1546	1593	1905	1935	2304	2443	2643	2670	2753	2758	2962	2965	3474	3641	3774	3926	4085	4283	4330	4486	4511	
105	417	493	574	943	1248	1335	1574	1747	1873	1999	2044	2143	2208	2221	2288	2333	2417	2599	2957	2980	3286	3690	4101	
101	131	473	531	562	579	789	793	824	937	950	968	1014	1391	1636	1751	1756	1972	1987	2003	2120	2162	2455	2575	2667	2688	2775	2790	2821	2865	2878	2919	2935	3051	3059	3157	3164	3201	3275	3298	3309	3357	3379	3427	3465	3570	3664	3811	4332	4432	4480	4607	4749	4825	4898	4905	4907	4936	4939	4949	
557	1080	1124	1511	1685	1728	2329	2488	2581	2685	2815	3066	
62	194	959	1005	1418	1535	1607	2146	2198	2287	2306	2691	2726	3086	3111	3227	
83	88	253	317	478	496	503	560	618	700	773	874	875	916	936	1013	1146	1159	1228	1253	1268	1394	1755	1831	1983	2094	2104	2184	2190	2263	2382	2450	2555	2587	2631	2638	2880	2908	2991	3081	3137	3226	3232	3517	3605	3644	3791	3818	3948	3996	4087	4252	4297	4384	4436	4449	4514	4593	4601	4634	4727	4737	4739	4801	4827	4853	4886	4974	4977	4983	4994	
351	426	636	644	723	777	807	1161	1251	1305	1625	1653	1927	2080	2088	2128	2199	2325	2423	2762	2816	2874	2918	3035	3036	3182	3208	3224	3482	3618	3683	4057	4103	4154	4314	4324	4333	4373	4680	4694	
52	74	245	258	469	999	1329	1452	1467	1521	1560	1842	2255	2309	2369	2503	2611	2937	2950	3023	3297	3307	3489	3588	3624	3869	3927	3949	4113	4143	4216	4279	4393	4439	4442	4474	4507	4518	
292	422	427	606	710	1075	1190	1717	1795	1891	1945	2947	3106	3150	3221	3399	
174	227	464	471	546	631	684	880	969	1070	1078	1099	1141	1454	1649	1805	1956	2084	2330	2764	2787	2808	2899	3252	3334	3442	3696	3732	3754	3838	3852	4008	4180	4345	4551	
244	272	282	411	414	791	930	954	1156	1608	1687	1807	1847	1876	1963	2124	2211	2354	2487	2552	2687	2706	2834	3101	3134	3196	3223	3284	3795	3958	3964	4092	4109	4120	4144	4175	4177	4244	4422	4453	4462	4496	4525	4690	4696	4721	4762	
181	863	908	1103	1178	1262	1357	1383	1998	2149	2387	2771	2901	3079	3498	
112	241	701	843	846	1036	1284	1434	1792	2318	
61	68	184	436	527	559	596	769	896	1208	1209	1638	1692	1708	1721	1764	1896	1902	1948	2051	2346	2386	2573	2707	2708	2729	3053	3057	3098	3163	3372	3375	3383	3519	3649	3742	3765	3823	3998	4107	4122	4158	4174	4254	4268	4305	4369	4428	4431	4461	4564	4587	4589	4662	4679	4875	4922	4946	4973	4984	4986	4993	4997	
41	788	1164	1348	1433	1804	1971	2301	2375	2498	2853	2989	2995	3271	3346	3554	
54	267	284	365	440	743	753	816	877	924	978	996	1001	1087	1173	1465	1519	1664	1785	1848	2008	2163	2274	2284	2345	2465	2600	2633	2647	2842	3037	3373	3480	3513	3584	3595	3695	3726	3810	3842	3853	3882	4126	4317	4351	4356	4358	4547	4603	4664	4731	4758	4814	4835	4852	
87	1166	1177	1270	1422	1821	1824	2271	2424	2434	2855	3008	3195	3311	3392	3404	3510	
42	445	545	1019	1068	1202	1451	2257	2550	2807	2879	3112	3249	3265	
763	813	953	1007	1140	1160	1508	1661	2050	2484	2773	2784	2869	3075	3200	
541	718	956	1408	1469	1596	1724	1754	1996	2013	2043	2254	
121	249	372	571	897	1062	1299	1359	1369	1468	1478	1637	1699	1872	1992	1993	2032	2065	2108	2193	2281	2300	2347	2458	2675	2774	2924	2932	3015	3076	3161	3170	3290	3317	3670	3707	3796	3830	3919	3953	3972	3995	4000	4020	4037	4042	4049	4065	4106	4148	4217	4223	4224	4239	4294	4464	4473	4493	4745	4752	4753	4821	4839	4871	4929	
92	234	385	425	428	447	484	487	576	603	670	734	998	1015	1135	1246	1334	1398	1403	1406	1458	1515	1600	1623	1737	1852	1862	1892	2030	2238	2270	2336	2377	2609	2614	2644	2700	2736	3003	3074	3143	3466	3520	3538	3548	3549	3628	3656	3689	3738	3798	3870	3929	3969	4010	4023	4137	4218	4235	4302	4354	4413	4502	4576	4602	4604	4652	4782	4805	4810	4879	4888	4914	4940	4941	4978	
65	98	289	446	450	688	851	1259	1275	1656	1716	1777	1778	2009	2589	2639	2678	2890	3068	3247	3329	3405	3440	3546	3601	3653	3786	3837	3840	3957	4071	4247	4287	4321	4424	4561	4600	4655	
35	167	201	350	375	406	494	543	573	617	695	760	890	1035	1042	1071	1107	1165	1356	1415	1659	1732	1762	1797	1910	2261	2368	2394	2451	2626	2640	2755	2788	2800	2870	2943	2999	3099	3115	3158	3238	3398	3424	3460	3622	3723	3785	3797	3864	4032	4038	4056	4214	4220	4222	4229	4249	4310	4315	4350	4385	4405	4517	4592	4653	4692	4699	4726	4889	4933	4944	4948	4952	4969	4980	
45	185	237	335	387	481	489	651	675	958	1058	1345	1590	1651	1726	1780	2578	2770	2930	3021	3426	3497	3594	3961	4091	4255	4260	4341	4404	
152	383	409	621	623	671	920	933	1017	1110	1163	1210	1300	1375	1410	1421	1440	1743	2289	2366	2412	2501	2739	2827	2988	3117	3211	3222	3233	3256	3331	3515	3759	3947	3968	3974	4047	4161	4278	4364	4429	4488	4534	4661	4663	4669	4736	4747	4793	4797	4818	
4	84	215	283	331	337	381	402	689	779	829	1032	1098	1106	1224	1225	1327	1338	1397	1459	1639	1869	1878	1879	1919	2204	2210	2213	2442	2541	2558	2610	2623	2634	2734	2797	2945	2971	2973	3089	3280	3339	3436	3452	3490	3685	3705	3741	3746	3800	3982	4134	4197	4348	4410	4549	4550	4558	4569	4591	4647	4665	4693	4712	4759	4831	4906	4932	4934	4972	4991	4996	4999	
70	661	1010	1134	1234	1506	1711	2060	2323	2514	2521	2606	
49	109	449	881	913	1030	1242	1280	1539	1674	1729	2833	2875	2954	
395	680	1024	1148	1196	1313	1632	1672	1904	2349	2759	2809	2885	3022	3220	
132	291	463	516	766	826	989	1233	1283	1528	1558	1676	1684	1776	1930	1969	1976	2024	2026	2121	2291	2303	2576	2913	3203	3279	3382	3578	3585	3868	4021	4046	4125	4167	4277	4342	4357	4434	4527	4687	4717	4720	4735	4815	
344	410	442	868	1095	1800	2230	2241	2262	2308	2556	2658	2668	2772	2802	2998	3321	3447	3568	3747	3802	3920	3989	4139	4171	
183	330	526	674	1640	1859	1952	2036	2456	2630	2662	2710	2794	2974	3428	
285	780	981	1060	1067	1147	1475	1538	1568	1788	1912	2115	2215	2223	2374	2383	2478	2683	2856	3085	3391	3514	3633	3946	3962	4044	4045	4363	4438	
67	327	441	548	565	577	639	664	787	1023	1322	1376	1575	1740	1757	1882	2111	2252	2279	2321	2603	2616	2659	2680	2728	2848	2883	3210	3340	3425	3486	3541	3550	3564	4077	4234	4300	4412	4580	4605	4642	4649	4666	4667	4707	4748	4829	4850	
643	693	775	894	1484	1551	1850	2095	2258	2259	2358	2431	2524	2557	2628	2933	3019	3343	3682	3803	
96	155	544	585	1126	1374	1387	2085	2314	2563	2744	2909	3593	3672	3674	3717	3806	
382	711	776	891	912	1381	1841	1944	2178	
22	66	156	260	477	608	715	902	1037	1219	1240	1286	1350	1404	1698	1811	1825	1897	2042	2049	2247	2251	2290	2435	2540	2586	2873	2963	3009	3213	3299	3512	3528	3734	3805	4029	4084	4098	4232	4274	4276	4352	4490	4542	4545	4553	4566	4567	4643	4677	4728	4796	4887	4892	4938	4958