142	438	493	577	872	1355	1728	1747	1831	1867	2863	2865	3185	3221
128	506	589	782	1078	1225	1269	1715	2366	2368	2369	2375	2533	2567	2807	2919	3229	3301	3381	3400	3631	3731	3762	4239	4262	4273	
9	544	1437	1463	1610	1650	1815	2138	2309	2418	2650	2808	2878	3089	3313	3388	3542	3779	3898	3909	
478	633	1022	1138	1204	1249	1706	2027	2074	2164	2249	2298	2416	2505	2763	2927	3604	
44	54	101	116	288	348	880	1292	1352	1595	1675	1788	1819	2554	2605	2642	2796	3020	3090	3272	3326	3966	4095	4215	4271	4344	
138	289	498	916	1130	1211	1428	1767	1863	1866	2099	2214	2402	2556	2697	2771	2856	3130	3287	3513	3871	3995	4141	4168	4228	4283	
106	239	303	697	842	851	1173	1215	1342	1702	1818	1923	2131	2541	2574	2751	2801	3097	3108	3394	3402	3471	3760	3965	4099	4166	4214	4268	
100	145	207	302	338	374	528	699	1214	1254	1308	1512	1938	2088	2220	2374	2425	2716	3359	3745	3855	
256	328	379	437	935	1272	1311	1651	1855	2029	2333	2345	2741	3028	3294	3377	3536	3578	3848	
690	900	1005	1360	1787	1837	1838	2135	2326	2413	3150	3165	3201	3369	
428	489	547	574	638	734	825	914	1103	1126	1297	1305	1393	1520	1523	1778	2222	2312	2622	2673	2674	2690	3057	3408	3629	3792	3818	3830	3905	4251	4255	4380	
13	79	245	950	1041	1161	1261	1707	1758	2580	2665	2693	
135	326	369	371	380	408	466	657	726	828	929	979	1003	1157	1165	1318	1340	1652	1762	1771	1830	1889	1960	1982	1990	2136	2156	2235	2238	2281	2293	2462	2484	2728	2732	3189	3199	3654	3816	4004	4089	4221	4361	4367	4397	4451	4455	4747	4832	4845	4848	4874	4932	4943	4952	4960	
19	48	85	352	400	435	461	484	527	549	702	1217	1658	1685	1799	1864	2124	2516	2544	2669	2689	2715	2948	3056	3068	3196	3255	3480	3539	3548	3565	3693	3782	3809	3878	3947	4020	4155	4181	4436	4486	4499	4532	4557	4767	4794	4860	
83	193	260	319	442	451	513	584	958	1187	1443	1666	1687	1705	1720	1792	1800	1964	1980	2046	2137	2280	2433	2449	2461	2591	2774	2834	2848	2922	2967	3033	3173	3200	3251	3420	3494	3517	3637	3684	3692	3849	3852	3940	3986	3993	4002	4015	4034	4109	4263	4270	4292	4300	4314	4383	4441	4448	4507	4515	4540	4572	4600	4621	4629	4681	4736	4758	4781	4868	4917	4938	4954	4966	4991	
259	282	299	397	502	551	767	904	1248	1372	1376	1419	1611	1633	1790	2154	2582	2791	2832	3003	3010	3347	3371	3375	3465	3518	3521	3586	3599	3839	3913	3998	4137	4163	4346	4384	4407	4485	4641	4714	4740	
16	204	274	404	419	494	596	781	858	961	1059	1115	1266	1407	1552	1731	1914	1957	2040	2195	2259	2344	2671	2684	2871	2905	2912	2921	2960	3008	3034	3315	3376	3390	3788	4117	4224	4426	4467	4590	4636	4656	4683	4711	4739	4746	4749	
15	92	381	643	647	733	1106	1315	1362	1952	1989	2267	2431	2592	2706	2800	2975	3149	3302	3399	3828	3936	3964	4146	4192	4227	4311	
39	316	470	564	650	654	729	758	834	1000	1024	1201	1232	1295	1347	1486	1604	1805	2033	2105	2294	2386	2454	2469	2625	2672	2720	2855	2873	2951	2979	3205	3328	3449	3664	3667	3676	3685	3728	3737	3775	3815	3854	3862	3867	3975	4353	4415	4462	4475	4539	4574	4625	4721	4726	4766	4790	4902	4911	
37	377	457	751	933	1287	1695	2348	2430	2555	2889	
136	197	402	403	458	558	599	628	673	784	804	819	861	876	917	945	1162	1191	1230	1344	1450	1475	1518	1647	1667	1700	1906	1940	1991	2016	2170	2213	2270	2361	2363	2365	2396	2547	2572	2619	2660	2717	2745	2746	2797	2799	2802	2836	2904	2950	3085	3265	3334	3413	3630	3682	3753	3825	3968	3977	4048	4078	4147	4183	4213	4399	4424	4579	4605	4622	4734	4772	4790	4798	4894	4931	4948	4975	
372	806	830	1118	1922	2073	2159	2379	2503	2760	2850	2858	
21	473	511	541	705	769	1098	1241	1631	2197	2233	2705	2792	2881	3357	
90	209	345	1087	1634	1950	2105	2153	2165	2302	
357	651	656	883	901	941	1043	1808	1857	1908	
219	465	622	1038	1435	1745	1931	1992	2500	2711	2737	2890	2946	
53	126	570	805	887	928	948	1039	1231	1810	
155	449	539	615	832	1405	1449	1496	1554	1721	2059	2411	2421	2765	3240	3274	3443	3452	3522	3545	3680	3833	3902	3972	4018	4043	4102	4158	4431	
17	59	717	1145	1179	1366	1701	1732	1836	2005	
3	249	440	472	598	614	644	680	773	826	1015	1063	1099	1124	1128	1219	1275	1298	1310	1500	1587	1939	1979	2002	2017	2133	2162	2226	2455	2940	2949	2986	3023	3151	3219	3269	3373	3405	3464	3524	3526	3532	3589	3613	3614	3822	3866	3961	4045	4047	4057	4101	4103	4105	4145	4295	4416	4446	4521	4536	4571	4632	4901	4903	4949	4972	4973	4979	4985	
148	163	164	178	201	216	373	444	518	531	542	571	755	860	977	1049	1083	1375	1414	1521	1619	1627	2188	2307	2427	2453	2532	2846	3327	3481	3694	3869	4051	4058	4111	4131	4175	4236	4323	4392	4400	4442	4496	4498	4530	4598	4620	4655	4752	4776	4786	4808	4884	4907	4910	
200	467	679	793	955	1251	1445	1455	1929	1995	2253	2279	2342	2657	2750	2854	3232	3386	3519	3541	3646	3844	3880	3925	4237	4240	
64	74	233	443	814	905	906	924	1195	1586	1782	1967	2232	2276	2537	2624	2885	3007	3236	3651	3773	3804	3908	4124	4136	4199	4307	
78	137	591	630	688	789	865	1155	1235	1373	1378	1448	1482	1643	1694	2062	2111	2164	2217	2525	2600	2736	3039	3044	3102	3132	3348	3398	3487	3496	3709	3771	3823	4070	4119	4134	4139	4150	4162	4201	4207	4248	4297	4317	4432	4456	4474	4555	4561	4595	4607	4647	4723	4795	4853	4905	4927	4982	4989	
27	384	412	525	631	740	875	1171	1464	1713	1829	2104	2380	2701	2747	3083	3250	3297	3540	3937	3974	4071	4082	4114	4125	4193	
595	662	701	1167	1273	1452	1663	2112	2297	2394	2640	2777	
349	350	366	529	738	1055	1202	1221	1579	1690	1791	2102	2254	2486	2981	3440	
84	183	215	257	287	485	532	685	768	1252	1293	1387	1413	1446	1550	1608	1617	1851	1955	2020	2030	2107	2171	2196	2377	2392	2417	2506	2869	2899	3051	3060	3144	3283	3285	3324	3350	3430	3560	3639	3653	3797	3805	3938	3999	4019	4042	4081	4094	4235	4257	4258	4267	4302	4379	4386	4411	4417	4471	4516	4526	4537	4553	4583	4615	4634	4650	4663	4712	4807	4826	4890	4925	4971	4995	
51	109	488	592	943	1264	1403	1545	1547	1742	1783	1801	2158	2478	2884	2897	3643	3701	
60	88	235	1304	1585	1646	1710	1932	1974	2174	
187	213	258	343	358	365	426	452	497	548	593	664	1066	1081	1498	1530	1670	1781	1986	2060	2096	2141	2329	2339	2467	2679	2784	2843	2939	2955	3172	3223	3242	3510	3576	3595	3806	3954	3959	4201	4256	4440	4465	4510	4564	4626	4652	4761	4770	4782	4828	4846	4881	4906	
170	246	538	668	1194	1914	1965	2383	2439	2445	2663	
242	244	296	322	770	823	848	919	1101	1151	1357	1370	1748	1849	2086	2106	2210	2242	2337	2352	2538	2602	2653	2825	2840	3111	3125	3305	3355	3426	3583	3723	3949	3957	4050	4288	4410	4445	4593	4635	4708	
36	306	496	636	720	835	1478	1711	1716	1769	1884	1949	2090	2094	2724	2782	2823	3087	3115	3353	3361	3616	3713	3799	3821	3861	3887	3955	4185	4230	4500	4542	4660	
98	151	153	191	327	405	427	486	846	869	882	890	1020	1030	1072	1108	1111	1363	1368	1515	1615	1620	1637	1833	1891	1894	1912	1926	1961	2058	2132	2160	2343	2415	2426	2548	2585	2629	2748	2768	2795	2910	2952	3009	3030	3267	3282	3341	3520	3875	3881	3903	3982	4080	4083	4165	4216	4281	4285	4352	4371	4488	4518	4639	4668	4697	4713	4737	4799	4811	4824	4838	4883	4888	4891	4927	4981	
1	58	166	321	351	850	940	966	1040	1150	1175	1258	1350	1415	1506	1559	1578	1605	1786	1825	2103	2175	2192	2219	2448	2493	2496	2501	2579	2876	2977	2987	2999	3006	3340	3349	3544	3546	3720	3791	3836	3948	4161	4315	4355	4395	4487	4514	4716	4724	4738	4812	4823	4847	4924	4937	4944	4977	
105	582	763	870	1102	1127	1444	1603	1976	1985	2290	2398	2465	2712	2841	3421	3563	3812	3819	
503	563	967	975	1095	1493	1535	1777	1895	2003	2234	2435	2479	2526	2677	3488	3628	3691	
87	195	641	800	1013	1068	1290	1458	1483	2127	2199	2718	2957	2995	2996	3012	3143	3210	3231	3284	3482	3486	3515	3695	3729	4011	4132	4222	4282	4296	4362	4427	4430	4434	4464	4531	4559	4589	4594	4608	4630	4678	4686	4787	
7	82	309	534	653	694	783	810	816	1262	1516	1659	1698	1736	1852	1905	1927	2037	2236	2381	2607	2635	2758	2781	2902	2963	3138	3246	3333	3356	3457	3530	3612	3642	3732	3858	4003	4009	4010	4157	4249	4454	4534	4563	4658	4748	4751	4821	4841	4863	
157	792	995	1054	1183	1406	1628	1858	1902	2176	2463	2637	2691	2866	2976	3001	3204	3677	3686	3787	3970	3989	
6	208	247	375	683	811	991	1114	1330	1514	1588	2631	2759	3065	3168	3203	3368	3472	3550	3611	3831	4035	
77	107	123	339	360	439	454	555	621	796	895	1090	1140	1144	1148	1153	1186	1255	1256	1259	1319	1584	1642	1674	1717	1764	1766	1779	1859	1888	1903	1993	2018	2230	2256	2263	2350	2358	2370	2517	2616	2766	2908	2954	2970	3092	3120	3193	3239	3423	3495	3600	3626	3830	3877	3929	3991	4061	4064	4179	4253	4421	4437	4575	4672	4675	4685	4719	4844	4855	4862	4871	4914	4926	4962	4969	4974	4980	4983	
253	445	808	1134	1461	1689	1709	1719	2037	2050	2378	2794	2914	3080	3136	
175	252	307	388	434	522	546	617	649	731	741	1069	1071	1073	1077	1210	1283	1671	1703	1729	1793	1872	1896	1935	1973	2010	2130	2152	2207	2436	2441	2546	2719	2831	2928	3110	3140	3141	3164	3192	3226	3504	3619	3641	3750	3808	3882	3918	3997	4138	4324	4372	4433	4439	4691	4700	4725	4889	4908	4921	4963	
110	273	618	691	742	752	779	902	923	932	1017	1159	1278	1568	1573	1583	1648	1704	1899	2072	2120	2128	2182	2208	2247	2304	2353	2401	2446	2518	2667	2729	2811	2872	2923	2985	3047	3211	3238	3503	3552	3632	3687	3696	3730	3846	3904	3996	4087	4250	4298	4412	4480	4565	4638	4743	4783	4831	4839	4858	4892	4893	4895	4904	4909	4957	
40	42	222	224	240	1113	1495	1511	1813	2305	2373	2429	2568	2702	2851	2936	3243	3257	3289	3317	3391	3577	3609	3717	3951	3971	4025	4066	4220	4269	4394	4535	4543	4544	
32	68	144	196	559	739	1006	1026	1051	1630	2011	2109	2184	2535	2581	2651	2935	2937	3154	3307	3467	3483	3516	3556	3562	3585	3590	3650	3746	3803	3824	3885	3932	3992	4056	4351	4363	4388	4438	4477	4501	4547	4562	4702	4835	4856	4865	
184	254	655	838	1154	1198	1209	1224	1598	1699	1752	1893	1981	2221	2229	2301	2323	2542	2559	2565	2879	2943	3053	3253	3275	3434	3447	3477	3555	3910	4069	4495	
133	569	583	608	959	976	1062	1168	1400	1434	1509	1541	1653	1797	2053	2089	2403	2498	2527	2868	2961	2983	3050	3059	3235	3252	3387	3573	3638	3711	3900	3941	4013	4062	4065	4106	4194	4342	4429	4592	4689	4717	4801	4829	
20	46	203	229	277	312	336	376	508	841	937	1034	1074	1301	1317	1474	1532	1691	1966	2028	2078	2181	2190	2508	2859	2896	2953	3046	3288	3345	3445	3474	3537	3543	3606	3657	3768	3826	3832	4006	4017	4077	4245	4318	4391	4393	4478	4511	4512	4617	4730	4773	
18	540	619	1163	1525	2083	2121	2173	2494	2504	2530	2588	2887	3074	3171	3478	
272	294	601	737	1147	1206	1607	1804	1848	2108	2443	2603	2787	2814	2830	3128	3320	3370	3393	3462	3584	3596	3802	3834	3967	4104	4133	4153	4174	4301	4374	4389	4567	4577	
76	94	161	283	414	565	754	895	909	910	926	1032	1226	1270	1309	1538	1625	1798	1807	2095	2140	2167	2384	2444	2509	2739	2886	2925	2991	3045	3500	3580	3593	3722	3872	4027	4188	4337	4472	4771	4779	4789	4814	4822	
132	225	482	661	1477	2054	2320	2325	2408	2460	2489	2824	
433	479	658	981	1086	1323	1334	1536	1662	1824	1846	2095	2118	2288	2295	2404	2438	2472	2477	2641	2668	2789	2805	2883	3016	3070	3104	3107	3276	3360	3635	3790	3969	4122	4279	4293	4420	4425	4443	4489	4522	4573	4612	4644	4664	4698	4715	4793	
263	268	344	586	776	807	921	1247	1621	1660	1761	1776	1841	2266	2317	2364	2437	2813	3190	3378	
298	300	696	837	853	896	952	1494	1519	1524	1543	1768	1994	2482	3271	3558	3621	
154	165	605	613	677	708	820	973	988	1160	1181	1200	1242	1279	1467	1529	1609	1812	1881	1883	2022	2051	2066	2166	2237	2284	2315	2459	2551	2891	2989	3004	3212	3260	3463	3617	3735	3783	4036	4049	4068	4200	4204	4231	4233	4333	4497	4586	4645	4709	4810	
234	418	441	476	512	1969	2147	2205	2313	2349	2497	2662	3019	
25	335	500	580	695	721	744	749	775	797	1120	1246	1281	1487	1491	1503	1624	1775	1811	1882	1968	1983	2014	2223	2274	2299	2474	2563	2573	2726	3170	3222	3442	3605	3800	3886	3889	3983	4072	4197	4313	4316	4340	4343	4353	4357	4385	4525	4596	4619	4653	4669	4754	4755	4764	4840	4851	4877	4878	4899	4942	4951	4987	
112	320	329	410	536	639	759	970	985	1010	1016	1300	1364	1395	1561	1878	1944	1946	2101	2122	2146	2227	2442	2601	2773	2783	2810	3124	3316	3620	3672	3879	3920	4063	4086	4184	4286	4373	4520	4731	
127	852	946	960	1052	1542	1959	1988	2049	2068	2357	2984	3182	
202	471	659	712	772	922	1070	1189	1489	1665	1823	1901	2115	2389	2520	2916	3259	3425	3479	3547	3813	3850	3857	3921	4790	
24	65	146	665	791	1011	1031	1139	1149	1462	1601	1727	1862	2042	2143	2185	2292	2382	2519	2633	2857	3249	3309	3568	3700	3759	3956	3958	4234	4377	4428	
134	160	251	509	606	978	1469	1740	2052	2209	2393	2458	2488	2598	2678	3134	3157	3162	3216	3325	3512	3574	3594	3598	3623	3758	3780	3888	4277	
131	611	1156	1184	1394	1551	1773	1945	2055	2056	2557	2561	2652	
35	97	675	764	802	877	963	1105	1107	1686	1765	2057	2125	2155	2225	2725	3105	3166	3469	
95	391	446	510	517	713	1349	1420	1502	1576	1640	1840	2257	2268	2522	2528	3179	3454	3534	3793	3794	3942	4000	4052	4096	4120	4229	4246	4265	4341	4483	4660	
180	310	382	393	413	575	711	746	871	911	953	1021	1058	1094	1122	1333	1404	1669	1918	1936	2009	2097	2183	2332	2447	3058	3075	3079	3167	3220	3372	3374	3468	3607	3655	3663	3840	3851	3933	3943	4156	4189	4195	4208	4238	4252	4365	4479	4523	4558	4609	4610	4649	4670	4692	4727	4756	4757	4843	4854	
269	383	602	625	844	1065	1553	1718	1724	1760	1925	2661	2907	3098	3169	3197	3509	3564	3670	3706	4182	4211	4223	4725	
71	115	179	210	264	368	422	504	719	815	1117	1141	1218	1412	1661	1664	2015	2338	2452	2586	2721	2909	3072	3142	3304	3346	3401	3475	3505	3535	3572	3675	3926	4032	4060	4330	4409	
2	47	56	386	395	590	620	715	756	951	1271	1351	1431	1453	1581	2492	2523	2545	2648	2688	2835	2882	2930	2938	2994	3093	3198	3508	3566	3627	3699	3712	3807	3980	4016	4143	4218	4360	4414	4459	4576	4729	4759	
192	265	475	753	760	824	831	839	854	899	971	984	1019	1044	1296	1337	1398	1528	1733	1751	1757	1816	2093	2271	2283	2331	2481	2540	2692	2806	3025	3043	3146	3187	3270	3300	3383	3492	3538	3747	3865	3923	3987	4041	4093	4107	4130	4176	4338	4356	4444	4461	4494	4552	4568	4602	4618	4762	4768	4827	4837	4859	4876	4916	4941	4955	4958	
8	30	41	66	125	143	278	330	430	436	581	609	667	716	774	821	873	885	1053	1060	1097	1104	1182	1207	1216	1356	1441	1476	1571	1677	1910	2258	2278	2321	2336	2385	2491	2577	2589	2599	2645	2676	2778	2875	3101	3856	3911	3930	3952	4085	4148	4210	4329	4458	4463	4587	4624	4651	4654	4704	4733	4800	4820	4864	4879	4885	4915	4922	4930	4936	4947	
103	241	480	640	894	1091	1177	1282	1391	2512	2560	2837	2839	
311	416	669	992	1176	1192	2198	2390	2613	2733	2917	3005	3137	3145	
34	119	122	367	390	594	634	671	956	1203	1263	1358	1417	1473	1632	1696	2244	2397	2685	2892	2898	2945	2966	2982	3194	3418	3432	3460	3497	3527	3570	4012	4303	4336	4375	4490	4508	4551	4646	4696	
226	315	378	421	455	723	849	1510	1898	1987	2076	2144	2151	2584	2621	2699	2864	2880	2998	3021	3054	3382	3529	3649	3978	4079	4084	4091	4159	4172	4206	4306	4308	4588	
43	159	515	560	684	913	957	1042	1174	1222	1229	1345	1411	1433	1558	1562	1802	1827	2239	2371	2529	2686	2772	2820	2980	3029	3184	3277	3407	3429	3608	3660	3674	3719	3721	3934	3944	4123	4145	4259	4304	4468	4631	4661	4705	
199	588	771	1220	1456	1460	1472	1490	1692	1725	1921	2314	2466	2942	3100	3303	3557	4515	
286	523	535	557	700	714	1190	1245	1429	1744	1809	1909	2260	2456	2483	2734	2804	2822	3061	3088	3208	3319	3777	4074	4203	
140	305	333	364	396	425	524	612	689	1480	1999	2077	2250	2753	3159	3352	3415	3776	
33	361	645	889	1025	1213	1826	2193	2296	2319	
949	1014	1299	1385	1485	1527	1556	1563	1770	2172	2255	2587	2968	3113	3396	3652	
267	271	918	1243	1383	1589	1873	1916	2204	2262	2738	
243	499	556	578	1236	1861	2070	2075	2129	2191	2638	2770	2972	3071	3433	3450	3661	3757	
399	409	447	798	994	1320	1874	1963	2149	2231	2286	2359	2570	2618	2627	2647	2833	2861	3343	3528	3618	3855	
158	237	392	469	892	1125	1457	1560	2150	4927	
456	526	722	730	893	998	1199	1250	1533	1616	
168	468	514	537	585	954	1109	1185	1397	1454	1513	1623	1722	1868	1953	1962	2434	2779	2788	3291	3774	3962	4219	
332	359	450	464	487	687	827	931	938	1253	1596	1820	1890	1907	1951	2116	2123	2163	2335	2356	2428	2564	2583	2593	2659	2749	3096	3591	3796	3960	4001	4033	4149	4326	4334	4354	4368	4405	4450	4606	4642	4732	4785	4809	4815	
63	211	420	572	898	1002	1004	1085	1286	1303	1346	1369	1465	1492	1522	1546	2200	2457	2471	2502	3017	3022	3073	3466	3514	3707	3751	3798	3939	4026	4129	4140	4353	4460	4513	4584	4628	4648	4684	
228	370	520	554	576	663	868	964	1027	1135	1233	1396	1423	1484	1649	1678	1860	1919	2480	2757	3032	3127	3131	3507	3554	4092	4128	
250	363	761	780	856	1260	1597	1739	1803	2164	2355	2360	2513	2610	2988	2993	3038	3395	3499	3716	3811	3842	3873	4225	4226	4319	4350	
102	176	186	324	453	915	1265	1332	1738	2008	2087	2148	2206	2450	2698	2769	2929	3000	3086	3174	3278	3428	3456	3592	3703	4110	4186	4212	4449	
141	152	189	635	709	718	745	833	859	947	997	1046	1050	1291	1324	1425	1451	1593	1680	1734	2001	2085	2117	2245	2388	2406	2473	2495	2597	2611	2648	2901	2903	3013	3117	3175	3280	3380	3384	3422	3458	3551	3689	3739	4039	4154	4180	4364	4560	4585	4679	4750	4784	4817	4897	4929	4946	
130	188	214	448	1084	1239	1784	2036	2475	2524	2608	2708	3133	3306	3336	3337	
206	217	318	1447	1737	1796	1856	2203	2578	2596	2604	2752	2766	3214	
185	212	342	566	623	1064	1092	1421	1432	1688	1817	1869	1972	2061	2139	2251	2409	2595	2615	2709	3118	3180	3256	3262	3264	3441	3561	3662	3781	3915	4037	4144	4151	4198	4254	4305	4320	4358	4359	4406	4423	4533	4550	4601	4718	
12	22	230	795	862	1132	1158	1422	1712	1975	
194	231	429	474	481	516	616	1056	1164	1205	1274	1294	1307	1327	1359	1409	1582	1590	1668	1681	1828	2023	2142	2194	2246	2264	2291	2575	2617	2649	2695	2710	2893	2926	3052	3160	3314	3549	3648	3708	3859	3864	4046	4190	4299	4309	4325	4332	4418	4515	4662	4666	4866	
120	567	624	626	704	845	1110	1237	1606	1879	2212	2252	2826	
99	275	346	777	829	1626	1714	1785	1789	2000	2065	2169	2354	2812	3041	3122	3830	
104	198	261	262	334	362	552	562	646	678	993	1037	1076	1093	1137	1325	1377	1439	1442	1537	1657	1904	2039	2043	2754	2766	2842	2911	2958	2965	2974	3014	3106	3153	3322	3339	3363	3365	3453	3455	3582	3681	3683	3688	3817	3963	3984	4005	4266	4278	4402	4503	4556	4693	4742	4797	4802	4834	4850	4852	4880	4988	
62	491	530	587	968	1328	1341	1371	1427	1548	1570	1682	2006	2134	2201	2218	2265	2269	2282	2655	2744	3331	3531	3795	3883	3901	4023	4090	4366	4381	4422	
190	463	1079	1388	1401	1612	1683	1821	1845	1876	1886	1887	1914	1937	2376	2424	2694	2798	2915	3665	3679	3725	3748	3906	4054	
290	354	533	648	670	785	878	897	908	944	1361	1410	1507	1594	1673	1676	1756	1842	1947	2035	2178	2179	2414	2558	2819	2964	2973	3155	3163	3233	3290	3392	3404	3446	3697	3752	3810	3814	4100	4142	4201	4241	4275	4335	4348	4349	4546	4569	4578	4687	4690	4745	4753	4777	4806	4833	4896	4970	4993	4996	
113	394	423	965	982	2063	2161	2400	2412	2569	2606	2775	
73	281	347	356	521	1438	1655	2186	2241	2328	2464	2634	2675	2933	3406	3506	
31	149	169	295	301	337	505	674	732	747	748	855	866	1012	1055	1240	1440	1526	1567	1708	1924	2084	2119	2189	2273	2696	2704	2722	2761	2816	2877	2894	2932	2990	3183	3209	3292	3411	3412	3484	3597	3666	3764	3837	3912	4022	4029	4178	4191	4217	4232	4276	4290	4481	4505	4519	4528	4549	4660	4665	4674	4676	4728	4780	4830	4870	4887	4920	4928	4940	4967	4999	
52	81	150	156	236	304	432	672	983	989	1023	1591	1654	1735	1835	1958	1997	2021	2145	2742	3026	3078	3114	3116	3119	3228	3575	3644	3756	3868	4115	4118	4289	4339	4408	4527	4570	4597	4616	4659	
218	632	637	660	666	725	986	996	1028	1055	1268	1289	1329	1780	1920	2047	2071	2177	2347	2405	2614	2818	2931	3015	3040	3178	3295	3743	3755	3801	3893	3899	3914	3945	4247	4413	4452	4657	4710	
4	118	1082	1129	1335	1381	1426	2091	2157	2215	2440	2658	2997	3018	3067	3362	
387	398	603	743	803	903	927	1142	1613	1844	1847	1892	2026	2300	2341	2620	2644	2785	2959	3217	3293	3299	3354	3364	3431	3633	3647	3767	3784	3789	4021	4067	4108	4167	4604	
255	340	415	610	627	750	812	895	1170	1374	1416	1618	1656	1806	1854	1933	2476	2536	2630	2636	2648	2803	2867	3103	3176	3330	3625	3634	3749	3835	3884	3917	3946	3981	4031	4044	4152	4345	4347	4404	4473	4484	4506	4688	4735	4791	4804	
232	291	867	1146	1331	1954	2045	2534	2723	2829	2895	3002	3081	3191	3296	
45	49	600	765	1036	1080	1133	1244	2180	2289	
57	181	223	248	266	355	492	507	698	710	1007	1035	1193	1228	1354	1379	1430	1470	1614	1638	1741	1772	1978	1996	2007	2037	2334	2420	2422	2487	2609	2700	2740	2874	2971	3135	3207	3247	3261	3409	3439	3498	3569	3615	3690	3705	3718	3744	3847	3876	4053	4088	4116	4390	4396	4517	4581	4701	4788	4792	4818	4900	4956	4968	
29	238	818	1045	1267	1499	1504	1549	1880	1897	2272	2626	2735	3379	3476	3523	
5	220	297	325	331	417	519	597	693	822	1112	1123	1257	1306	1326	1343	1367	1569	1629	1636	1672	1795	2038	2202	2311	2362	2507	2707	2727	2944	3077	3091	3195	3263	3311	3485	3622	3715	3853	3860	3891	3924	4014	4055	4272	4280	4291	4435	4476	4492	4599	4763	4819	4882	4950	4965	
108	279	389	545	681	969	1277	1459	1592	1641	1759	1814	1943	2510	2780	3312	3736	
26	96	462	874	1057	1380	2095	2395	2762	2776	2845	2852	2888	3035	
55	167	205	652	864	879	1136	2287	2391	2514	2549	3218	3224	3258	3332	
284	285	762	836	907	920	1196	1574	1753	2081	2956	3048	
50	111	129	162	431	477	550	607	692	707	891	934	1100	1322	1389	1572	1850	2004	2041	2080	2113	2243	2248	2419	2844	3055	3066	3126	3129	3181	3310	3342	3437	3438	3448	3501	3671	3710	3724	3742	3761	3769	3896	3919	3922	3927	3935	4007	4030	4038	4040	4073	4075	4321	4382	4387	4419	4447	4603	4627	4769	4873	4898	4912	4933	4986	4990	
221	385	604	766	788	840	857	939	1009	1088	1089	1212	1314	1386	1471	1600	1726	1749	1750	1915	1917	1934	2100	2187	2216	2303	2306	2410	2470	2566	2576	2670	2713	2731	3027	3037	3148	3213	3244	3273	3338	3385	3435	3461	3533	3567	3581	3601	3636	3640	3727	3740	3741	3770	3863	4024	4097	4205	4294	4310	4482	4509	4538	4591	4643	4680	4694	4725	4760	4857	4861	4872	4875	4918	4945	4992	4997	
172	308	686	786	787	801	987	1180	1408	1501	1555	1743	1774	1956	2031	2034	2310	2543	2962	2969	3094	3147	3237	3254	3308	3366	3403	3470	3976	4160	4171	4331	4370	4403	4469	4470	4580	4695	
61	91	280	317	459	543	799	843	881	925	936	990	1018	1172	1276	1399	1418	1424	1540	1557	1645	1948	2044	2067	2126	2168	2346	2521	2628	2643	2664	2666	2680	2849	2934	3042	3152	3321	3389	3588	3645	3656	3673	3702	3738	3786	3841	3855	3950	4113	4169	4170	4187	4196	4274	4457	4466	4491	4504	4566	4613	4637	4640	4677	4774	4778	4796	4825	4836	4919	4923	4953	4961	4976	4984	5000	
80	147	227	292	495	884	1169	1336	1392	1436	1531	1693	1839	1865	1928	1930	2327	2703	2755	2764	2862	2918	3064	3158	3248	3511	3602	3668	3754	
89	93	182	323	424	483	703	778	863	974	1008	1033	1119	1131	1223	1316	1679	1755	1998	2025	2211	2656	2847	3076	3109	3206	3344	3367	3416	3427	3765	3827	3838	3892	3990	4059	4126	4145	4202	4322	4378	4401	4529	4623	4671	4673	4706	4741	4744	4867	4886	
28	70	86	276	401	579	962	999	1047	1121	1166	1178	1188	1234	1285	1321	1339	1365	1468	1544	1602	1746	1822	1834	2098	2277	2318	2330	2423	2531	2539	2571	2682	2714	2815	2827	2838	2920	3031	3062	3112	3121	3161	3424	3489	3553	3579	3624	3698	3785	3845	3931	4028	4076	4098	4177	4284	4502	4548	4667	4699	4720	4765	4803	4849	4934	4935	4939	4959	4964	4978	4994	4998	
561	1288	1508	1577	1644	1853	1942	2012	2322	2407	2612	2756	
706	724	735	1029	1348	1497	1517	1832	2261	2275	2340	2562	3335	3358	
411	501	568	942	1152	1390	1911	2069	2092	2372	3177	3241	3281	3298	3329	
72	114	171	579	727	736	847	1067	1382	1466	1580	1622	2079	2285	2324	2351	2451	2550	2552	2646	2683	2767	2821	2853	2906	2947	3049	3063	3227	3473	3525	3603	3870	3985	3988	4008	4243	4376	4398	4493	4611	4722	4775	4805	4813	
75	124	573	794	886	1312	1353	1871	1900	1984	2485	2499	2553	2786	3234	3279	3417	3436	3444	3493	3610	3659	3678	4135	4264	
23	553	728	1488	1599	2082	2632	2743	2924	2978	3225	3268	3286	3351	3419	
293	314	341	353	406	407	460	642	809	1001	1197	1227	1566	1723	1875	1971	2468	2730	2809	3011	3082	3123	3318	3323	3571	3874	3916	3953	4328	4453	
10	11	67	117	174	579	629	790	1048	1096	1143	1338	1575	1754	1843	1941	2064	2105	2367	2399	2432	2490	2654	2687	2790	3156	3188	3245	3451	3733	3763	3772	3820	3928	3973	4121	4164	4173	4209	4287	4312	4369	4541	4545	4554	4682	4707	4816	
14	69	177	490	682	1061	1313	1564	1565	1730	1763	2048	2511	2515	2623	2913	3084	3414	3502	3559	
121	817	888	912	930	972	980	1402	2019	2224	2941	3099	3410	3459	3490	3587	3704	3734	
139	1208	1238	1280	1284	1302	1481	1913	2032	2114	
270	313	757	813	1075	1116	1384	1479	1534	1635	1639	1697	1794	1870	1877	1885	1970	1977	2013	2024	2228	2240	2308	2316	2387	2594	2681	2793	2817	2870	2900	3024	3036	3397	3491	3658	3669	3714	3778	3829	3843	3979	3994	4112	4127	4242	4260	4261	4524	4582	4614	4633	4703	4842	4869	4913	
38	173	676	1505	1539	1684	2110	2590	2639	2828	2860	2992	3069	3095	3139	3186	3202	3215	3230	3266	3726	3766	3890	3894	3895	3897	3907	4244	4327