168	204	221	296	351	970	974	1042	1307	1444	1533	1684	1692	2089	2292	2713	3180	3561	3582	3831	4130	4194	4290	4295	4658
17	419	452	536	618	644	753	773	797	906	913	967	983	998	1092	1111	1114	1239	1360	1405	1470	1873	2052	2095	2168	2234	2240	2268	2316	2420	2428	2481	2523	2599	2646	2718	2753	2889	3025	3188	3214	3245	3411	3422	3456	3479	3649	3659	3971	4012	4055	4168	4199	4256	4333	4369	4431	4464	4542	4547	4631	4652	4692	4798	4815	4886	4919	4976	4983	4990	
40	584	625	688	752	1327	1362	1708	2070	2144	2299	2450	2466	2602	2932	3208	3541	3753	3832	3890	4017	4090	
55	112	416	506	509	641	643	1390	1461	1840	1939	2048	2368	2385	2404	2655	2710	2898	3080	3194	3202	3346	3428	3603	3781	3808	3882	4095	4102	4148	4221	4239	4268	4371	4378	4396	4410	4572	4615	4866	
102	397	398	604	953	1007	1025	1075	1323	1490	1567	1636	1639	2022	2152	2202	2716	2799	3005	3107	3200	3267	3289	3296	3336	3517	3542	3920	4092	4127	4136	4394	4562	4600	4887	
133	198	314	446	722	893	1242	1600	1937	2273	2964	3192	3205	3325	3404	3460	
43	61	129	205	305	347	355	378	431	469	512	725	1017	1066	1208	1220	1375	1400	1534	1537	1709	1731	1961	2116	2117	2199	2310	2341	2353	2552	2714	2740	2894	2991	3232	3257	3293	3415	3466	3563	3868	3883	3927	3941	3983	4063	4069	4075	4093	4270	4296	4335	4383	4388	4444	4450	4456	4481	4483	4592	4607	4644	4653	4654	4733	4745	4796	4846	4895	4897	4901	4936	4950	4974	4995	4999	
364	390	472	667	846	1439	1715	1995	2359	2603	2607	2654	2868	
143	180	229	291	587	745	765	1321	1326	1488	1505	1629	1697	1907	1948	2149	2219	2318	2496	2663	3228	3379	3644	3919	3929	3995	4101	4326	4885	
99	508	634	642	854	937	1120	1133	1150	1200	1359	1367	1477	1538	1586	1643	1933	1938	1994	2035	2053	2160	2280	2576	2582	2583	2651	2700	2745	2749	2861	2899	2939	3030	3123	3278	3282	3322	3356	3382	3453	3484	3875	3879	3977	4003	4056	4173	4178	4253	4309	4380	4439	4472	4539	4626	4726	4750	4756	4776	4808	4827	4853	4861	4865	4893	4898	4900	4916	4926	4941	4959	4963	4978	4979	4981	4985	4987	4992	
231	270	320	383	568	693	796	817	898	905	935	956	1037	1059	1261	1524	1649	1888	1963	1992	2092	2093	2167	2197	2258	2429	2443	2524	2688	2813	2995	3388	3429	3444	3524	3573	3726	3727	3958	3973	4115	4161	4218	4496	4587	4640	
981	1283	1433	1451	1481	1528	1583	1778	1786	1956	2208	2361	2436	2499	2626	2637	2877	3268	3328	3376	3747	3903	3997	4046	4125	4289	4440	4478	4544	
128	572	605	812	826	1016	1026	1043	1577	1615	1874	1901	2102	2181	2200	2249	2282	2483	2495	2994	3215	3355	3393	3494	3653	3766	4264	4407	4490	4491	
75	349	480	632	715	741	1155	1160	1286	1312	1370	1373	1568	1625	1971	2235	2244	2439	2522	3103	3329	3352	3418	3471	3716	3827	4105	4357	
104	108	152	375	694	962	1006	1248	1496	1509	1797	1905	1922	2060	2339	2484	2491	2515	2937	3301	3383	3578	3764	3806	3892	4026	4041	4463	
110	187	282	381	403	429	1049	1078	1162	1214	1224	1240	1279	1292	1294	1495	2029	2293	2457	2537	2701	2897	2903	3085	3111	3368	3505	3605	3703	3839	3968	4087	4104	4305	4329	4391	4437	4525	
69	628	901	932	1581	1682	1745	1909	2201	2600	2667	3069	3216	3263	3408	3454	3634	3715	
80	118	230	324	691	756	1523	1623	1750	1891	2289	2460	2691	2858	2924	3022	3108	3628	3657	3706	3874	3948	3964	4150	4196	4271	
254	274	516	775	869	1195	1197	1234	1354	2039	2220	2556	2943	3105	3447	3586	3725	3801	
311	544	757	936	965	996	1050	1087	1176	1207	1454	1607	1711	1741	1940	2097	2554	2805	3027	3131	3239	3813	3821	3887	4007	4222	4267	4301	4313	4487	4509	4530	4556	
113	114	185	373	421	440	523	1100	1287	1434	1529	1712	1795	1866	2114	2192	2252	2383	2400	2512	2650	2751	2754	2854	2962	3117	3122	3220	3238	3643	3662	3898	3949	4030	4038	4139	4231	4274	4389	4400	4507	4543	4635	4672	4683	4695	4723	4732	4735	4751	4768	4795	4819	
86	94	106	232	295	350	387	442	564	567	665	679	702	836	1118	1278	1304	1407	1460	1719	1826	1856	1941	2150	2210	2222	2326	2388	2586	2659	2849	2975	3062	3126	3442	3467	3553	3701	3704	3783	3790	3830	3952	3988	4118	4217	4314	4422	4514	4637	4696	4809	4851	4852	4857	4890	4939	
550	586	696	767	878	1789	1820	1915	1981	2074	
35	156	497	615	866	977	1004	1628	1744	1872	2371	2584	2732	2946	
361	678	1344	1514	1969	2186	2286	2430	2635	2784	2825	3297	4948	
418	666	868	1013	1473	1520	1810	1950	2067	2315	
88	316	856	1438	1554	2298	2648	2722	2773	2821	2828	3023	3110	3182	3240	3252	3508	3685	
105	675	888	1225	1408	2411	2571	2604	2606	2838	2931	3102	3144	3331	
7	54	68	380	404	454	511	570	598	676	692	858	867	941	1029	1095	1153	1267	1382	1608	1868	2112	2135	2189	2336	2340	2356	2380	2414	2532	2596	2627	3050	3095	3406	3500	3581	3610	3615	3630	3722	3730	3739	3880	3945	3959	3982	4039	4124	4165	4206	4244	4474	4511	4565	4570	4638	4645	4767	4804	4822	4986	
538	706	739	1478	1713	1863	1999	2041	2396	2455	2535	2565	3206	
31	389	880	1376	1384	1572	1676	1883	1990	2032	2314	2367	2426	2616	2922	3153	3255	3304	3403	3594	3707	3734	
447	583	592	808	821	997	1311	1453	1506	
217	241	330	686	699	824	831	879	1073	1082	1110	1113	1205	1296	1562	1633	1664	1861	2513	2531	3165	3359	3751	4261	
46	72	197	713	823	902	1191	1264	1401	1422	1467	1879	1917	1932	1944	2000	2046	2375	2390	2401	2412	2431	2490	2597	2725	2756	2996	3002	3114	3141	3258	3410	3489	3612	3675	3697	3843	3860	4025	4047	4048	4174	4193	4575	4748	4758	4837	4902	4915	4971	
34	144	264	318	730	884	1232	1395	1485	1660	1790	1914	1930	1945	2034	2042	2081	2107	2214	2296	2351	2418	2435	2498	2585	2636	2896	2900	3073	3092	3120	3168	3292	3412	3473	3497	3511	3513	3544	3590	3623	3741	3934	3935	3965	3994	4043	4070	4167	4203	4205	4214	4219	4236	4242	4427	4451	4583	4657	4665	4878	4888	4970	4997	
97	162	272	369	697	1497	1620	2261	2381	3886	
44	161	196	445	579	623	828	1172	1356	1457	1521	1584	1875	2845	2966	3366	3371	3448	3729	3807	3872	4072	4109	
78	574	780	1097	1330	1449	1619	1806	2059	2188	2526	2928	3101	3487	3522	3638	3740	3792	3820	
202	236	317	410	494	896	918	1174	1268	1306	1379	1386	1462	1480	1717	1737	1787	1796	1829	2049	2163	2190	2242	2516	2577	2683	2762	2876	2906	3135	3154	3302	3305	3326	3332	3372	3469	3547	3656	3661	3800	3823	3978	4024	4053	4091	4098	4224	4448	4501	4534	4545	4675	4678	4764	4777	4904	4935	4972	4996	
827	863	1020	1167	1291	1328	1426	1458	1686	2742	2977	
47	52	215	246	344	417	881	930	972	1199	1206	1410	1707	1924	1953	2153	2379	2538	2617	2687	2908	2971	2982	3004	3156	3187	3197	3204	3250	3286	3510	3515	3526	3549	3552	3568	3602	3648	3681	3696	3712	3780	3784	3885	3928	3955	3991	4134	4230	4352	4363	4384	4405	4510	4552	4596	4651	4659	4747	4755	4763	4774	4829	4832	4869	4905	4927	4962	
212	244	443	554	573	658	829	973	986	1036	1056	1482	1609	1757	2184	2274	2279	2575	2632	2678	2848	3210	3458	3816	3901	4207	
50	213	251	298	325	459	596	629	648	903	1041	1055	1121	1145	1177	1210	1250	1260	1371	1475	1759	1825	1896	2028	2072	2207	2259	2319	2342	2527	2536	2545	2560	2633	2643	2677	2703	2755	2801	2852	3037	3425	3445	3564	3669	3932	3967	4057	4141	4147	4190	4200	4246	4248	4252	4350	4393	4424	4549	4571	4590	4656	4674	4708	4719	4749	4816	4840	4843	4860	4870	4933	4947	4953	
2	45	66	182	478	668	849	1094	1244	1282	1396	1425	1448	1724	1729	1734	2077	2221	2548	2780	2814	3008	3032	3067	3113	3343	3509	3595	3652	3756	3873	3931	3970	4318	4320	4406	4419	4574	4591	4701	4753	4761	
207	237	464	624	788	1125	1531	1580	1610	1621	1765	1852	2036	2098	2301	2804	2879	2935	3013	3060	3157	3199	3225	3475	3527	3769	3881	3953	4151	4201	
12	76	111	136	482	541	576	680	770	895	899	931	1247	1293	1432	1565	1652	1773	1843	1858	1869	2119	2239	2332	2403	2447	2488	2500	2791	2884	2969	3016	3075	3100	3281	3283	3495	3686	3717	3765	4033	4049	4071	4123	4155	4213	4299	4306	4432	4442	4458	4513	4516	4528	4531	4558	4623	4688	4716	4721	4770	4801	4805	4896	4928	4957	4967	
259	323	399	450	479	928	1144	1592	2122	2245	2377	2761	2833	3081	3742	3840	3871	3937	4182	4625	
155	384	425	690	830	889	890	933	984	1231	1265	1588	1846	1986	2185	2365	2422	2468	2598	2684	2885	2952	3181	3317	3523	4146	4186	4315	4403	4452	4488	4564	4567	4585	
18	283	428	545	837	952	1243	1315	1590	1613	2006	2177	2241	2704	2717	2855	2985	3127	3137	3209	3592	3624	3651	3728	3852	3866	3877	4116	4149	4181	4505	4524	
116	257	289	703	717	1044	1098	1213	1409	1579	1762	1807	1893	2045	2058	2129	2133	2154	2295	2311	2331	2674	2708	2738	2794	2820	2830	2831	2968	3047	3264	3270	3421	3491	3506	3512	3596	3896	3915	3974	3984	4013	4156	4160	4189	4276	4303	4321	4338	4392	4489	4499	4527	4603	4606	4667	4679	4848	4868	4883	4929	4932	4952	4956	4966	
67	79	123	247	961	1180	1246	1394	1419	1635	1699	1847	2787	2856	2949	3528	3607	
366	569	729	799	833	1147	1168	1860	
28	172	222	287	292	492	524	700	814	904	949	1346	1403	1612	1763	1865	2087	2237	2391	2402	2530	2822	3056	3221	3351	3776	3961	4021	4074	4128	4269	4319	4459	4508	4573	4604	4691	4725	4727	4734	4765	4797	
9	15	117	245	273	322	385	400	405	540	687	710	873	885	1000	1002	1027	1102	1117	1183	1194	1255	1256	1290	1350	1361	1423	1494	1703	1736	2010	2030	2100	2198	2276	2303	2543	2594	2612	2706	2747	2905	3146	3285	3431	3434	3504	3507	3546	3660	3966	4027	4037	4114	4133	4142	4317	4325	4341	4436	4479	4597	4700	4793	4803	4924	
653	1345	1452	1464	1886	2322	2504	2506	2647	2681	2914	3033	3184	3339	3585	3673	3793	3796	
90	203	249	414	434	527	746	865	999	1230	1325	1466	1551	1578	1732	1902	1983	2005	2138	2142	2203	2533	2705	2733	2757	2880	2940	2953	2955	3089	3226	3269	3341	3576	3633	3720	3922	4060	4077	4152	4349	4408	4414	4540	4581	4671	4694	4742	4760	4835	4889	
101	138	235	412	490	611	701	719	726	772	781	784	815	982	1108	1171	1411	1542	1662	1780	2409	2555	2748	2839	2867	3014	3227	3316	3397	3597	4129	4210	4223	4227	4420	4460	4462	4492	4622	4634	4730	4737	4740	4813	
8	60	131	149	206	367	433	484	496	533	872	991	1209	1258	1295	1313	1332	1678	1691	1722	1793	1857	1859	1885	2056	2211	2247	2366	2461	2476	2595	2672	2699	2827	2832	2990	3053	3212	3229	3288	3318	3323	3363	3427	3532	3554	3683	3825	3938	3998	4016	4311	4362	4429	4497	4536	4586	4610	4627	4685	4814	4845	4910	4934	4951	4980	
181	415	1154	1161	1310	1967	2183	2782	2860	2881	3088	3244	3490	3493	3558	3580	3809	3933	
124	142	170	268	359	438	463	597	651	736	908	993	1008	1024	1116	1128	1143	1235	1238	1336	1561	1617	1710	1844	1870	1920	1935	2091	2109	2141	2264	2370	2472	2653	2673	2883	2911	2950	2972	2978	3054	3172	3246	3276	3313	3369	3381	3598	3604	3625	3631	3713	3721	4045	4097	4162	4468	4533	4557	4579	4662	4677	4711	4849	4872	4880	4938	4943	4944	4964	4982	5000	
115	852	929	1099	1223	1500	2121	2173	2260	2294	2395	2692	2739	3066	3248	
308	546	728	874	1245	1276	1319	2253	2419	2432	2590	2601	2712	2785	3279	3439	3463	3655	3946	
134	504	562	647	819	820	1085	1130	1445	1446	1549	1850	2078	2327	2442	2456	2551	2731	2746	2945	3265	3280	3309	3386	3555	3642	4040	
189	326	543	662	1550	1552	1650	1918	2217	
51	163	271	571	639	670	1061	1090	1109	1163	1184	1188	1201	1233	1254	1358	1535	1596	1748	1951	2024	2166	2191	2343	2619	2936	3031	3094	3389	3587	3637	3773	3786	4000	4008	4081	4413	4595	4605	
64	209	286	391	514	778	1010	1052	1127	2669	2719	2724	3046	3348	3514	3562	3709	3788	3867	3888	4009	4019	4132	4331	4336	4381	4485	4506	
56	216	329	491	723	790	1071	1241	1611	1695	1753	2147	2482	2645	3057	3086	3367	3540	3650	3668	
822	988	1012	1317	1413	1532	1597	1704	1813	1895	1957	1997	2238	2372	2520	2547	2890	3499	3674	3980	4052	4085	4106	4241	
89	250	1079	1081	1146	1622	1630	2652	2744	3059	3074	3174	3241	3271	3358	3718	
23	616	743	763	876	1215	1299	1688	1725	1934	2231	2467	2492	2640	2642	2788	2844	2902	2923	3139	3183	3413	3443	3492	3588	3639	3647	3671	3923	3985	4050	4262	4347	4358	4628	4702	
465	718	894	1175	1298	1595	1742	1785	2609	2623	
457	891	934	1022	1053	1084	1169	1516	1641	1996	2026	2031	2743	2800	2970	3132	3177	3190	3914	3951	4078	4158	
199	214	220	243	294	343	374	650	708	987	1046	1132	1158	1211	1251	1285	1303	1322	1353	1414	1420	1775	1804	1913	1946	1959	1978	2012	2075	2115	2179	2324	2397	2574	2593	2634	2841	2870	2919	2979	3012	3017	3150	3345	3373	3543	3702	3844	3845	4001	4068	4202	4386	4412	4484	4578	4617	4769	4779	4923	4945	4955	4977	4994	
29	36	266	652	681	707	848	897	1021	1212	1218	1236	1281	1476	1663	1672	1784	1815	2503	2528	2656	2862	2892	2942	3040	3337	3377	3405	3472	3535	3608	3667	3759	3794	3842	3908	4079	4112	4119	4164	4257	4272	4291	4397	4402	4411	4443	4467	4502	4553	4650	4802	4903	4958	4969	4989	
49	81	126	248	293	297	341	505	608	760	789	877	948	1065	1487	1696	1781	1842	2080	2123	2405	2406	2410	2564	2614	2658	2734	2846	2869	2954	2959	2967	3178	3733	3911	4088	4153	4280	4356	4541	4559	4560	4663	4676	4712	4714	4741	4817	4841	4912	
120	137	529	771	864	944	1011	1034	1060	1068	1769	2004	2061	2066	2178	2257	2363	2818	2941	2961	3152	3362	3501	3589	3676	4080	4188	4417	
178	346	714	1539	1799	1808	1899	2137	2373	2464	2553	2750	2770	2907	2963	3115	3338	3392	
345	551	1335	1442	1687	1774	1834	1835	1882	2170	2194	2225	2589	2660	
109	153	234	307	332	548	1679	1749	1897	2345	2394	2445	2470	2679	2707	3003	3077	3158	3162	3251	3457	3465	3486	3861	3876	4015	4316	4493	
154	1076	1274	1324	1331	2063	2172	2288	2349	2611	2758	2823	2918	
208	304	916	1270	1392	1525	1788	2027	2320	2479	3342	3391	3399	3627	3719	
39	159	331	626	659	671	945	1289	2050	2505	2872	3291	3370	
1018	1062	1064	1186	1383	1894	1942	2014	2246	2328	2433	2454	2910	
386	394	813	920	1339	1727	2054	2118	2283	2346	
42	135	166	278	407	655	1039	1198	1393	1415	1544	1573	1576	1871	2438	2578	2613	2689	2965	3078	3350	3774	3805	3969	4176	4265	4908	
158	495	617	777	801	1229	1284	1368	1417	1450	1479	1512	1591	1721	1862	1904	2037	2127	2452	2550	2715	2808	3134	3196	3308	3375	3749	3902	4018	4144	4282	4324	4372	4512	4566	4569	4580	4588	
103	682	971	1430	1465	1698	1754	1928	1993	2020	2025	2130	2195	2344	2364	2817	2993	3015	3147	3166	3256	3261	3315	3436	3534	3551	3629	3762	3767	3851	4140	4233	4254	4330	4346	4375	4554	4668	4673	
71	77	98	171	255	265	267	474	488	614	950	1185	1273	1381	1502	1530	1594	1768	1801	1926	1952	2065	2079	2085	2205	2206	2255	2256	2284	2338	2768	3065	3173	3420	3536	3539	3699	3815	3862	3918	3940	3943	4382	4434	4475	4500	4503	4550	4589	4703	4738	4752	4874	4913	4925	4940	4968	4988	
147	201	352	396	552	588	1632	1638	1689	1728	2269	2413	2421	2459	2815	2915	3402	3894	
74	393	441	466	649	749	842	938	1031	1115	1136	1340	1418	1486	1517	1555	1735	1867	2143	2357	2362	2384	2625	2721	2930	2999	3001	3006	3129	3262	3266	3272	3319	3395	3502	3530	3609	3645	3664	3810	3817	4010	4022	4082	4094	4278	4423	4425	4613	4707	4736	4791	4864	4891	4894	4911	
91	95	165	186	240	312	365	370	408	553	638	727	792	809	841	985	1032	1047	1126	1366	1546	1616	1700	1845	1849	1958	2088	2348	2501	2549	2864	2916	2947	3007	3039	3097	3161	3193	3347	3360	3529	3907	3960	4023	4029	4145	4166	4191	4243	4373	4398	4449	4455	4482	4568	4612	4616	4619	4780	4839	4863	4876	4907	4917	4942	4949	
27	528	1387	1666	1783	1880	1884	1972	2243	2630	
41	59	224	372	422	493	783	940	1104	1202	1262	1675	1916	2559	2569	2588	2769	3125	3145	3260	3635	3680	3738	3814	4014	4169	
228	238	280	363	525	1838	2309	2463	2514	2557	2561	2631	2834	3071	
25	122	141	176	348	627	762	785	907	1101	1824	2164	2227	2727	2793	3104	3452	3518	3538	3640	3770	3917	3944	4004	4020	4198	4263	4367	4445	4453	4548	4594	4629	4684	4699	4731	
160	489	599	740	979	1089	1352	1389	1814	1833	1919	2671	2853	2859	2904	3160	3663	3912	3950	
179	233	277	473	834	922	1170	1435	1706	2132	2212	2473	2693	2944	3438	3626	3775	3812	3972	
321	526	603	802	939	1570	1690	1809	1987	2171	2321	2334	2795	2933	3136	
174	177	531	560	620	925	1216	1391	1560	1805	2128	2440	2446	2541	2843	2917	3163	3171	3179	3275	3477	3583	3614	3930	4089	
191	630	661	1063	1338	1631	1828	1991	2354	2425	2471	2525	2816	2887	2956	3079	3185	3222	3485	3750	3822	3829	3853	3854	
300	424	712	840	1280	1437	1504	2306	2389	2665	2685	3096	
430	468	1028	1077	1758	1864	2057	2798	2835	3186	3219	3284	3387	3424	3461	3618	3743	3870	
262	437	807	855	909	917	1152	1791	1855	1892	2987	3198	
57	585	619	748	806	995	1574	1738	1912	1931	2120	2134	2317	2563	2587	2591	2790	2891	3034	3051	3118	3218	3242	3433	3752	
210	284	354	549	660	882	951	1189	1447	1558	1776	2615	2948	3237	3294	3516	3556	3755	3857	
63	565	1585	1800	2233	2300	2313	2352	
669	673	782	825	1137	1301	1349	1469	1559	1640	1646	1841	2182	2278	2449	2475	2510	2842	3394	3957	4044	4209	4225	4259	4293	4401	4446	
275	376	600	601	847	1489	1812	1906	1910	2250	2393	2518	2562	2644	3083	
92	211	315	337	449	558	566	640	738	779	963	1103	1333	1683	2007	2111	2305	2325	2444	2453	2558	2694	2737	2776	2812	2865	2992	3287	3380	3437	3519	3617	4036	4059	4126	4180	4187	4237	4240	4288	4304	4390	4461	4470	4537	4649	4693	4698	4715	4766	4771	4784	4826	4867	4922	4965	4991	
4	173	513	518	594	683	776	978	1080	1182	1204	1288	1300	1363	1388	1614	1670	1674	1723	1772	1903	1960	1988	2094	2297	2398	2427	2493	2811	2836	2840	3385	3462	3746	3748	4006	4031	4172	4220	4229	4351	4416	4598	4717	4759	4786	
19	32	107	194	239	306	379	388	406	461	577	609	1009	1069	1122	1141	1343	1456	1889	2508	2777	2781	2925	3149	3290	3435	3482	3698	3864	3895	4065	4137	4279	4284	4312	4521	4576	
1	169	242	451	654	810	853	857	1222	1543	1548	1764	1823	1936	2002	2146	2174	2265	2337	2540	2579	2824	3133	3138	3207	3476	3550	3789	3999	4067	4159	4183	4273	4409	4418	4447	4471	4477	4480	4546	4611	4681	4682	4788	4850	4884	4899	
339	535	954	975	1030	1428	1645	1898	2069	2126	2542	
87	309	310	439	481	672	774	839	1193	1272	1348	1355	1604	1998	2086	2193	2494	2529	2592	2829	2873	3093	3143	3423	3533	3838	4376	
26	200	423	811	870	923	1138	1647	1694	1982	
328	646	755	883	887	1515	1518	1634	2055	2105	2360	2441	2608	2786	2938	3247	3708	
100	401	427	486	503	578	1975	2287	2486	2566	
16	151	360	455	467	521	844	1051	1316	1342	1406	1440	1598	1669	1755	1877	1984	2017	2103	2155	2175	2285	2729	2735	2796	2958	2980	3009	3041	3090	3151	3333	3354	3450	3584	3724	3771	4204	4260	4323	4344	4368	4454	4494	4495	4584	4680	4823	4824	
96	960	1033	1227	1701	1760	1767	2043	2106	2330	2458	2465	2726	2837	2863	2913	2981	3061	3213	3684	3777	3779	3804	
501	636	800	861	1086	1511	1974	2096	3021	3049	3130	3249	3417	3455	3531	3569	3677	
145	534	557	735	911	957	1337	1365	1459	1949	2008	2148	2358	2649	2882	3191	3349	3600	
37	119	301	754	1329	1566	1766	1980	2156	2266	2497	
453	561	724	1192	1468	1782	2113	2157	2176	2570	2778	2974	3019	3311	3409	
85	335	695	734	1119	1178	1275	1297	1603	1730	2165	2783	
892	1397	1685	1827	1878	1973	2125	2263	2290	2333	2697	3233	3451	3735	3900	3904	3913	
132	302	395	456	645	818	1219	1347	1402	1536	1606	1653	1671	1746	1832	1923	2003	2226	2369	2698	2875	2888	3028	3042	3043	3432	3691	3705	3711	3714	3757	3795	3799	3869	3954	4120	4131	4195	4266	4283	4340	4486	4520	4529	4577	4599	4608	4632	4670	4689	4705	4778	4787	4847	4855	
764	1035	1096	1165	1259	1318	1589	1642	1821	1881	1965	2124	2386	2407	2806	3416	3574	3613	3670	3690	4208	4226	4238	
5	190	281	368	436	556	582	656	664	720	805	816	980	1070	1124	1181	1228	1249	1269	1377	1429	1593	1627	1637	1779	1854	2216	2228	2275	2308	2312	2736	2789	2988	3470	3503	3559	3682	3763	3782	3791	3803	3833	3889	3990	4108	4138	4192	4286	4366	4433	4515	4602	4633	4687	4710	4757	4762	4790	4800	4858	4984	
11	24	93	157	357	392	444	475	575	704	711	910	1019	1159	1173	1314	1399	1412	1416	1522	1540	1563	1680	1751	1771	1989	2307	2355	2399	2437	2686	2871	2926	2986	3116	3273	3277	3407	3483	3599	3636	3641	3731	3787	3893	4002	4066	4245	4285	4353	4365	4642	4643	4669	4706	4728	4739	4775	4782	4792	4794	4834	4881	
53	148	290	362	402	581	613	732	969	990	1257	1302	1309	1374	1472	1501	1656	1716	1733	1819	2071	2151	2162	2223	2767	2774	3063	3195	3203	3231	3274	3303	3312	3384	3419	3591	3672	3841	3847	3856	4028	4034	4103	4179	4355	4415	4428	4465	4469	4555	4620	4624	4718	4724	4810	4831	4844	4930	4960	4998	
48	253	684	835	871	915	1221	1266	1803	1887	2230	2382	
276	285	409	460	559	590	610	637	677	721	737	832	1203	1569	1582	1658	1848	1962	2277	2304	2657	2690	2851	3029	3035	3189	3398	3400	3621	4287	4310	4385	4466	4476	4518	4532	4563	4722	
83	167	413	747	942	1139	1226	1271	1427	1747	1817	2302	2477	2764	3084	3496	3537	3560	3736	3818	3836	4073	4175	4298	4354	4379	
14	73	184	263	279	358	426	432	483	606	709	751	794	862	1083	1134	1237	1436	1513	1602	1605	1718	1966	1968	2110	2161	2248	2378	2387	2474	2485	2502	2521	2580	2618	2629	2668	2682	2912	3306	3401	3468	3498	3557	3575	3654	3666	3678	3745	3835	3863	3993	3996	4011	4100	4121	4157	4228	4232	4235	4360	4361	4421	4522	4561	4744	4754	4811	4842	4892	4909	4914	4921	4931	
58	84	520	593	602	631	657	804	924	955	1135	1217	1320	1369	1385	1499	1665	1977	2033	2051	2415	2730	2792	2878	2927	3020	3124	3128	3223	3320	3374	3521	3579	3689	3905	3987	4061	4062	4517	4609	4664	4690	4783	4806	4859	
218	502	542	1067	1148	1624	1651	1954	2620	2771	2901	3072	
188	622	761	769	1005	1526	1618	1654	1740	1876	2068	2213	2448	2581	2696	2909	3064	3068	3230	3430	3692	3694	3700	3723	3947	3992	4058	4064	4096	4113	4135	4154	4171	4211	4212	4307	4339	4523	4538	4614	4639	4686	4812	4825	
33	334	377	537	795	912	1164	1305	1341	1491	1743	1761	1798	1830	2011	2038	2666	2951	2983	3052	3235	3295	3480	3758	3797	3921	3924	3981	4035	4143	4250	4302	4348	4535	4618	4661	
82	164	192	1015	1045	2083	2140	2271	2291	
256	260	633	793	1023	1040	1142	1149	1571	1655	2108	2546	2728	2779	2826	2866	2895	3334	3545	3601	3760	3778	3942	
471	850	926	943	1668	1756	1943	2489	2702	2763	2957	3026	3224	3378	
10	382	875	1088	1308	1557	1702	2064	2145	2158	2218	2989	3142	
38	252	269	371	759	787	946	976	1014	1091	1492	1564	1667	1673	1927	2180	2270	2451	2752	2874	2976	3119	3236	3478	3570	3710	3737	3802	3811	3855	3891	3936	3975	4322	4327	4498	4593	4655	4773	4781	4873	4875	
183	288	299	336	342	356	477	485	595	845	921	1252	1510	1541	1648	1681	1705	1890	1908	2013	2076	2187	2335	2424	2662	2664	2711	2766	2803	3167	3175	3234	3254	3259	3298	3321	3335	3344	3390	3440	3459	3577	3620	3744	3798	3859	3865	3916	4032	4099	4184	4197	4234	4247	4255	4297	4377	4457	4526	4601	4641	4713	4720	4743	4818	4830	4918	4975	
125	226	487	1003	1105	1129	1483	1802	2084	2099	2254	2628	2847	2850	3112	3310	3361	3520	3606	3772	3962	3989	
121	223	327	338	555	705	958	1770	2376	2423	
947	1196	1644	1794	1970	2236	2462	2567	3121	3164	3176	3364	3464	3474	3481	
193	612	758	791	914	1131	1508	1553	1601	1657	1811	1921	2009	2019	2136	2196	2224	2469	2478	2621	2807	2810	3048	3567	3785	3824	3976	4110	4251	4374	4404	4441	4551	
13	20	21	65	319	591	663	698	968	1001	1054	1140	1334	1726	1947	2001	2232	2267	2281	2392	2417	2670	2759	2819	2920	3044	3055	3087	3140	3243	3300	3396	3658	3897	3910	3956	4054	4084	4426	4504	4519	4648	4729	4828	4836	4879	4882	
22	127	195	261	476	498	532	589	635	674	685	744	750	766	768	886	992	1166	1424	1441	1507	1527	2082	2323	2329	2434	2519	2572	2709	2741	2797	2886	2921	3109	3169	3211	3353	3565	3616	3688	3732	3819	3828	3858	3906	3925	3979	3986	4122	4216	4292	4332	4337	4359	4364	4387	4430	4630	4636	4646	4660	4709	4789	4820	4833	4838	4856	4871	4877	4906	4946	4954	4961	4973	4993	
411	499	716	742	803	919	964	966	1106	1156	1463	1599	1839	1976	2131	2169	2209	2480	2534	2539	2605	2638	2641	2723	3070	3098	3365	3414	3488	3571	3768	3826	3834	3837	3849	4215	4258	4308	4334	4582	4621	4647	4697	4772	4807	
130	303	448	519	530	547	838	1074	1720	2090	
146	150	219	510	733	860	1112	1263	1378	1431	1493	1587	1816	2016	2251	2997	3099	3155	3548	3632	4163	4328	4395	
227	258	500	539	621	1364	1547	1556	1677	1925	1929	2062	2073	2624	2775	3441	3619	3846	3939	4042	4281	
140	689	1048	1123	1151	1179	1277	1357	1693	1955	2047	2159	2204	2262	2347	2517	2568	2772	2802	3148	3566	3593	3761	4005	4107	4170	
225	798	1187	1190	1498	1519	1714	1964	2015	2023	2573	2661	3091	
30	70	139	353	458	470	989	1072	1157	1545	1822	1837	1900	1979	2215	2272	2350	2487	2511	2695	3000	3036	3058	3622	3693	3848	3850	3884	
522	959	1093	1474	1503	1575	2101	2104	2229	2374	2809	2973	3018	3307	3357	3525	
6	420	1107	1351	1626	1777	1836	1985	2018	2040	2139	2507	2622	2680	2929	3340	
3	175	333	462	507	515	563	580	927	994	1057	1058	1372	1421	1484	1752	1851	1853	2408	2509	2544	2675	2765	2934	3011	3024	3159	3170	3299	3324	3426	3449	3665	3687	3695	3754	3899	3926	4051	4117	4277	4300	4342	4345	4435	4746	4785	4854	4862	4920	4937	
313	435	517	731	786	851	1038	1253	1380	1398	1404	1443	1455	1659	1792	2021	2044	2639	2760	2857	2998	3010	3045	3076	3082	3572	3611	3679	3878	3909	4086	4177	4294	4343	4473	
62	340	607	843	859	900	1471	1661	1739	1818	1831	1911	2416	2610	2676	2720	2893	2960	2984	3038	3106	3201	3217	3253	3314	3327	3330	3446	3646	3963	4076	4083	4111	4185	4249	4275	4370	4399	4438	4666	4704	4799	4821