8	118	275	457	677	845	1105	1117	1964	2219	2479	2639	2658	3230
336	647	730	842	965	1037	1294	1483	1727	1786	1809	1956	2316	2940	3116	3542	3563	3615	3663	3690	3733	3825	3853	4000	4029	4129	
2	839	1060	1440	1596	1666	1876	2418	2600	2838	2856	2935	3100	3306	3392	3677	3743	3755	3918	3976	
360	1216	1489	2324	2332	2366	2465	2939	2941	3017	3127	3191	3214	3219	3270	3398	3507	
110	162	232	435	509	849	1040	1121	1161	1835	1915	2044	2185	2281	2464	2539	2818	2835	2998	3148	3206	3273	3310	3325	3628	3779	3831	3996	4066	4232	4331	4423	4488	4557	4610	
113	344	427	772	815	850	890	930	938	1262	1428	1525	1529	1639	1783	2064	2584	2634	2910	3490	3510	3586	3632	3652	3892	3954	
297	416	998	1094	1313	1464	1591	1741	1773	1803	1848	1892	1970	2180	2517	2627	3041	3194	3249	3399	3448	3482	3486	3494	4217	4239	4304	4442	
38	194	350	1104	1253	2361	2362	2779	2874	3268	3512	3602	3609	3714	3746	3777	3830	3838	3854	3887	4010	
21	138	265	424	514	585	1239	1245	1327	1347	1478	1976	2179	2379	2455	2679	3165	3375	3736	
208	658	999	1135	1137	1231	1784	1896	2470	2484	2507	2524	2538	2566	
81	159	322	738	872	904	1032	1033	1177	1230	1368	1756	1863	2134	2162	2344	2430	2598	2670	2847	3098	3192	3347	3383	3391	3449	3493	3734	3911	4177	4209	4491	
73	96	166	413	559	1035	1268	1474	1508	2167	2214	2368	
99	131	469	549	611	734	774	812	1065	1234	1398	1472	1559	1656	1748	1798	2061	2120	2336	2353	2426	2541	2580	2591	2756	2906	2973	3029	3051	3186	3298	3332	3374	3599	3607	3732	3794	3932	4166	4187	4272	4302	4354	4380	4425	4588	4602	4609	4631	4662	4673	4753	4775	4778	4876	4889	
209	542	683	825	929	1197	1237	1351	1365	1378	1562	1738	1787	1836	2429	2461	2628	2665	2931	2938	3023	3134	3223	3271	3282	3446	3508	3557	3572	3585	3750	3781	3823	3828	4056	4067	4220	4267	4268	4280	4291	4314	4621	4684	4707	4787	4819	
58	200	299	374	492	495	635	665	739	827	829	831	1186	1292	1372	1431	1505	1556	1649	1686	1867	2024	2287	2385	2393	2398	2414	2497	2501	2546	2582	2643	2693	2850	3119	3133	3250	3320	3334	3521	3526	3593	3616	3695	3737	3749	3865	3903	3917	3970	4079	4081	4358	4360	4411	4417	4476	4524	4595	4675	4697	4732	4739	4757	4790	4798	4809	4843	4884	4906	4910	4932	4938	4972	4987	
26	169	317	340	366	494	503	575	584	1048	1151	1442	1622	1662	1762	1765	2127	2632	2896	3012	3033	3073	3099	3101	3124	3172	3254	3274	3560	3659	3817	3876	4038	4155	4248	4260	4309	4341	4458	4512	4641	
130	272	407	538	565	582	599	688	879	889	900	1298	1447	1477	1479	1545	1716	1731	1833	1846	2120	2345	2355	2373	2652	2735	2755	2823	3003	3013	3028	3376	3394	3400	3401	3484	3684	3686	3864	4014	4168	4249	4310	4551	4598	4774	4858	
351	465	563	1089	1160	1717	1887	2007	2100	2137	2251	2587	2642	2802	2917	3060	3064	3261	3468	3626	3706	3862	3929	4009	4034	4120	4287	
35	43	455	467	679	864	943	957	973	1097	1162	1281	1325	1344	1362	1376	1692	2080	2129	2131	2269	2301	2369	2411	2519	2561	2629	2711	2717	2807	2870	2871	2905	2908	3027	3085	3089	3108	3131	3409	3443	3535	3638	3725	3726	4089	4200	4398	4428	4628	4708	4776	4830	4845	4864	4896	4931	4960	4982	
102	184	533	969	1759	1849	1916	2122	2395	2608	2626	
172	203	280	282	290	453	530	587	675	729	803	882	887	1009	1269	1276	1312	1321	1379	1543	1647	1755	1785	1993	2207	2342	2365	2433	2448	2453	2549	2809	3019	3040	3056	3139	3158	3256	3286	3301	3357	3451	3500	3613	3674	3693	3897	3934	3937	3942	3969	3972	3978	4012	4048	4070	4144	4246	4317	4322	4376	4387	4394	4436	4445	4613	4627	4640	4664	4672	4690	4751	4854	4861	4866	4869	4913	4996	
85	281	389	603	891	1038	1314	1614	2215	2400	2547	2567	
109	505	661	690	749	990	1544	2005	2257	2545	2875	3066	3125	3312	3411	
67	384	535	869	1039	1172	1250	1322	1745	2279	
623	911	996	1492	1704	1733	1757	1885	2090	2277	
83	154	211	447	673	1210	1791	1960	2136	2259	2590	2760	2974	
120	220	442	466	500	905	1593	1845	2244	2249	
140	193	197	238	439	568	857	977	987	1141	1506	2051	2072	2138	2438	2439	2945	3038	3058	3193	3225	3530	3872	3912	4022	4039	4131	4266	4429	
267	468	821	898	1013	1225	1252	1275	1486	2186	
100	223	314	429	571	595	620	666	770	843	963	986	1042	1238	1297	1422	1448	1485	1513	1732	1868	1934	2002	2356	2559	2603	2605	2726	2949	2958	2990	3014	3248	3373	3377	3491	3533	3640	3705	3741	3754	3829	3844	3882	3905	3965	4002	4102	4118	4165	4181	4186	4189	4219	4264	4539	4585	4676	4677	4702	4763	4812	4833	4850	4897	4903	4916	4956	4970	
16	22	550	589	651	653	693	727	994	1052	1101	1202	1266	1520	1870	1959	2050	2212	2462	2467	2493	2555	2712	2803	2814	2816	2836	2846	2948	2994	3042	3076	3204	3251	3253	3349	3380	3453	3458	3610	3730	3874	4042	4062	4069	4265	4353	4449	4461	4545	4765	4792	4836	4870	4923	
37	471	707	1174	1187	1191	1207	1795	1952	1961	2060	2084	2157	2774	2882	3052	3054	3182	3265	3304	3463	3503	3574	3723	4257	4293	
5	480	484	581	1380	1633	1823	1860	1944	2135	2325	2326	2376	2602	3077	3387	3556	3702	3713	3719	3928	3936	3977	4082	4245	4327	4400	
231	277	378	428	431	496	685	695	766	856	1070	1200	1339	1434	1577	1689	1854	1927	1954	1999	2120	2267	2511	2513	2540	2633	2662	2747	2792	2831	2873	2996	3062	3117	3118	3137	3146	3155	3242	3456	3687	3798	3924	3995	4025	4374	4392	4405	4460	4470	4483	4484	4485	4542	4600	4701	4730	4842	4959	
78	304	443	452	473	865	1417	1476	1503	1533	1542	2014	2206	2482	2572	2637	3005	3136	3144	3471	3495	3518	3646	3676	4083	4238	
9	63	294	901	1106	1446	1790	1880	2041	2594	2683	2887	
191	844	867	1102	1260	1495	1630	1648	1947	2130	2359	2468	2636	2691	2880	3479	
74	93	148	339	354	420	491	546	579	637	763	853	916	918	1076	1149	1179	1243	1285	1300	1568	1642	1668	1822	1861	1862	1873	2040	2119	2126	2143	2261	2333	2474	2533	2609	2780	2859	3245	3316	3327	3511	3517	3689	3710	3729	3764	3773	3792	3821	3860	3908	3999	4205	4242	4290	4355	4475	4517	4607	4679	4695	4800	4808	4818	4828	4837	4852	4868	4905	4921	4929	4940	4943	4965	
6	210	327	753	1054	1587	1663	1943	2205	2232	2450	2586	2671	2854	3296	3623	3704	3767	
151	451	834	1219	1248	1460	1800	2154	2221	2230	
127	153	175	231	233	368	392	743	793	975	1034	1079	1112	1240	1599	1808	1946	1967	2123	2243	2446	2618	2681	3008	3080	3091	3103	3112	3138	3145	3358	3379	3415	3424	3553	3643	3711	3926	4016	4196	4281	4447	4487	4565	4569	4583	4622	4649	4735	4743	4747	4772	4814	4928	
387	388	732	788	1047	1746	2045	2145	2242	2263	2518	
70	122	134	370	507	806	1014	1044	1277	1346	1348	1382	1519	1528	1598	1643	1672	1881	1910	2067	2077	2431	2432	2716	2736	2891	2971	2989	3123	3763	3770	3784	3839	4058	4299	4508	4519	4558	4597	4603	4715	
97	129	133	315	528	643	691	761	915	1323	1411	1581	1709	2101	2120	2132	2392	2403	2542	2571	2585	2622	2813	2975	3235	3252	3578	3796	3843	3855	3896	4223	4567	
48	58	75	206	222	247	338	476	511	557	692	733	835	985	1059	1099	1213	1437	1674	1805	1838	1878	1911	1974	1983	2020	2139	2236	2280	2338	2473	2506	2568	2569	2690	2707	2752	2842	2960	2979	3050	3088	3314	3324	3430	3434	3502	3527	3555	3647	3694	3785	3786	3866	3906	3907	3958	3968	4093	4347	4433	4472	4507	4606	4723	4726	4734	4810	4811	4815	4832	4917	4930	4971	4981	4995	4998	
266	510	537	699	709	809	840	870	934	1159	1247	1324	1504	1594	1711	1907	2112	2166	2174	2224	2237	2410	2593	2734	2742	2930	2993	3026	3039	3055	3094	3126	3269	3487	3721	3724	3808	3851	3898	3980	4007	4031	4078	4092	4098	4261	4273	4368	4444	4469	4498	4611	4722	4794	4835	4860	4969	4984	
308	513	632	773	801	894	1055	1221	1549	1607	1659	2078	2098	2382	2527	2576	2904	3476	3881	
325	573	607	906	1057	1067	1153	1367	1388	1463	1657	1807	2008	2472	2860	3262	3331	3450	
284	895	896	1291	1337	1342	1496	1563	1612	1708	2150	2198	2201	2274	2469	2612	2616	2685	2721	2877	2898	2928	2942	3068	3382	3393	3547	3698	3728	3820	3837	3927	4151	4213	4225	4333	4369	4379	4518	4614	4618	4667	4685	4687	
165	167	176	229	409	499	590	648	1073	1116	1195	1226	1251	1328	1363	1438	1498	1763	1949	2292	2454	2620	2676	2737	2879	2889	3149	3671	3751	3788	3812	3875	3894	3974	4020	4169	4171	4193	4233	4350	4421	4525	4537	4605	4783	4786	4797	4871	4882	4899	
253	347	438	472	725	1004	1267	1814	2283	2510	2551	2903	3024	3097	3209	3303	3321	3341	3631	3806	4041	4087	
50	215	445	461	701	921	1083	1193	1352	1386	1565	1680	2041	2089	2252	2460	2505	2688	3164	3224	3787	4170	
57	61	90	358	406	672	704	750	768	804	860	1043	1088	1178	1335	1471	1560	1792	1825	1830	1842	1923	1985	2041	2052	2081	2296	2437	2595	2703	2722	2731	2786	2827	2849	2883	2901	3002	3156	3170	3227	3293	3336	3337	3470	3488	3536	3606	3622	3649	3699	3857	3888	4053	4229	4426	4462	4489	4490	4566	4568	4617	4659	4665	4698	4755	4781	4799	4834	4848	4873	4888	4904	4911	4915	4937	4986	4993	4997	
306	482	735	949	1273	1853	1914	2031	2036	2318	2348	2692	2723	2916	3135	
112	161	218	264	402	523	640	684	697	702	823	953	1130	1142	1183	1198	1370	1570	1572	1589	1671	1681	1718	1884	1968	1980	1982	1997	2055	2415	2487	2621	2708	2951	3071	3207	3292	3333	3343	3395	3473	3540	3772	3790	3795	3797	3815	3945	3992	4124	4533	4564	4645	4749	4826	4840	4892	4908	4925	4945	4946	
25	283	310	335	574	588	614	680	720	786	862	909	942	1204	1286	1397	1424	1640	1645	2017	2047	2273	2285	2331	2535	2564	2648	2697	2788	2804	2864	3189	3198	3284	3426	3529	3558	3561	3617	3748	3858	3943	4035	4090	4117	4298	4332	4339	4346	4362	4375	4386	4511	4538	4553	4560	4591	4689	4758	4760	4879	4941	4942	4947	4964	4968	
107	263	399	486	807	859	877	883	1080	1280	1336	1416	1454	1778	2021	2220	2422	2724	2808	3061	3159	3346	3703	3759	3870	3930	3983	4054	4139	4244	4258	4370	4434	4570	
181	228	242	250	432	631	649	696	832	848	979	1199	1236	1340	1395	1405	1415	1583	1935	1937	1979	2000	2010	2041	2246	2445	2500	2553	2645	3634	3793	3801	3951	3993	4116	4255	4275	4441	4541	4654	4694	4750	4767	4804	4806	4827	4856	
49	490	703	724	756	1180	1259	1669	1703	1864	1918	1926	1942	2192	2302	2526	2641	2714	2817	2925	3199	3289	3328	3524	3624	3738	4085	4254	4307	4378	4435	4549	
33	56	463	512	551	608	722	800	885	982	1223	1303	1421	1467	1676	1697	1802	1866	1882	2169	2458	2781	2909	2947	3007	3278	3559	3662	3771	3824	3944	4106	4109	4123	4146	4263	4325	4326	4329	4455	4510	4710	4784	4791	
156	300	342	398	487	629	710	714	792	1066	1306	1326	1375	1413	1511	1651	1789	2012	2288	2399	3272	3283	3308	3345	3498	3509	3537	3584	3592	3654	3758	3832	4073	4115	4147	4210	4227	4363	4364	4427	4473	4504	4529	4589	4642	4706	4716	4736	4742	4752	4847	4909	
811	1134	1208	1265	1369	1523	1675	2163	2175	2343	2646	3163	3258	3340	3425	3442	
101	236	246	434	436	592	746	933	1100	1449	1507	1597	1706	1990	2705	2709	2811	2843	2946	2984	3132	3196	3217	3410	3629	3678	3783	3915	4005	4008	4024	4247	4407	4552	
123	261	274	302	346	422	501	700	736	798	1056	1122	1125	1150	1168	1215	1387	1576	1779	1818	1966	2335	2588	2954	3114	3168	3171	3260	3513	3594	3814	4208	4286	4382	4384	4420	4474	4500	4531	4548	4575	4635	4663	4803	
545	678	777	813	1407	1517	1684	1855	2117	2444	2782	2884	
32	164	171	207	245	450	819	822	876	948	1274	1366	1383	1518	1532	1567	1588	1615	1646	2037	2065	2148	2229	2294	2391	2613	2666	2759	2824	2918	3031	3305	3367	3389	3604	3819	3985	4135	4162	4188	4241	4300	4404	4495	4576	4626	4759	4795	
45	292	311	348	570	972	1203	1279	1319	1637	1655	1933	2035	2070	2253	2396	2508	2924	2986	3919	
27	237	385	425	1001	1462	1571	2032	2108	2115	2121	2352	3106	3188	3276	3635	3685	
365	373	660	663	681	881	1166	1484	1683	1761	1847	1932	2096	2140	2178	2298	2314	2380	2416	2424	2476	2481	2704	2727	2978	3020	3105	3195	3329	3388	3573	3591	3633	3692	3712	3804	3809	3883	4114	4185	4253	4271	4361	4437	4543	4636	4793	4820	4857	4862	4918	
28	146	458	470	754	878	978	1027	1170	2146	2483	2718	2913	
104	174	257	363	616	748	791	1015	1093	1114	1206	1211	1331	1371	1522	1624	1747	1767	1816	1984	1987	2088	2091	2225	2295	2383	2412	2523	2839	2927	3072	3140	3143	3211	3232	3364	3429	3532	3534	3554	3579	3582	3747	3827	3834	3890	3904	3975	4027	4108	4228	4283	4285	4419	4535	4577	4590	4592	4744	4821	4874	4961	4985	
321	331	543	606	742	752	1385	1515	1714	1852	2066	2371	2394	2478	2614	2797	2858	2872	2897	3176	3259	3350	3465	3565	3776	3836	3852	3956	3994	4032	4076	4142	4295	4359	4365	4402	4415	4601	4700	4721	
14	415	923	954	1064	1154	1192	1826	2079	2156	2498	2837	2943	
313	767	928	955	989	1053	1084	1124	1541	1627	2110	2320	2387	2401	2449	2550	2565	2625	2825	2912	3407	3650	4148	4198	4231	
192	226	243	403	586	628	682	863	1063	1126	1181	1609	1929	2054	2173	2390	2456	2503	2902	2922	3166	3231	3444	3505	3946	3964	4001	4150	4250	4463	4515	
1	76	312	323	411	541	668	805	854	944	976	1098	1723	2226	2754	2787	2853	3280	3417	3611	3675	3909	4065	4149	4222	4237	4284	4356	4450	
188	198	255	789	837	1329	1516	1874	2006	2217	2256	2409	2660	
440	578	591	618	1113	1400	1569	1574	1670	1828	2496	2528	2578	2700	2761	2795	2919	3319	3335	
287	332	605	617	669	1003	1212	1350	1433	1653	1712	1744	1895	2092	2116	2147	2384	2428	2597	2619	2729	2744	3102	3154	3167	3459	3913	3959	4033	4160	4521	4563	
29	86	288	289	529	544	670	782	851	931	1008	1016	1069	1255	1290	1427	1429	1509	1530	1912	1962	1963	2026	2086	2099	2459	2499	2534	2725	2768	2841	2881	2965	3022	3048	3086	3179	3184	3313	3368	3433	3545	3673	3850	3891	3961	3971	4172	4397	4401	4466	4516	4581	4587	4727	4841	4944	4973	4976	4978	
135	144	196	353	417	604	764	790	1131	1430	1450	1749	2120	2165	2195	2266	2308	2310	2579	2623	2785	2789	3549	3841	
395	437	531	920	968	983	1091	1107	1155	1330	1770	1996	2073	2125	2388	2491	2751	2822	3001	3047	3067	3317	3414	3420	3441	3538	3664	3889	4013	4019	4030	4096	4390	4456	4478	4494	4513	
124	356	381	449	475	522	762	875	961	1090	1316	1425	1554	1604	1634	1696	1739	1740	2153	2339	2351	2354	2447	2480	2583	2834	2848	2876	2977	3113	3366	3390	3478	3489	3845	3863	3966	4015	4103	4381	4503	4604	4731	
12	39	79	235	276	285	421	609	650	652	655	925	1140	1295	1304	1377	1392	1394	1468	1561	1573	1679	1725	1883	1986	2013	2181	2334	2405	2407	2489	2516	2543	2552	2638	2663	3093	3122	3181	3201	3297	3351	3403	3460	3826	3952	4074	4112	4197	4318	4344	4393	4467	4501	4520	4546	4623	4652	4683	4703	4717	4769	4771	4855	4881	4936	4977	
65	71	84	396	441	553	597	759	830	960	962	1020	1194	1209	1502	1510	1618	1774	1797	1897	2009	2172	2191	2234	2290	2306	2495	2512	2674	2677	2699	2772	2793	2805	2845	3241	3275	3543	3661	3716	3735	3761	3871	3916	3923	3962	4023	4050	4068	4075	4097	4101	4133	4183	4305	4308	4319	4320	4349	4373	4480	4619	4632	4666	4745	4762	4859	4887	4926	4935	4975	
108	333	464	785	907	947	1318	1660	2515	2574	2713	2907	3018	
391	741	919	941	1012	2799	2830	2832	2862	2867	2961	2983	3046	3175	
13	121	179	217	477	532	783	993	1051	1145	1271	1288	1538	1539	1610	1902	2300	2313	2360	2651	2730	3087	3161	3531	3567	3600	3621	3718	3816	3988	4011	4156	4201	4316	4337	4593	4599	4704	4725	4740	
326	639	644	991	1444	1901	1904	1906	1965	2029	2034	2346	2350	2421	2494	2557	2650	2696	3344	3372	3506	3637	3639	3778	3848	4059	4071	4107	4203	4311	4315	4409	4573	4596	
88	173	214	479	598	634	638	659	721	744	795	914	1086	1108	1175	1360	1737	1928	2093	2216	2247	2312	2669	2741	2743	2844	3000	3239	3255	3291	3369	3481	3562	3601	3810	3833	3835	3931	4052	4105	4199	4235	4306	4338	4479	
36	227	324	622	642	667	958	1730	1840	1948	2952	3053	3290	3454	3457	3469	3655	3680	
3	382	508	654	995	1118	1133	1345	1373	1475	1865	2027	2111	2113	2367	2529	2791	2929	2985	3221	3406	3416	3642	3827	4179	
46	59	309	410	566	621	708	776	858	1357	1399	1894	2260	2972	3229	3371	3525	3648	
20	137	152	397	446	610	820	1218	1601	1972	
345	781	959	971	1254	1558	1989	2003	2161	2208	2548	2654	2806	3065	3370	3386	
98	936	1062	1232	1409	1931	1945	2016	2151	2457	2604	
199	689	924	1227	1488	1606	2059	2107	2118	2197	2826	3107	3130	3359	3483	3614	3665	3879	
106	262	1058	1074	1224	1229	1355	1408	1456	1600	1721	2103	2322	2330	2502	2765	3174	3428	3768	4044	4061	4126	
58	189	516	539	893	1389	1414	1535	2245	2299	
221	362	524	600	1045	1167	1603	1819	2030	2199	
52	295	303	498	548	771	796	861	946	1041	1490	1628	2033	2239	2357	2728	2828	3150	3285	3330	3605	3895	3940	
142	157	316	521	552	630	641	686	826	1110	1217	1220	1307	1521	1758	1788	1871	2158	2184	2231	2254	2337	2397	2893	2914	3129	3190	3203	3208	3215	3397	3422	3842	3981	4191	4192	4218	4323	4412	4522	4532	4620	4630	4646	4674	
55	163	190	204	329	562	567	612	698	769	847	1138	1402	1441	1564	1638	1843	1856	1889	2375	2753	2800	3081	3152	3886	3939	3986	3997	4004	4006	4088	4110	4113	4256	4330	4424	4430	4448	4497	
258	613	726	728	1184	1302	1309	1857	1913	1995	2204	2684	3084	3247	3281	3323	3612	3752	3948	4141	4158	4159	4182	4252	4289	4294	4389	
269	298	506	555	572	967	1147	1641	1664	1673	1890	2238	2420	2668	2715	2915	3021	3059	3082	3381	3385	3619	3744	3813	3869	4021	4072	
286	414	664	765	1156	1163	1289	1451	1650	1719	1796	1815	1877	1886	2328	2486	2710	2784	3074	3096	3299	3477	3681	3805	3884	3947	3982	4121	4312	
119	143	186	401	526	601	633	645	816	852	868	913	1077	1092	1095	1205	1354	1436	1550	1724	1829	1939	2049	2069	2196	2200	2248	2408	2413	2577	2762	2790	2833	2936	2944	3202	3462	3548	3570	3580	3596	3630	3667	3880	4152	4406	4418	4492	4571	4647	4741	4782	4807	4817	4893	4927	4967	
34	115	213	423	527	886	951	1164	1258	1919	2042	2282	2329	2570	3111	3569	
178	478	974	1085	1143	1579	1707	1734	1908	1924	2063	2406	2764	3183	
182	352	377	674	758	871	935	950	1109	1115	1129	1158	1419	1461	1605	1729	1771	2142	2347	2358	2509	2606	2657	2673	2738	2953	2997	3220	3228	3413	3523	3539	3700	3745	3774	3856	3987	4211	4277	4297	4357	4367	4443	4678	4688	
92	525	705	874	899	1023	1028	1458	1500	1957	
54	279	305	355	717	866	937	980	1165	1261	1349	1439	1611	1635	1736	2015	2057	2235	2309	2758	2932	2980	3030	3153	3236	3238	3279	3405	3480	3528	3757	3791	3811	3861	3868	3900	3901	3925	4099	4195	4214	4334	4371	4422	4464	4536	4629	4656	4660	4699	4746	4895	4914	
87	132	139	270	400	1103	1136	1284	1553	1751	1851	2664	2815	
47	201	716	1152	1287	1332	1452	2193	2452	2857	2950	3263	3408	3576	3595	3597	3688	
44	95	149	195	375	718	740	797	912	917	1119	1132	1241	1293	1334	1481	1625	1694	1735	1806	2176	2183	2223	2293	2311	2441	2466	2558	2810	2886	2892	2969	3044	3070	3157	3378	3544	3656	3683	3696	3818	3920	4045	4137	4143	4161	4175	4269	4336	4372	4451	4453	4493	4608	4616	4714	4719	4761	4849	4872	4886	4966	
380	1018	1315	1487	1629	1769	1804	2075	2144	2168	2364	2694	2769	2773	2921	2967	3173	3205	3361	3396	3455	3583	3679	3782	3941	4111	4125	4288	4385	4414	4506	
244	456	519	713	751	880	908	1146	1301	1308	1482	1514	1546	1690	1888	1917	1920	2937	3011	3142	3499	3587	3859	4017	4262	
19	64	364	619	662	712	745	747	808	1030	1068	1082	1173	1196	1391	1403	1501	1540	1575	1617	1688	1837	1844	1941	2082	2297	2303	2477	2530	2659	2698	2775	2776	2869	2894	2933	2962	3004	3069	3079	3436	3564	3581	3588	3739	3802	3877	3953	3955	4094	4502	4528	4530	4547	4670	4682	4711	4934	4980	4999	
42	58	988	1185	1263	1320	1715	1900	1971	2678	2771	2794	
205	624	694	799	1272	1418	1839	2001	2159	2488	2563	2956	3151	3288	3520	3827	
30	89	155	160	177	225	249	271	318	343	483	515	560	723	784	787	1024	1078	1270	1401	1512	1526	1661	1691	1695	1742	1768	1782	1940	2011	2043	2062	2094	2265	2289	2443	2592	2672	2687	2701	2777	3009	3075	3180	3233	3257	3267	3541	3550	3571	3608	3658	3742	3766	3840	4230	4240	4345	4348	4408	4431	4459	4509	4540	4556	4638	4650	4686	4693	4789	4949	4953	
77	230	231	256	394	1007	1244	1264	1381	1527	1631	1658	1678	1713	1728	1841	2058	2141	2304	2647	2656	2829	2861	3015	3025	3063	3566	3625	3645	3708	3722	3775	3984	4057	4122	4224	4452	4477	4559	4633	
212	219	419	462	583	932	1406	1443	1466	1652	1722	1975	1991	2019	2370	2475	2525	2554	2661	2855	2920	3121	3187	3226	3246	3342	3439	3501	3627	3707	3822	3949	4049	4086	4270	4296	4313	4651	4737	
125	408	656	706	1654	1750	1810	1899	1950	1981	2041	2210	2589	2878	3244	3307	
301	626	755	802	902	1096	1361	1557	1702	1760	1772	1821	1832	1850	2087	2209	2240	2307	2349	2451	2596	2635	2995	3035	3178	3212	3402	3697	3727	3780	3957	4037	4127	4544	4574	
320	328	489	576	855	1006	1046	1190	1311	1333	1459	1580	1619	1623	1872	1978	2202	2272	2417	2442	2492	2536	2562	2745	2999	3095	3322	3432	3636	3672	3893	3921	4003	4036	4128	4136	4145	4236	4303	4410	4562	4582	4615	4643	4680	4796	4816	
10	873	940	984	1050	1148	1423	1547	1743	2025	2532	2667	2970	3237	3240	
72	111	268	296	493	922	1144	1726	2218	2284	
145	187	273	319	558	593	778	818	897	926	1256	1257	1390	1465	1537	1632	1667	1794	1827	1869	1909	2106	2194	2203	2374	2425	2520	2611	2885	3185	3197	3264	3438	3590	3620	3660	3668	3807	3967	4080	4221	4335	4377	4454	4468	4482	4499	4554	4653	4661	4669	4691	4785	4805	4823	4853	4955	4957	4962	4974	4989	4990	4994	5000	
11	454	646	1002	1019	1031	1176	2341	2504	2544	2865	2926	3045	3294	3300	3355	
15	31	136	231	330	426	518	731	757	794	1075	1491	1534	1701	1752	1824	1831	1858	1938	2023	2262	2404	2573	2640	2675	2702	2739	2798	2923	3115	3213	3318	3339	3452	3466	3551	3603	3651	3873	3938	3989	4018	4051	4132	4206	4328	4352	4413	4634	4639	4748	4802	4863	4891	4922	4924	
405	536	1011	1473	1524	1582	1811	1893	2046	2071	2560	2615	2630	2796	3384	3515	3589	
53	367	502	760	1189	1396	1499	1595	1710	1764	1859	2048	2649	2957	
66	117	185	291	488	903	1000	1005	1026	1072	1282	1698	1936	2095	2820	
7	82	105	224	577	657	1128	1393	2233	2255	2840	3827	
23	168	231	278	636	846	884	1120	1214	1233	1242	1305	1310	1432	1531	1608	1781	1834	1921	2004	2102	2222	2275	2423	2463	2514	2575	2601	2610	2644	2680	2682	2686	2695	2746	2763	2766	2934	2982	2991	3104	3160	3210	3497	3514	3598	4043	4046	4077	4163	4178	4180	4190	4438	4471	4578	4584	4624	4658	4851	4865	4867	4901	4902	4907	4919	4954	
62	240	241	337	371	379	393	497	504	627	824	828	910	997	1021	1087	1169	1296	1359	1585	1620	1621	1626	1817	1930	1988	2018	2068	2074	2076	2149	2155	2160	2213	2271	2305	2317	2436	2706	2733	2778	2812	2868	2911	3222	3287	3295	3302	3360	3568	3691	3933	3960	3991	4064	4095	4153	4202	4278	4324	4388	4439	4555	4671	4718	4728	4754	4756	4779	4813	4846	4875	4894	4950	4952	4958	4963	
147	349	390	602	671	687	1029	1049	1071	1127	1453	1480	1644	1677	1898	2171	2187	2386	2490	2689	2719	2852	2866	3010	3431	3461	3485	3740	3756	3899	3935	4028	4104	4119	4173	4212	4292	4648	
91	128	183	334	517	561	580	615	833	836	892	1123	1139	1188	1420	1494	1536	1555	1584	1682	1780	2022	2056	2152	2250	2264	2323	2381	2402	2485	2531	2617	2757	2770	2851	2863	2888	2890	2992	3109	3147	3311	3356	3437	3440	3519	3641	3644	3731	3878	3990	4100	4130	4194	4440	4534	4550	4561	4572	4625	4681	4713	4729	4764	4780	4801	4824	4829	4831	4912	4920	4933	4951	4979	4983	4991	
60	103	114	357	556	810	888	956	1182	1235	1249	1317	1457	2028	2109	2128	2188	2190	2315	2599	2653	2748	3078	3445	3467	3709	3803	3922	4383	
51	248	376	459	569	780	939	966	1017	1022	1353	1551	1586	1613	2291	2378	2434	2895	2966	2987	3120	3177	3464	3474	3475	3504	3546	3657	3715	3910	4063	4084	4138	4154	4215	4216	4274	4279	4481	4514	4580	4612	4657	4696	4712	4733	4766	4777	4788	4883	4890	
17	69	94	150	259	361	418	444	625	715	817	927	952	964	1111	1246	1705	1775	1776	1813	1903	1925	1955	1977	1992	1998	2278	2537	2581	2740	2963	2968	3338	3354	3412	3421	3423	3447	3472	3575	3653	3669	3753	3789	3849	3885	3950	3973	3979	4040	4047	4055	4157	4176	4226	4282	4342	4395	4446	4457	4465	4505	4526	4644	4668	4720	4738	4838	4877	4878	4880	4988	4992	
141	676	737	814	981	1201	1222	1590	1793	1969	2268	2435	
24	341	838	1171	1228	1404	1435	1687	1812	2105	2749	3162	3216	3363	
68	80	126	180	251	307	945	1374	1636	1665	1953	2104	2319	3309	3365	
252	485	1036	1278	1283	1299	1412	1445	1566	1801	1922	1951	1958	2053	2085	2124	2228	2427	2440	2720	2964	2976	3057	3090	3234	3243	3418	3419	3552	3666	3701	3762	3800	3914	4134	4276	4340	4366	4391	4527	4637	4692	4709	4770	4822	
460	596	775	1061	1693	1720	1754	2083	2114	2133	2170	2327	2419	2607	2732	3032	3037	3348	3353	3362	3682	3799	3902	4167	4207	
234	383	547	719	1025	1552	1777	1891	2097	2377	2900	3036	3128	3218	3435	
58	116	239	448	970	1081	1338	1364	1426	1578	1685	1820	2039	2241	2258	2340	2372	2821	2988	3577	3670	3720	3765	3998	4174	4184	4204	4259	4432	4486	
4	216	254	359	369	430	481	540	554	992	1341	1455	1548	1602	1616	1753	1879	1905	2038	2164	2182	2389	2521	2631	2655	2750	2819	2899	3049	3083	3092	3110	3277	3496	3516	3769	3847	4060	4140	4164	4343	4351	4396	4579	4594	4768	4773	4839	
18	40	41	386	404	520	594	1497	1994	2227	2363	2471	2556	2624	3006	3043	3326	3404	3427	3522	
158	293	534	1010	1384	1470	1592	1699	1766	2270	2522	2955	2959	2981	3016	3352	3492	3827	
260	412	779	841	1157	1358	1469	1973	2177	2286	
170	202	372	433	474	564	711	1343	1356	1410	1493	1700	1799	1875	2189	2211	2276	2321	2767	2783	2801	3034	3141	3169	3200	3266	3315	3618	3717	3760	3846	3867	3963	4026	4091	4234	4243	4251	4301	4321	4399	4403	4416	4496	4523	4586	4655	4705	4724	4825	4844	4885	4898	4900	4939	4948	
