139	253	332	964	1038	1758	2223	2707	2830	2886	3122	3261	4143	4783
33	436	452	869	900	996	1144	1481	1543	1715	1957	2201	2300	2521	2672	2673	2880	3026	3183	3201	3385	3442	3733	3967	4128	4681	
20	65	339	441	470	772	783	944	1557	1667	1907	2244	2488	2743	2865	2989	3570	3936	4901	
327	395	860	1469	1548	1855	1970	1989	2001	2162	2240	2336	2545	2572	3052	3126	3247	
189	203	298	360	482	705	818	914	957	1139	1146	1329	1554	1585	1636	1697	1814	1866	2054	2124	2173	2436	2473	2476	2604	2810	2882	2982	3051	3154	3377	3390	3506	3651	3783	3818	3864	3944	3951	3953	4029	4057	4089	4169	4331	4458	4487	4489	4510	4593	4635	4690	4793	4808	4870	4900	4926	
429	628	756	777	916	956	1225	1303	1723	1747	1765	1924	2295	2446	2783	2801	2872	2946	3134	3138	3276	3810	3937	3974	4084	4104	
191	281	444	588	603	755	858	974	1459	1460	1786	1812	1871	1891	2547	2631	2667	3106	3129	3299	3640	3766	3808	3825	3989	4081	4174	4373	
10	111	503	635	655	715	851	1713	1773	1818	2072	2156	2374	2550	2651	2819	3579	3782	3862	3959	4018	
594	890	977	1015	1199	1219	1337	1486	1573	1632	2248	2439	2859	2869	3000	3109	3142	3358	3755	
607	656	661	852	1117	1125	1128	1222	1422	1560	2621	2840	2922	4130	
209	278	359	412	560	855	961	1055	1068	1274	1650	1689	1761	2132	2142	2291	2313	2356	2480	2503	2515	2860	3186	3219	3510	3523	3605	3709	3942	4011	4144	4304	
175	372	932	993	1123	1188	1350	1416	1810	1865	2538	2776	
133	211	254	255	611	767	813	880	1182	1185	1211	1240	1295	1333	1485	1628	1654	1769	1797	1841	1877	2003	2090	2175	2494	2671	2700	2780	2901	2968	3007	3031	3033	3227	3576	3723	3762	4007	4048	4076	4098	4147	4157	4255	4344	4402	4411	4464	4568	4574	4622	4767	4882	4909	4916	4965	
153	415	553	674	683	740	892	1028	1241	1316	1348	1535	1759	1881	1892	2062	2227	2294	2360	2406	2427	2628	2638	2770	3225	3278	3302	3348	3505	3544	3553	3639	3678	3694	3739	3771	3787	3838	4203	4382	4437	4459	4555	4605	4662	4749	
119	215	275	349	584	598	637	657	708	832	862	1232	1271	1375	1448	1474	1493	1541	1590	1708	1846	1909	2047	2121	2174	2458	2491	2583	2660	2677	2684	2726	2773	2799	2806	3133	3193	3211	3215	3233	3244	3437	3498	3546	3598	3615	3631	3781	3926	3987	3996	4064	4266	4327	4535	4580	4620	4634	4684	4809	4820	4874	4879	4892	4927	4932	4936	4938	4953	4961	4970	4986	
73	206	245	337	714	746	872	1388	1518	1552	1565	2051	2075	2094	2254	2524	2530	2536	2804	2925	3042	3096	3111	3153	3158	3235	3295	3356	3547	3608	4002	4093	4200	4205	4219	4457	4502	4532	4762	4856	
93	248	282	521	621	678	1251	1265	1309	1555	1663	1696	1711	1838	2046	2069	2078	2195	2489	2516	2734	2748	2760	2763	2929	3159	3258	3270	3347	3404	3440	3496	3606	3916	4010	4083	4100	4333	4538	4579	4613	4627	4687	4722	4812	4978	
95	405	545	642	930	972	1096	1549	1781	2413	2437	2678	2735	2876	3064	3121	3672	3713	3756	3765	4036	4069	4079	4106	4163	4210	4306	
98	127	168	356	382	450	526	632	650	668	940	1056	1197	1228	1656	1679	1820	1999	2027	2042	2073	2198	2358	2388	2612	2656	2792	2814	2894	3090	3107	3259	3363	3418	3439	3622	3731	3769	3948	3964	3975	4050	4088	4105	4176	4430	4513	4519	4614	4710	4797	4823	4849	4853	4869	4940	4966	
2	171	299	350	1293	1426	1639	1655	1967	2074	2680	
18	126	225	280	302	320	338	460	604	688	803	859	904	918	1047	1079	1171	1244	1324	1517	1532	1556	1587	1621	1760	1858	1862	1927	1983	2024	2088	2149	2249	2252	2303	2392	2422	2490	2615	2746	2782	2825	2936	3016	3082	3092	3182	3256	3402	3508	3538	3614	3623	3671	3850	3860	4019	4024	4031	4138	4150	4173	4335	4400	4571	4610	4619	4760	4837	4904	4923	4933	5000	
469	568	929	987	1113	1533	1646	1757	1949	2158	2435	2593	
63	552	749	1063	1195	1368	2104	2417	2453	2645	2693	3336	3386	3419	
121	512	951	1050	1061	1321	1417	1436	2277	
623	1153	1344	1361	1391	1477	1718	1971	2237	3965	
527	864	1394	1577	2077	2085	2654	2702	2706	2823	2971	
195	319	492	973	1130	1206	1367	1505	1523	1956	
125	273	287	294	602	884	1086	1358	1694	2286	2307	2352	2633	2812	2909	2918	2959	3028	3032	3236	3266	3708	3876	3940	4070	4290	
199	310	396	442	507	523	950	1157	1373	1912	
7	91	92	142	300	363	378	379	577	648	853	911	931	978	1012	1104	1431	1438	1496	1602	1640	1701	1787	1805	1857	1940	1954	2032	2116	2152	2380	2566	2622	2643	2729	3098	3099	3137	3291	3303	3307	3545	3577	3630	3716	3736	3767	3891	3901	3985	3990	4008	4047	4072	4274	4493	4594	4692	4764	4777	4799	4818	4860	4896	4935	4999	
35	198	370	563	769	960	1150	1164	1245	1247	1519	1802	1817	2204	2209	2220	2778	2800	2822	2849	2863	3011	3343	3444	3583	3660	3728	3831	3894	4067	4085	4151	4155	4162	4280	4394	4406	4492	4562	4665	4726	4768	4782	4789	4806	4871	4881	4943	4945	
464	550	771	1002	1030	1173	1458	1742	1911	1959	1981	2052	2178	2191	2265	2767	2820	2942	3081	3226	3480	3604	3796	4013	4153	4171	
47	155	439	449	564	572	857	1082	1205	1266	1749	1834	1887	2505	2544	2956	3141	3206	3430	3431	3680	3712	3717	3908	4224	4268	
22	45	62	186	230	232	344	625	702	896	959	989	1041	1069	1287	1495	1933	2105	2168	2221	2466	2632	2699	2817	2847	2953	3027	3072	3194	3338	3457	3677	3711	3740	3764	3791	3805	3823	3922	4124	4177	4251	4257	4283	4393	4445	4486	4645	4691	4720	4727	4771	4816	4843	4883	4944	4952	4964	
234	373	489	802	856	1214	1235	1254	1527	1698	1872	1906	2235	2272	2690	2879	2902	2980	3653	3682	3776	3778	4062	4256	
159	495	826	902	1641	1750	2053	2146	2159	2428	2737	2764	
994	1127	1671	1827	2184	2213	2285	2623	2701	2745	2761	3023	3228	3454	3565	4300	
4	88	157	200	208	433	483	513	736	779	953	1034	1246	1382	1520	1539	1596	1652	1670	1687	1735	2044	2095	2118	2143	2171	2365	2401	2459	2717	2864	2903	3006	3139	3151	3229	3239	3305	3369	3415	3438	3478	3521	3571	3581	3706	3710	3773	3917	4025	4077	4199	4310	4438	4444	4465	4488	4542	4578	4637	4666	4704	4752	4775	4836	4865	4867	4918	4979	4994	
11	487	574	672	1051	1064	1674	1767	1794	1861	1928	2317	2574	2688	3563	3648	
473	837	1192	1390	1709	1780	1847	2015	2180	4390	
25	61	145	305	399	461	479	576	633	928	1018	1060	1154	1280	1544	1614	1808	1923	2216	2243	2321	2397	2447	2608	2692	2751	2897	2926	2999	3093	3184	3329	3379	3435	3574	3594	3662	3695	3798	4097	4148	4278	4375	4396	4429	4433	4439	4443	4452	4463	4897	4920	4950	
346	1124	1363	1380	1470	1642	2134	2287	2359	2441	2465	
8	115	135	196	336	357	430	481	499	881	963	1172	1364	1452	1508	1597	1630	1848	1994	2009	2179	2327	2376	2542	2892	3037	3089	3172	3243	3459	3476	3535	3698	3912	3981	4330	4398	4423	4565	
508	542	551	620	760	798	1374	1442	1468	1828	1969	2197	2280	2407	2874	2934	2937	3110	3165	3179	3197	3509	3650	3656	3676	3820	3945	4197	4226	4291	4466	4509	
5	36	181	418	610	640	641	685	719	743	770	1057	1163	1186	1447	1521	1551	1578	1647	1662	1725	1740	1745	1813	1917	2014	2089	2150	2332	2548	2579	2644	2730	2781	3304	3357	3468	3475	3522	3587	3663	3687	3819	3843	3857	4017	4058	4164	4196	4272	4294	4372	4479	4531	4559	4603	4686	4694	4725	4738	4780	4804	4819	4876	4903	4924	4985	4990	
23	59	207	288	466	579	809	1074	1097	1525	1661	1944	2255	2296	2330	2349	2354	2714	2738	3018	3030	3065	3156	3199	3323	3335	3424	3428	3429	3452	3537	3641	3863	3888	3943	3966	4131	4181	4195	4233	4296	4298	4308	4313	4370	4455	4515	4569	4607	4695	4701	4736	4826	4842	4862	4885	4893	
15	81	84	754	1408	1449	1612	1700	1788	1974	2344	2578	2584	2637	3288	3455	4561	
101	217	520	1200	1354	1501	2048	2196	2526	2563	2570	2821	3230	3238	3345	3346	3520	3673	
17	386	745	873	986	1112	1279	1843	1908	1914	1936	1986	1991	2000	2099	2203	2326	2537	2721	3094	3128	3292	3322	3334	3398	3495	3528	3600	3645	3741	3846	3905	3928	4020	4044	4179	4218	4362	4628	
78	143	219	246	518	710	731	899	935	1052	1160	1480	1579	1677	1716	1910	2058	2206	2340	2668	2802	2862	3494	3513	3644	3752	3934	3971	4012	4042	4156	4258	4275	4336	4346	4449	4564	4626	4732	4864	
169	228	538	791	1299	1404	1626	1741	1842	2092	2311	2408	2539	3274	3620	3970	3976	3992	4016	
238	522	532	737	927	970	1345	1487	1491	1878	2419	2495	2611	2712	3125	3310	3692	3705	3758	3801	4080	
116	176	251	277	341	377	562	634	680	794	850	887	980	1040	1044	1078	1080	1098	1325	1600	1854	2161	2312	2423	2424	2449	2592	2788	2796	2827	2838	3289	3301	3378	3395	3450	3503	3534	3536	3566	3666	3681	3790	3814	3848	4053	4119	4207	4248	4446	4508	4572	4602	4606	4729	4734	4741	4788	4791	4810	4845	4848	4854	4891	4894	4902	4907	4959	4973	4981	4993	4995	
50	170	183	581	686	988	1103	1291	1430	1559	1610	2639	2832	3392	3548	
132	160	318	331	465	530	541	599	730	806	998	1141	1403	1406	1437	1690	1775	1792	1985	2381	2394	2620	2732	2798	2824	2842	2853	2888	2960	3024	3209	3246	3320	3362	3484	3512	3575	3745	4087	4102	4126	4137	4145	4212	4491	4672	4674	4675	4746	4763	4852	4872	4888	4948	
26	43	134	197	233	380	389	490	613	646	647	778	793	1070	1106	1285	1341	1399	1492	1507	1595	1599	1675	1886	1896	1915	2370	2416	2529	2552	2602	2704	2749	2836	2843	2848	2986	3135	3152	3408	3552	3973	3993	4043	4074	4185	4211	4222	4237	4282	4285	4301	4417	4483	4494	4503	4511	4549	4669	4699	4748	4875	4983	4991	
190	256	263	325	413	709	1218	1238	1272	1392	1553	1676	1995	2385	2543	2546	2588	2754	2757	2807	2895	2984	3222	3410	3461	3613	3657	3924	4343	4436	
57	75	330	773	1084	1100	1257	1657	1719	1804	1964	2144	2181	2569	2635	2694	2976	3056	3079	3203	3313	3355	3427	3493	3560	3689	3786	4022	4160	4299	4305	4404	4440	4472	4539	4544	4546	4547	4582	4689	4700	4798	4828	
85	162	285	307	409	1168	1183	1189	1432	1446	1463	1736	2041	2292	2309	2310	2470	2908	2913	2990	3055	3280	3317	3446	3507	3760	4115	4208	4399	
515	692	799	844	854	1023	1204	1298	1586	1622	1703	1978	2029	2169	2266	2496	2725	2979	3078	3188	3198	3204	3250	3306	3744	3797	3799	4004	4056	4260	4383	4387	4389	4410	4413	4416	4504	4523	4548	4563	4778	4829	
72	387	549	704	836	877	1042	1137	1306	1323	1704	1774	1864	1953	1979	2130	2140	2299	2512	2549	2675	2752	2850	2881	3058	3116	3119	3265	3401	3654	3725	3804	3840	3925	3956	4051	4175	4315	4415	4524	4567	4742	4747	4801	4813	4840	4884	4886	
90	136	846	1121	1290	1377	2429	2499	2577	2586	2808	2944	3136	3432	
179	410	514	540	738	954	1156	1234	1383	1450	1634	1706	1733	2322	2418	2599	2949	2996	3567	3586	3722	3821	3842	3997	4113	4133	4192	4223	4277	4468	
258	326	533	614	1120	1332	1398	1499	1583	1660	1684	1702	1997	2059	2189	2353	2487	2514	2558	2606	2727	2867	2958	2970	3262	3293	3330	3332	3365	3816	3870	3969	4027	4033	4220	4334	4360	4391	4615	4743	
55	96	114	812	962	1710	1766	2324	2355	2493	2581	2816	
27	244	414	629	725	785	797	831	839	1010	1099	1170	1213	1359	2217	2251	2597	2665	2739	2809	2987	2993	3045	3131	3213	3351	3359	3530	3582	3837	3845	3851	3878	3886	3911	4232	4245	4262	4317	4596	4598	4630	4664	4784	4811	
99	213	516	759	819	1021	1151	1566	1968	2141	2264	2339	2513	2540	3105	3150	3208	
472	536	694	762	848	1300	1301	1343	2125	2205	2228	2724	2742	2774	2904	3327	3497	
112	165	172	242	324	458	547	654	676	720	1027	1115	1418	1435	1764	1796	1939	2006	2112	2127	2258	2325	2364	2450	2624	2703	2890	3143	3318	3485	3749	3754	3806	3852	4028	4090	4241	4264	4337	4345	4361	4405	4495	4650	4658	4844	4899	
37	630	849	967	990	1339	1504	2100	2320	2906	2916	2998	
53	83	123	161	335	374	419	682	696	786	875	906	1020	1083	1108	1312	1445	1678	2071	2082	2273	2367	2398	2475	2504	2616	2683	2709	2861	2871	3005	3155	3217	3268	3281	3635	3638	3649	3832	3853	3896	3929	3939	4320	4363	4395	4453	4514	4527	4723	4750	4769	4773	4786	4825	4863	4866	4887	4911	4912	4962	
1	259	274	575	817	840	1494	1648	1686	1755	1840	1844	2281	2595	2697	2962	3010	3176	3422	3426	3467	3540	3573	3893	4191	4227	4379	4408	4522	4636	4638	4643	4653	4660	
163	504	790	949	1790	2393	2469	2492	2664	2766	3049	
286	528	721	821	829	830	1089	1268	1288	1433	1605	1724	2351	2463	2613	3160	3202	3394	4073	4082	
128	240	424	525	539	565	942	1024	1049	1562	1705	1707	1712	1729	2070	2239	2744	2964	3464	3469	3609	3757	3968	3995	4045	4471	
365	506	569	571	669	838	913	1260	1575	1717	1836	1870	2068	2137	2139	2242	2426	2445	2457	2920	3085	3171	3196	3500	3632	3730	4276	4316	4355	
406	626	800	845	934	1489	1570	1589	1993	2056	2128	2259	3044	
391	807	1147	1319	1509	1591	1825	2018	2200	2568	2585	2587	2818	2896	3076	3101	3190	3874	
524	557	820	847	871	876	1258	1276	1473	1497	1598	1762	1882	1990	2004	2013	2119	2166	2383	2535	2741	3185	3221	3462	3900	4269	4270	4325	4388	4401	4528	
221	284	297	375	491	497	583	701	703	796	823	1122	1176	1314	1561	1615	1644	1851	1916	1977	2155	2289	2641	2772	2831	2887	2915	2997	3013	3036	3117	3144	3223	3412	3453	3499	3637	3742	3910	3952	4035	4054	4229	4247	4249	4376	4485	4585	4670	4706	4717	4745	4774	4824	4890	4928	4934	4955	
394	519	585	664	670	766	843	924	1289	1410	1502	1588	1752	1801	1984	2357	2590	3086	3178	3527	3597	3625	
260	266	368	544	870	1076	1255	1357	1369	1514	1524	1617	1722	2192	2305	2483	2768	2846	3015	3074	3175	3321	3331	3352	3421	3519	3664	3738	3789	3991	4040	4209	4381	4588	4663	
44	105	243	306	420	601	718	1085	1088	1252	1313	1334	1381	1407	1420	1609	1751	2087	2297	2400	2679	2875	2945	3041	3088	3264	3296	3374	3466	3611	3693	3751	3899	4078	4110	4114	4117	4149	4424	4534	
231	440	558	675	775	815	867	901	917	982	1036	1126	1277	1283	1366	1385	1440	1454	1471	1542	1793	1811	1900	1960	2043	2065	2091	2160	2177	2411	2609	2636	2640	3515	3549	3642	3646	3674	3753	3774	3988	4120	4168	4204	4206	4216	4289	4347	4476	4490	4554	4570	4590	4667	4671	4713	4756	4817	4822	4861	4956	
110	411	976	995	1067	1092	1155	1166	1196	1310	1349	1428	1443	1484	1574	1629	2011	2067	2187	2362	2501	2580	2650	3017	3022	3164	3195	3287	3316	3372	3414	3448	3543	3618	3679	3691	3724	3777	3779	3871	3885	3903	3913	4099	4158	4172	4228	4356	4427	4450	4461	4587	4649	4754	4759	4814	4821	4847	4889	4987	4998	
71	187	1511	1537	1874	1920	2438	2856	2878	2933	2952	2973	
52	289	546	722	750	833	937	1457	1513	1538	1672	2212	2214	2440	
6	150	283	355	364	475	795	889	903	1013	1058	1142	1184	1191	1202	1397	1400	1479	2302	2379	2382	2803	2967	3168	3477	3729	3770	3809	3861	4094	4136	4350	4480	4540	4657	4696	
30	501	570	907	984	1198	1441	1464	1526	1680	2193	2387	2474	2551	2601	2750	2870	2948	2992	3020	3060	3148	3200	3242	3375	3458	3882	4385	4541	4591	4600	
321	673	713	752	811	1065	1179	1187	1224	1253	1372	1413	1572	1584	1727	1779	1833	2117	2238	2479	2498	2691	3095	3245	3279	3413	3441	3585	3669	3714	3807	3869	3890	3946	4059	4178	4374	4434	4448	4566	4609	4651	4715	4833	
618	885	969	1304	1606	1763	2315	2938	3189	3353	3371	3487	3533	3561	3589	3621	
40	210	447	782	910	1118	1384	1658	1691	1901	2467	2482	2519	2555	2610	2755	2994	3120	3481	3661	3675	3788	4141	
279	787	999	1062	1427	1546	1819	1996	2246	2260	2288	2337	2762	3294	3539	3603	
205	1031	1109	1152	1273	1317	1455	1529	2021	2234	
304	354	573	1059	1135	1415	1564	2775	2811	2914	3108	3373	
86	141	192	265	659	788	841	1326	1651	2093	2596	
100	316	459	677	810	1461	1547	1580	1603	1889	1913	2066	2154	2985	3102	3308	
353	443	742	808	1001	1396	1620	2030	2176	2188	2341	2567	2576	2740	3080	3132	3231	3707	
117	448	1037	1264	1296	1816	2017	2229	2626	
236	559	1090	1162	1411	1414	1898	2108	
137	438	529	658	776	1102	1425	1439	1904	2031	2111	2528	2575	2839	3001	3149	3835	3868	3982	3983	4103	4132	
14	29	247	358	397	402	589	592	596	671	968	1043	1048	1278	1286	1318	1353	1379	1822	1937	2025	2207	2420	2634	2977	3114	3406	3492	3612	3792	3794	3815	4014	4111	4142	4293	4323	4409	4505	4552	
144	383	390	605	612	644	923	1545	1592	1645	1673	1895	2039	2101	2331	2338	2415	2502	2522	2591	2877	2941	3389	3397	3732	3734	3884	4231	4252	4318	4478	4608	4654	
94	180	392	707	751	1110	1180	1259	1734	2012	2410	2443	2464	2759	3004	3104	3167	3282	3423	3514	3949	4217	4238	4309	
295	554	897	919	1140	1212	1223	1262	1269	1352	1421	1613	1941	2002	2079	2183	2378	2527	3029	3187	3591	3889	3957	4041	
147	185	202	257	322	404	480	586	697	822	1331	1412	1581	2705	2795	3091	3174	3300	3409	3759	4009	4063	4134	4193	
46	79	148	156	268	303	348	351	362	416	534	537	689	920	1022	1094	1181	1327	1506	1720	1778	1824	1918	2582	2657	2687	2765	2857	2884	2975	3161	3191	3216	3260	3272	3517	3616	3704	3746	3830	3879	3914	4075	4086	4267	4618	4712	4744	4781	4830	4922	
617	947	948	985	1159	1568	1582	1800	2019	2525	2573	3047	3214	3445	3518	3555	
216	323	381	891	1017	1315	1943	1987	2034	2148	2194	2460	2471	
333	371	478	679	805	878	1033	1342	1423	1488	1528	1608	1831	2096	2123	2282	2323	2452	2603	2646	2858	2995	3040	3050	3066	3284	3285	3364	3482	3994	4065	4101	4244	4284	4286	4341	4506	4525	4537	4693	4800	4805	
76	834	1003	1297	1355	1738	1783	1998	2033	
167	312	376	595	1095	1227	1444	1536	1540	1695	1829	1863	1925	2026	2057	2109	2151	2157	2308	2389	2534	2600	2605	2758	2793	2928	3212	3368	3381	3800	3856	3977	4021	4122	4165	4295	4339	4357	4359	4377	4403	4501	4529	4648	4698	4834	4859	4868	
407	476	835	915	1161	1510	1852	1879	2556	2655	2963	
270	314	385	1045	1365	1534	1594	1732	1955	2713	3014	3062	3140	3218	3277	
149	428	455	463	494	606	624	747	748	816	939	1026	1165	1482	1649	1823	1926	1988	2023	2107	2145	2233	2421	2559	2828	2961	2988	3025	3053	3232	3339	3382	3388	3474	3490	3747	3847	3873	3915	4234	4265	4273	4288	4292	4311	4352	4419	4422	4536	4631	4758	4921	4929	4939	4942	4947	4992	
9	60	651	936	1011	1136	1138	1966	1982	2028	2218	2257	2405	2598	2924	3087	3147	3399	3436	3443	3447	3471	3525	3590	3607	3617	3683	4246	4420	4517	
152	590	619	691	1149	1249	1328	1692	1739	1821	1853	1859	1903	1973	2135	2508	2681	2723	3054	3234	3684	4068	4159	
262	445	517	665	667	727	824	981	1220	1233	1236	1261	1294	1336	1664	1784	1850	1860	1899	2170	2293	2335	2361	2363	2432	2481	2541	2648	2771	2786	2927	2965	3181	3396	3572	3593	3768	3841	3867	3872	3947	3972	3998	4139	4214	4322	4550	4558	4586	4646	4680	4790	4831	4846	4969	4996	
308	600	997	1119	1376	1593	1799	1894	1951	2120	2386	
229	456	567	958	1237	1693	1952	1992	2016	2211	2350	2607	2868	2930	3340	
104	178	561	695	801	863	874	926	1000	1133	1145	1167	1503	1681	1922	2035	2045	2136	2167	2199	2222	2390	2517	2625	2698	2905	2907	2981	3012	3063	3073	3100	3113	3163	3349	3376	3383	3387	3391	3479	3554	3601	3690	3748	3923	3986	4180	4243	4307	4332	4467	4545	4583	4655	4682	4688	4703	4735	4779	4851	4898	4913	4949	4967	4968	
3	124	177	218	328	343	437	622	712	716	992	1174	1193	1194	1389	1576	1633	1839	1856	1868	1890	1958	2219	2368	2371	2403	2935	3069	3643	3719	4236	4328	4460	4581	4629	4731	
32	89	173	315	317	388	578	726	765	1132	1601	1737	1777	1803	1835	2163	2231	2375	2377	2797	2844	2866	2919	3112	3269	3275	3486	3501	3557	3727	4001	4015	4023	4052	4154	4349	4584	4661	
543	643	660	717	1148	1401	1462	1929	1932	2343	3162	3315	
102	649	681	909	1143	1230	1311	1550	1627	1637	1935	2224	2318	2485	2554	2629	2833	2851	3046	3255	3311	3451	3483	3489	3531	4034	4242	4302	4358	4482	4520	4641	
28	80	146	340	446	467	971	1239	1356	1371	1429	1631	1746	1798	1809	1962	1972	2172	2182	2202	2433	2571	2614	2910	2947	3019	3267	3551	3588	3592	3619	3688	3750	3839	4108	4112	4186	4454	4499	4604	4623	4642	4683	4702	4718	
87	182	220	352	451	1216	1229	1453	1946	2010	2232	2290	2957	3434	
140	164	252	706	1071	1175	1284	1378	1826	2102	
67	107	166	401	434	591	645	652	690	758	894	905	908	941	1006	1029	1093	1226	1465	1567	1867	1876	1883	1893	2076	2115	2126	2147	2269	2314	2346	2347	2404	2462	2991	3263	3449	3502	3626	3696	3743	3775	3834	3877	3897	4118	4146	4213	4239	4365	4431	4530	4612	4640	4676	4685	4724	4740	4984	4989	
16	384	421	609	687	735	893	1131	1965	2098	3071	3237	3504	
103	188	329	423	427	484	608	861	883	888	895	1498	1666	2084	2245	2531	2686	3061	3084	3157	3254	3337	3425	3580	3702	3793	3849	3907	4032	4109	4201	4235	4297	4326	4369	4397	4447	4507	4597	4625	4647	4755	4761	4765	4772	4795	4802	4905	4914	4941	
66	342	400	1282	1360	1362	1616	1731	1845	1950	2113	2208	2756	2978	3633	
48	946	1105	1307	1571	2037	2306	2384	2442	3083	
97	108	366	485	498	587	1248	1682	2275	2478	2722	2950	3207	3314	
68	118	291	1210	1267	1270	1338	1945	1947	2186	3097	
39	42	158	271	367	636	663	943	979	1009	1516	1743	1776	1806	2005	2106	2210	2262	2396	2619	2718	2815	3008	3192	3283	3325	3456	3703	3720	3761	3955	3961	4006	4091	4096	4129	4166	4279	4364	4380	4392	4421	4432	4473	4475	4481	4484	4617	4711	4728	4739	4787	4827	4839	4841	4855	4857	4895	4910	4915	4931	4982	
120	151	301	361	580	593	1087	1111	1169	1243	1320	1475	1483	1748	1753	1905	2049	2425	2456	2472	2618	2720	2777	2785	2826	2829	2841	2845	2921	3034	3043	3048	3068	3077	3257	3559	3578	3700	3811	3826	3828	3859	3865	3909	3921	3927	3958	4003	4107	4170	4225	4253	4351	4497	4512	4526	4560	4589	4656	4673	4677	4697	4705	4838	4917	4925	4958	4975	4980	4997	
204	227	309	597	922	1014	1025	1242	1275	1472	1726	1789	2022	2038	2250	2263	2316	2329	2334	2414	2685	2747	3312	3366	3407	3647	4046	4095	4202	4303	4354	4425	4592	4708	
77	272	454	566	653	662	684	728	933	1005	1039	1053	1208	1221	1231	1386	1569	1625	1635	1888	1897	1963	2190	2241	2448	2520	2708	2794	2891	3059	3130	3286	3354	3380	3393	3403	3411	3488	3558	3595	3735	3803	3887	3906	3919	3931	4037	4135	4152	4194	4221	4240	4312	4353	4553	4577	4611	4632	4659	4714	4908	4937	4960	4963	4972	4974	4976	
74	129	201	425	493	729	768	945	1129	1134	1292	1611	1785	1948	2805	2883	3173	3333	3470	3628	3701	3963	3999	4190	4348	4407	4428	4462	
21	130	531	724	761	827	866	1107	1263	1305	1530	2061	2164	2165	2279	2284	2348	2409	2430	2630	2676	2696	3123	3146	3180	3240	3249	3465	3541	3668	3784	3844	3881	3933	4026	4250	4271	4412	4426	4470	4500	4652	4796	4803	4815	4850	4858	4906	4919	
38	222	239	347	488	615	734	898	921	1008	1075	1190	1340	1370	1409	1531	1643	1685	1730	1756	1782	1873	2063	2086	2256	2319	2366	2369	2373	2484	2561	2564	2594	2669	2784	2923	2974	3124	3309	3384	3550	3568	3763	3930	4005	4030	4055	4061	4198	4254	4281	4378	4414	4624	4721	4776	4835	4878	4930	4951	4957	4971	4977	4988	
214	226	313	548	733	757	804	1035	1066	1638	2131	2562	
58	296	1091	1302	1688	1884	2055	2236	2274	2682	2983	3003	3251	
334	403	435	774	955	1902	1938	2050	2097	2395	2399	2560	2715	2789	2931	
34	70	223	241	471	555	825	952	1073	1207	1419	1456	1618	1875	2342	2509	2523	2617	2898	2917	3067	3271	3297	3328	3400	3463	3511	3524	3529	3596	3655	3667	3772	3854	3858	3883	4123	4441	4543	4557	4616	4668	4792	
113	457	477	814	865	882	1322	1335	1744	1975	2226	2271	2372	2444	2565	3224	3516	3532	3833	4066	
41	212	235	556	616	744	789	1215	1665	1934	2103	2506	3039	3341	3342	
174	224	369	1072	1077	1256	1402	1607	1623	1683	1714	2278	2649	2779	2790	2966	2972	3220	3324	3417	3652	3699	3715	3780	3898	4314	4324	
51	54	486	639	666	693	753	1007	1054	1346	1466	1558	1624	1659	1795	1832	2110	2114	2261	2412	2455	2518	2659	2954	3169	3866	3892	3938	3984	4127	4183	4189	4230	4263	4338	4477	4496	4601	4621	4709	4719	4794	4880	
69	250	511	698	1330	1405	1512	1563	2080	2511	2670	2731	2943	3075	3273	3472	3718	3836	3895	
194	269	290	311	502	792	828	1114	1791	2247	2270	2402	2497	2769	2911	2951	3350	
13	453	500	700	723	1178	1308	1815	1942	2652	
31	417	432	764	868	975	1019	1203	1351	1604	1668	1771	1885	1919	2008	2133	2695	2716	2719	2787	3070	3103	3205	3433	3602	3721	3813	3829	3855	3920	3962	4000	4092	4121	4261	4287	4435	4442	4469	4474	4498	4533	4551	4556	4573	4576	4716	4757	4877	4946	
24	64	109	154	505	509	711	842	938	1016	1158	1281	1880	2007	2020	2391	2486	2510	2532	2533	2733	2854	2873	2893	3115	3420	3827	4167	
49	582	627	1209	1669	2267	2276	2434	2451	2627	2661	2835	3253	3319	3473	3697	3904	4049	
12	19	131	393	510	966	1046	1515	1721	1728	1770	1930	1931	2129	2225	2268	2283	2454	2728	3241	3685	3935	4038	4215	
82	267	345	422	426	535	732	886	912	1116	1347	1467	1490	1500	1699	1849	2081	2122	2253	2500	2507	2642	2647	2662	2899	2900	2912	2932	2940	3021	3145	3166	3298	3584	3599	3627	3670	3822	3902	3941	3960	4116	4329	4342	4451	4456	4518	4521	4678	4707	4753	4770	4873	4954	
462	631	739	784	1250	1387	1393	1830	1921	1980	2153	2301	2477	2557	2589	2791	2885	3210	3361	3405	3629	3634	3658	3737	3785	3812	3954	3980	4060	4071	4125	4368	4595	4599	4633	4644	4679	4751	
184	237	763	1032	1177	1434	1451	1619	1807	2064	2230	2468	2653	2834	2855	2889	3057	3127	3177	3252	3290	3367	3562	3817	3880	4319	4367	4371	4418	
261	879	1004	1101	1869	2710	2711	2753	2969	3002	3009	3344	3460	3542	3556	3569	3659	3726	
106	249	264	276	398	468	741	781	965	991	1217	1522	1772	1976	2304	2333	2461	2663	2666	2939	3035	3038	3118	3248	3326	3624	3824	3918	3932	4039	4182	4187	4384	4516	4730	4733	4737	
56	431	780	925	1476	1478	2060	2185	2328	2689	2813	2837	3360	3416	3610	3636	3665	3795	3950	4161	4259	
122	193	293	474	496	699	983	1081	1395	1754	1768	1837	1961	2036	2040	2083	2138	2215	2298	2431	2658	2736	2955	3170	3370	3491	3526	3564	3686	3802	3875	3978	3979	4140	4184	4188	4321	4340	4366	4386	4575	4639	4766	4785	4807	4832	
138	292	408	638	1201	1424	1653	2345	2553	2674	2852