64	141	749	1383	1483	1934	2067	2228	2284	2520	2631	2871	3212	4566
7	155	157	715	968	1062	1388	1542	1608	1654	1764	1947	2109	2359	2399	2733	2864	3220	3374	3526	3605	3674	3791	3887	3976	4101	
126	195	196	538	1326	1397	1476	1574	1708	1833	1872	2308	2597	2981	3009	3213	3279	3285	3585	3814	
89	214	242	448	543	846	1235	1539	1976	2115	2172	2191	2554	2745	2866	3186	3586	
254	864	867	1319	1401	1499	1558	1729	1854	2047	2143	2149	2768	2811	2830	2870	3040	3349	3651	3853	
68	142	228	252	350	366	453	476	673	874	1076	1077	1337	1586	1927	2058	2144	2186	2215	2297	2314	2510	3021	3371	4180	4211	
211	235	357	368	563	785	888	961	1081	1107	1234	1316	1399	1416	1770	2056	2181	2696	3072	3263	3323	3456	3582	3982	4008	4186	4393	4409	
219	222	672	1036	1120	1257	1512	1656	1797	1914	1974	2585	2640	3048	3284	3328	3562	3638	3668	3856	
93	110	239	411	485	934	1298	1862	2354	2534	2856	2862	2927	2951	3423	3467	3522	3738	4852	
30	426	486	587	675	1289	1870	2200	2239	2671	2890	2917	2926	3183	
26	283	447	471	729	833	908	932	1071	1392	1564	1621	1687	1743	1745	1772	2422	2460	2586	2746	3007	3044	3052	3282	3299	3390	3590	3707	3928	4357	4440	4549	
34	59	394	878	942	1494	1712	1832	2045	2264	2451	2620	
43	259	405	421	499	535	594	763	812	858	922	941	1148	1341	1382	1709	1766	1937	1981	2148	2318	2342	2394	2430	2535	2555	2556	2617	2642	3027	3101	3207	3239	3241	3297	3497	3563	3619	3683	3787	3789	4026	4231	4256	4306	4482	4513	4539	4569	4659	4727	4758	4829	4873	4892	4965	
10	67	138	370	531	651	774	893	1032	1300	1396	1403	1859	2147	2156	2169	2193	2235	2301	2683	2749	2753	2876	3216	3259	3293	3427	3537	3567	3584	3736	3739	3771	3792	4107	4176	4317	4323	4327	4481	4484	4576	4621	4797	4798	4856	4866	
319	337	364	386	584	744	853	911	958	1121	1181	1204	1324	1345	1402	1409	1430	1450	1682	1684	1688	1754	1844	1907	1996	2039	2060	2099	2174	2261	2286	2317	2325	2329	2338	2396	2493	2570	2652	2660	2719	2736	3083	3318	3469	3577	3591	3598	3678	3868	3964	3979	4086	4118	4171	4391	4427	4485	4528	4533	4616	4626	4644	4648	4693	4702	4733	4783	4800	4817	4846	4897	4984	5000	
119	369	422	885	1038	1206	1525	1593	1722	1919	1928	1955	2180	2189	2223	2306	2309	2657	2915	3247	3273	3400	3440	3504	3637	3721	3898	3951	3969	4064	4144	4154	4185	4221	4333	4468	4522	4625	4658	4689	4694	
15	1242	1507	1620	1644	1756	1925	1963	1983	2023	2296	2678	2790	2825	3076	3267	3459	3475	3488	3500	3624	3655	3661	3704	3851	3897	4009	4011	4028	4198	4200	4226	4292	4295	4331	4526	4593	4594	4622	4646	4655	4687	4696	4719	4768	4792	
111	189	205	245	669	808	899	1312	1492	1548	1664	1953	1957	2444	2566	2596	2604	2720	2771	2854	2863	3122	3215	3712	4056	4225	4230	
84	631	823	891	947	1073	1133	1213	1380	1524	1638	1705	1711	1822	1945	2042	2085	2119	2321	2389	2485	2496	2553	2584	2647	2672	2875	2974	3037	3046	3065	3283	3304	3381	3457	3484	3613	3688	3798	3818	3855	3944	3955	3986	4089	4148	4253	4296	4632	4676	4681	4738	4762	4814	4836	4860	4862	4891	4950	
273	501	665	694	765	1055	1541	2052	2155	2220	2360	
63	158	382	514	733	756	767	777	803	844	848	871	887	905	1136	1309	1333	1371	1435	1481	1567	1624	1666	1759	1761	1845	1950	2103	2262	2303	2452	2465	2480	2499	2524	2599	2807	2937	2941	3003	3006	3018	3081	3100	3117	3223	3295	3317	3625	3630	3693	3695	3767	3782	3796	3816	4034	4152	4157	4193	4207	4232	4234	4278	4279	4293	4517	4536	4709	4718	4804	4819	4894	4941	4973	4989	4990	4997	
44	183	607	727	960	1023	1217	1296	1419	1671	2020	2704	
336	393	451	570	601	825	1498	1561	1632	1910	1926	2434	2784	3187	3192	
216	269	534	546	925	1101	1352	1904	1920	2560	
82	243	264	730	818	1361	1606	1617	2086	3848	
178	374	600	861	978	1367	1742	2006	2402	2912	2984	2992	3269	
193	334	711	898	931	953	1446	1577	1818	2196	
77	206	231	344	562	880	1281	1471	1631	1641	1864	1977	2005	2324	2541	2655	2949	3258	3339	3369	3574	3642	3670	3681	3864	3893	3937	4288	4420	
310	339	741	995	1064	1218	1448	1464	1767	1998	
113	316	530	536	859	873	983	989	1034	1043	1087	1098	1125	1262	1311	1322	1485	1609	1693	1744	1807	1813	1856	2011	2018	2179	2273	2279	2334	2406	2424	2497	2538	2816	2845	2907	2946	3035	3147	3243	3506	3519	3861	3894	3912	3916	3980	4077	4251	4265	4297	4429	4507	4537	4599	4643	4657	4660	4662	4699	4747	4757	4760	4777	4871	4900	4916	4938	
19	48	55	166	429	500	698	769	770	1176	1239	2053	2352	2431	2583	2612	2703	2752	2873	2973	2978	2993	3038	3090	3222	3234	3236	3281	3288	3363	3666	3734	3843	3876	3903	3939	4044	4052	4169	4195	4312	4382	4477	4509	4600	4613	4707	4771	4781	4789	4815	4884	
164	465	569	1193	1199	1290	1610	2089	2523	2635	2645	2656	2796	2991	3466	3765	3803	3841	3904	3929	3996	4001	4079	4161	4246	4275	
213	608	750	881	1074	1140	1256	1678	1717	1780	1789	2175	2257	2661	3128	3377	3383	3426	3510	3513	3962	4020	4055	4134	4163	4304	4389	
101	180	433	483	630	652	787	914	1202	1207	1423	1495	1565	1598	1728	1850	2001	2061	2093	2114	2405	2410	2453	2582	2761	2770	2835	2896	3019	3063	3346	3505	3561	3640	3686	3709	3718	3749	3794	3878	3946	4014	4100	4277	4412	4451	4454	4505	4511	4611	4638	4668	4785	4848	4880	4898	4971	4985	
267	728	748	1480	2231	2407	2634	2667	2699	2791	2838	2952	2967	3166	3396	3437	3601	3664	3719	3723	3784	3885	3902	4241	
65	404	442	662	821	1214	1615	2178	2237	2433	2878	
13	251	760	894	1092	1227	1659	2184	2294	2311	2544	2573	2610	3118	3481	3494	
3	88	208	282	414	670	866	907	980	985	1027	1147	1219	1459	1592	1625	1747	1784	1877	1887	1935	1969	2136	2248	2253	2272	2347	2549	2551	2648	2725	2759	2760	2889	2953	3008	3026	3028	3080	3268	3312	3334	3343	3358	3360	3403	3425	3530	3600	3652	3703	3757	4063	4074	4091	4123	4371	4452	4453	4466	4558	4592	4612	4697	4748	4818	4821	4834	4858	4859	4864	4936	4948	4957	
397	626	1058	1521	1599	1741	1866	2003	2300	2358	2539	2621	2707	3041	3155	3260	3551	3741	
472	642	650	1412	1519	1821	1846	1984	2046	2238	
150	167	184	571	619	687	884	975	987	1068	1318	1411	1431	1623	1635	1785	1840	1875	2030	2082	2140	2252	2269	2367	2508	2833	2899	3123	3162	3373	3414	3541	3547	3581	3593	3614	3692	3706	3942	3953	3963	4114	4344	4425	4428	4617	4680	4688	4765	4845	4885	4921	4934	
261	311	886	967	1376	1655	1753	1760	1853	2141	2152	
175	223	268	279	578	623	802	1117	1153	1455	1501	1804	1847	1973	2312	2481	2600	2682	2779	2919	2957	3042	3097	3342	3353	3465	3543	3546	3735	4105	4370	4495	4523	4565	4629	4701	4713	4742	4756	
854	1237	1282	1293	1340	1551	1552	1721	1783	1795	2007	2095	2225	2263	2421	2590	2662	2681	2906	3149	3292	3329	3379	3477	3529	3566	3602	3684	3881	4237	4240	4316	4436	
56	191	542	636	990	1014	1069	1108	1128	1406	1439	1462	1585	1672	1689	1787	1810	1814	1902	2069	2079	2134	2183	2216	2327	2328	2503	2756	2852	2879	2897	2959	2986	3078	3096	3108	3191	3230	3352	3464	3492	3608	3621	3634	3690	3797	3823	3831	3978	4057	4177	4202	4203	4209	4270	4305	4363	4402	4545	4618	4642	4704	4724	4796	4802	4851	4853	4886	4904	4905	4907	4929	4942	4970	4972	4991	
57	199	452	474	493	627	742	970	1019	1240	1251	1273	1299	1302	1351	1408	1438	1465	1490	1557	1618	1630	1762	1776	1794	1811	1823	1883	1932	1959	2063	2540	2561	2659	2853	3039	3290	3298	3327	3609	3650	3710	3737	3877	3924	3950	4068	4188	4358	4490	4606	4670	4698	4767	4806	4807	4861	4980	
103	140	297	516	520	1109	1226	1306	1559	1879	1949	2139	2291	2861	3422	3450	3610	3659	3867	
780	806	956	1013	1169	1230	1453	1487	1590	2205	2268	2471	2945	3002	3251	3376	3474	3485	
81	230	367	373	617	622	707	716	920	954	1362	1739	1912	2250	2366	2420	2438	2565	2693	2735	2778	2848	2900	2998	3073	3180	3228	3444	3580	3724	3755	4124	4140	4145	4150	4260	4374	4430	4438	4463	4653	4754	4770	
38	135	262	342	559	781	852	979	1051	1052	1075	1244	1570	1816	1899	1911	2002	2068	2096	2125	2130	2476	2572	2606	2626	2814	3198	3308	3319	3490	3514	3532	3615	3753	3828	3840	3852	3911	3977	4029	4050	4201	4472	4686	4715	4776	4780	4863	
170	491	615	762	1379	1545	1569	1696	1714	1786	1873	2204	2609	2806	2849	2872	2932	3079	3106	3691	3696	3810	
47	384	392	402	621	736	1245	1442	1674	1958	2016	2337	2822	3084	3189	3244	3538	3576	3597	3777	4002	4047	
11	98	187	220	240	362	455	549	701	838	869	928	972	1005	1065	1072	1123	1155	1285	1313	1415	1516	1554	1626	1637	1736	1769	1892	1900	1901	1916	1940	2075	2375	2390	2392	2449	2607	2808	2846	3030	3142	3170	3184	3209	3524	3596	3669	3679	3733	3740	3835	3890	4076	4103	4191	4247	4258	4350	4359	4446	4535	4542	4553	4582	4649	4712	4730	4743	4753	4787	4805	4911	4923	4945	4951	4952	4966	
97	154	409	725	1088	1849	1961	2014	2302	2336	2531	2829	2920	3001	3316	
29	224	275	285	309	752	863	1089	1210	1249	1343	1356	1374	1537	1692	2159	2256	2310	2361	2436	2458	2466	2529	2546	2669	2698	2777	2979	3144	3181	3227	3261	3424	3476	3491	3531	3770	4007	4023	4227	4254	4362	4387	4450	4516	4543	4627	4645	4652	4667	4726	4823	4899	4915	4922	4946	4975	4986	4987	
105	459	460	509	591	654	691	709	757	865	883	1225	1266	1305	1389	1443	1578	1627	1755	1778	1848	1858	1936	2031	2077	2351	2472	2490	2522	2608	2680	2688	2817	2956	3130	3131	3133	3172	3296	3399	3434	3478	3511	3523	3854	3966	4048	4094	4109	4197	4224	4284	4546	4560	4603	4641	4734	4764	4812	4855	4930	4935	4964	4996	
28	33	132	210	387	401	575	1015	1159	1366	1369	1449	1740	1897	1944	2167	2537	2781	3447	3549	3578	3945	3948	4065	4071	4108	4153	4173	4208	4403	4405	4415	4456	
39	115	257	295	658	779	952	1114	1263	1310	1320	1375	1444	1466	1680	1857	1865	2038	2137	2276	2373	2705	2738	2763	2865	2990	3067	3278	3320	3340	3350	3428	3486	3525	3587	3665	4322	4341	4435	4493	4586	4601	4678	4755	4788	
194	272	508	592	1364	1440	1452	1587	1602	1639	1725	1830	2048	2097	2101	2353	2448	2461	2775	2944	3265	3699	3732	4119	4183	4189	4205	4300	4411	
70	91	129	326	399	438	528	561	655	849	939	1187	1417	1447	1546	1647	1681	1782	1891	1896	2118	2145	2463	2532	2809	2922	3089	3257	3307	3468	3565	3827	3838	3981	4045	4129	4271	4310	4313	4388	4448	4504	4615	4706	
152	298	443	576	643	868	971	1255	1363	1393	1871	2246	2258	2271	2412	2588	2694	3045	3107	3134	3324	3449	3533	3570	3583	3820	3941	4015	4116	4164	4238	4280	4311	4326	4340	4346	4422	4426	4486	4497	4570	4588	4651	4682	4766	4808	4832	4840	4847	4867	
186	207	217	510	602	633	877	1037	1106	1110	1723	2700	3075	3127	3270	3544	
169	296	372	427	487	518	524	648	943	1059	1067	1629	1685	2113	2162	2171	2439	2552	2793	2821	2823	2995	3335	3367	3502	3629	3763	3821	3870	3910	3985	4046	4364	4519	
32	52	83	172	246	290	327	497	498	656	955	1143	1197	1248	1370	1535	1918	1968	2043	2107	2116	2260	2346	2450	2467	2701	2803	3020	3102	3395	3415	3431	3446	3698	3949	4216	4242	4290	4501	4502	4562	4740	4824	
133	305	629	817	1044	1573	1583	1611	1675	1895	2126	2887	
116	260	343	388	577	773	843	1142	1277	1291	1470	1555	1677	1954	1978	2212	2243	2323	2403	2425	2629	2632	2748	2827	2855	2924	3225	3627	3687	3742	3756	3801	4043	4058	4113	4347	4554	4574	4583	4620	4654	4665	4744	4835	4850	4868	
137	149	200	352	444	479	668	973	1091	1391	1828	1834	2197	2282	2368	2623	2805	3082	3366	3834	
163	456	598	683	903	1001	1390	1420	1600	1616	2207	2378	2765	2804	3148	3175	3599	
274	706	776	1063	1122	1164	1168	1180	1271	1335	1467	1491	1538	1604	1710	1735	1798	1992	2267	2274	2381	2548	2571	2815	2840	2988	3119	3139	3214	3589	3660	3825	3858	3874	3892	3908	4010	4244	4250	4324	4498	4514	4527	4529	4547	4571	4708	4750	4803	4826	4910	
323	558	649	660	1513	1566	2027	2335	2492	2628	2812	3000	3071	
2	4	24	49	377	410	446	494	555	566	766	1078	1135	1141	1228	1264	1348	1497	1526	1718	1942	2124	2211	2330	2355	2356	2397	2512	2643	2715	3024	3091	3125	3176	3314	3338	3418	3435	3558	3604	3633	3697	3762	3766	3804	3846	3930	3934	3974	3987	4072	4122	4190	4319	4379	4380	4595	4801	4844	4890	4931	4944	
22	289	354	796	976	1137	1200	1205	1268	1269	1418	1457	1579	1607	1686	1851	2098	2266	2477	2506	2624	2894	2954	3163	3345	3372	3401	3540	3935	3960	4060	4098	4204	4460	4559	4591	4631	4666	4677	4731	
107	278	580	604	614	1022	1150	1212	1253	1478	2226	2236	2344	
66	244	266	565	599	1099	1216	1357	1572	1702	2008	2019	2033	2270	2377	2605	2943	2975	3552	3708	3714	3824	4030	4167	
159	286	293	824	917	1009	1250	1327	1381	1582	1841	1894	1946	2163	2395	2844	3115	3143	3387	3663	3682	3958	4033	4135	4178	4184	4281	4394	4500	
330	717	809	982	1020	1093	1437	1589	1707	1917	2787	2885	3049	3074	3112	3262	3301	3758	3772	3857	4018	4040	4110	4128	4228	4239	4248	4351	4457	
322	338	481	1016	1021	1085	1500	1640	1995	2035	2345	2910	3043	
46	209	328	385	473	1094	1432	1633	1903	1993	2391	2478	2828	2841	3051	3116	3453	3632	
41	236	436	484	511	735	810	1095	1454	1724	1975	2017	2229	2307	2372	2718	2893	2969	3099	3103	3185	3322	3368	3746	3793	3842	3972	4349	4413	4449	4459	4928	
16	53	90	356	552	605	795	826	916	1056	1111	1138	1827	1938	1951	1982	2012	2050	2091	2217	2230	2398	2409	2542	2702	2726	2874	2970	2976	3129	3164	3197	3202	3337	3412	3517	3680	3744	3790	3805	3819	3830	3860	3975	4025	4061	4182	4408	4494	4639	4664	4746	4751	4831	4925	4926	4940	4963	4974	
345	358	376	671	791	1353	1484	1660	1843	1939	2110	2129	2146	2663	2670	2918	3152	3309	3658	3919	3938	3971	4041	4127	
106	171	227	475	1184	1426	1456	1502	1543	1691	1775	1781	2376	2393	2613	2734	2940	3146	3199	3351	3356	3728	3844	3873	3880	3959	4059	4081	4106	4158	4168	4174	4392	4406	4455	4496	4628	
128	320	419	450	540	697	734	772	827	851	924	1179	1246	1405	1511	1695	1732	1801	2055	2088	2240	2408	2710	2788	2797	2881	2921	3061	3436	3480	3568	3859	3871	4099	4112	4325	4470	4508	4532	4568	4578	4700	
75	221	265	333	413	424	468	478	553	564	646	661	896	930	1254	1355	1517	1549	1596	1679	1700	2040	2150	2164	2210	2219	2305	2319	2348	2385	2387	2509	2602	2618	2712	2782	2850	2908	2950	2961	3034	3036	3113	3141	3182	3206	3344	3385	3429	3454	3717	3761	3776	3832	3989	4016	4252	4315	4445	4671	4725	4827	4828	4906	4954	4961	4994	
147	292	301	346	463	529	581	603	667	743	855	938	1018	1550	1563	1580	1595	1730	2028	2105	2251	2277	2379	2401	2447	2717	2773	2792	2818	2859	2902	2958	3250	3252	3331	3380	3389	3445	3452	3726	3778	3780	3884	3901	3936	3947	3954	3967	4004	4132	4166	4397	4407	4476	4550	4607	4609	4623	4714	4795	4799	4822	4842	4881	4903	4908	4909	4932	4978	4992	
23	162	998	1054	1100	1441	1716	1733	2254	2292	2432	2834	
160	625	1350	1436	1510	1518	1796	1874	2009	2528	2744	2901	2955	
62	329	432	574	657	921	933	948	1261	1278	1384	1472	1662	2029	2037	2326	2519	2903	3095	3104	3135	3193	3204	3364	3384	3847	3879	3922	3940	3956	4210	4217	4272	4328	4381	4503	
79	168	247	464	489	807	814	977	1157	1231	1529	2108	2135	2157	2417	2429	2842	3056	3386	3411	3635	3883	3926	4027	4042	4082	4199	4266	4276	4330	4475	4521	4564	4608	
5	131	136	237	353	541	582	664	794	909	962	1017	1033	1790	1948	2000	2066	2080	2158	2195	2343	2386	2636	2687	2772	2774	2935	3124	3140	3232	3812	3907	3923	4078	4085	4115	4136	4424	4478	4479	4525	4538	4720	4791	4825	
25	125	185	287	288	360	396	1139	1774	2857	2868	3171	3200	3217	3224	3394	3646	
21	37	490	548	585	945	1203	1372	1479	1489	1727	1792	1965	1972	2877	2931	2947	3120	3461	3644	3915	3993	4165	4219	
6	418	512	793	940	1011	1116	1130	1224	1267	2117	2665	3233	3406	3499	3539	3751	3754	
253	294	482	676	1102	1144	1229	1280	1737	1777	
226	496	527	609	610	845	1145	1183	1532	1588	1699	1964	2527	3154	3357	3365	
699	778	996	1066	1113	1594	1868	2051	2133	2473	2559	
1039	1527	1701	1941	2074	2084	2165	2419	2455	2504	2515	2611	2824	2933	2942	3050	3165	3286	
271	314	389	398	420	705	747	897	1338	1463	1815	2259	2265	2404	2415	2443	3111	3160	3760	3764	4054	
80	212	666	870	1003	1287	1788	1956	1980	2090	
495	1080	1086	1222	1434	1601	1817	1837	2073	2280	
99	313	379	428	635	659	830	963	1173	1297	1308	1838	1839	1990	2371	2384	2622	2627	2658	3571	3722	4006	4172	
9	86	123	315	505	813	923	1035	1233	1413	1422	1575	1581	1649	1751	1829	1842	1869	1908	1970	1997	2065	2242	2414	2482	2578	2742	3254	3336	3397	3420	3592	3671	3685	3775	3984	3991	4017	4156	4556	4663	4672	4779	
104	127	308	720	724	792	835	1047	1050	1053	1061	1167	1177	1211	1746	2123	2789	2819	2826	2904	3066	3098	3178	3188	3194	3195	3382	3700	3701	3730	3918	4031	4175	4268	4269	4360	4418	4431	4541	
61	76	596	737	935	1279	1295	1427	1506	1909	2153	2383	3088	3126	3245	3495	3556	3631	3729	3781	4037	4038	4141	4206	4264	4302	4334	
18	144	263	300	618	682	969	1026	1146	1347	1354	1461	1731	1952	1988	2589	2638	2783	3064	3093	3159	3559	3618	4162	4307	4314	4321	
299	302	325	951	1097	1161	1238	1504	2026	2087	2332	2468	2487	2724	2999	3105	3132	3300	3550	3628	3654	3747	3849	3994	3999	4104	4196	4367	4443	
108	121	324	403	449	521	692	723	732	860	944	1119	1131	1185	1407	1560	1791	1825	1888	1905	1991	2013	2138	2176	2290	2365	2400	2511	2564	2591	2722	3047	3237	3483	3560	3573	3606	3774	3862	3998	4282	4335	4356	4383	4385	4447	4487	4551	4584	4614	4661	4786	4813	4893	4933	4939	4962	
78	165	192	466	688	712	1378	2151	2491	2526	2646	3058	3153	3276	3496	3554	
45	58	879	1002	1048	1276	1473	1713	2201	2388	2513	2729	2836	3055	
14	229	250	256	504	537	644	695	906	1134	1182	1260	1475	1547	1619	1748	1922	2032	2364	2440	2498	2674	2690	2709	2851	2994	3158	3303	3458	3626	3641	3743	4096	4222	4366	4368	4373	4548	4577	4590	4635	4692	4723	4772	
431	488	708	786	1160	1292	1771	1863	2209	2247	
92	202	234	255	258	363	526	674	677	919	1152	1284	1294	1603	1734	1752	1773	1831	1861	2015	2025	2111	2166	2185	2214	2349	2708	2754	2820	2860	3203	3264	3280	3291	3421	3623	3773	3886	3889	4013	4021	4111	4155	4229	4233	4401	4419	4465	4473	4563	4589	4763	4854	
85	96	771	862	1004	1303	1636	1706	2041	2411	2794	2895	2971	
176	417	751	820	829	1805	1809	1867	2295	2518	2673	2837	3012	3305	3443	3489	3501	
100	174	188	215	218	233	280	317	406	445	470	572	639	746	1083	1084	1243	1286	1329	1330	1646	1657	1667	2206	2275	2382	2483	2550	2847	2888	2960	3016	3094	3229	3294	3555	3594	3702	3759	3785	3800	3811	4067	4075	4093	4131	4215	4249	4439	4469	4488	4515	4581	4633	4647	4675	4728	4773	4837	4857	4958	
457	653	754	805	991	1000	1124	1750	1758	2380	2459	2562	2654	2684	2883	2996	3313	3482	3542	3569	3882	3906	3914	4097	4146	4149	4179	4187	4194	4361	4499	
12	568	597	1304	1398	1469	1514	2416	2536	2810	2880	2989	3015	3060	3393	3410	3512	3536	3553	3645	3667	3672	4035	4083	4130	
74	146	177	190	523	532	613	1163	1175	1241	1283	1314	1317	1342	1359	1410	1763	1793	1943	2128	2187	2213	2249	2341	2441	2664	2948	3032	3137	3157	3208	3253	3255	3302	3321	3341	3402	3441	3503	3616	3657	3662	3866	4102	4137	4243	4261	4289	4337	4342	4390	4518	4524	4816	4895	4988	4993	
122	567	690	889	1156	1162	1365	1597	1673	2486	2762	
156	517	790	819	913	1007	1060	1522	1890	1893	2070	2592	2697	2882	3289	3375	
130	395	430	539	544	606	645	663	872	876	1041	1191	1209	1468	1493	1508	1562	1568	1665	1715	1915	1923	1971	2293	2446	2454	2577	2616	2639	2695	2755	2786	2891	3004	3025	3031	3053	3167	3205	3219	3226	3515	3521	3528	3595	3822	3829	3865	3943	3957	3983	4120	4159	4257	4376	4384	4400	4491	4679	4683	4820	4830	4869	4870	4872	4889	4924	4937	4943	4982	
249	378	593	758	811	842	986	1025	1042	1126	1220	1331	1765	1933	2024	2059	2245	2320	2339	2923	2925	2964	3121	3287	3408	3417	3839	3970	4088	4285	4318	4343	4377	4416	4585	4602	4605	4619	4674	
69	102	469	492	588	714	816	834	1006	1008	1186	1258	1556	1622	1799	1800	2057	2078	2102	2208	2244	2374	2413	2418	2457	2692	2711	2728	2750	2972	3011	3057	3370	3715	3752	4160	4561	4636	4711	
375	434	761	831	981	999	1658	1824	1924	1966	1999	2173	2502	2780	2898	3033	
182	248	284	304	507	620	702	722	753	788	966	1029	1158	1482	1651	1704	1820	2233	2633	2727	3017	3029	3062	3109	3272	3432	3931	3932	4095	4255	4396	4530	4557	4587	
225	365	415	628	839	910	1223	1328	1650	1884	1960	1994	2076	2092	2287	2289	2525	2574	2579	2668	2766	2936	3022	3070	3275	3348	3407	3507	3508	3575	3845	3973	4022	4299	4329	4474	4489	4579	4630	4634	4684	4695	4745	4809	4833	
153	440	454	783	847	1377	2121	2192	2333	2619	2929	3138	3169	3248	3405	
8	35	1275	1321	1325	1445	1906	1929	2160	2427	
17	117	641	800	837	900	927	1028	1105	1194	1195	1400	1652	1852	1930	1931	2034	2094	2362	2494	2593	2679	2716	2751	2911	2913	2928	2938	2966	3161	3462	3622	3673	3675	3806	3875	3905	3913	4138	4151	4214	4218	4223	4245	4301	4354	4375	4386	4573	4673	4705	4729	4735	4784	4794	4883	4901	4902	4914	4917	4959	4969	
340	441	680	710	1040	1154	1738	1803	2049	2222	2685	2758	2916	3145	3333	
40	335	347	557	640	681	684	703	804	850	936	1030	1118	1188	1201	1208	1460	1697	1757	1885	2132	2221	2232	2340	2445	2587	2730	2739	2843	3005	3179	3355	3451	3545	3694	3917	3961	4090	4121	4126	4192	4273	4303	4520	4598	4610	4656	4732	4752	4839	4876	4878	4913	4920	4949	
632	693	902	1090	1344	1458	2285	2500	2686	2706	2723	2982	3092	3479	3535	3649	3795	
270	321	371	461	612	918	988	1096	1127	1395	2154	2641	2650	3069	
124	331	439	513	856	875	1349	1835	1836	2182	2369	2501	2676	2963	
281	506	638	700	1104	1196	1663	2435	2479	2495	2598	2713	
73	306	381	383	423	515	745	764	822	965	1151	1346	1414	1544	1719	1812	1889	1898	1985	2064	2313	2322	2464	2547	2653	2714	2747	2884	2914	2962	3087	3151	3231	3448	3473	3527	3713	3779	3788	3807	3808	3899	3988	3992	4125	4213	4267	4274	4467	4534	4572	4597	4604	4691	4739	4741	4759	4782	4790	4810	4841	4896	4912	4927	4995	
27	112	197	198	276	312	359	503	738	798	964	1024	1046	1198	1336	1386	1433	1520	1591	1612	1613	1614	1703	1768	1860	2081	2122	2218	2363	2370	2514	2516	2557	2581	2594	2731	2892	2968	2983	3439	3460	3620	3727	3745	3815	3888	3921	3925	3933	4036	4053	4142	4181	4332	4378	4395	4410	4417	4423	4432	4434	4483	4492	4510	4567	4580	4596	4624	4769	4811	4877	4879	4976	4979	4998	
95	114	355	437	547	857	890	901	1112	1189	1301	1315	1425	1553	1571	1648	1694	1819	1967	1979	2010	2224	2545	2625	2666	2737	2869	2939	2985	3086	3310	3392	3472	3647	3711	4263	4544	
94	348	361	407	637	689	740	768	815	957	984	1049	1070	1082	1288	1323	1368	1387	1531	1668	1726	1749	1882	2100	2168	2199	2316	2456	2563	2575	2651	2757	2832	2839	2980	2997	3077	3311	3332	3347	3361	3433	3442	3455	3470	3471	3487	3498	3579	3607	3612	3653	3837	3869	3900	3927	3990	4066	4084	4309	4345	4353	4399	4433	4441	4462	4637	4717	4736	4849	4874	4953	4956	4967	4968	4977	
50	72	525	912	1190	1385	1474	1509	1523	2288	2357	2426	2595	2776	3114	3256	3359	3603	3617	4039	4051	4092	4236	4283	4320	4336	4355	4442	
118	120	143	161	173	291	307	616	696	782	799	1012	1178	1247	1270	1683	1878	1987	2022	2071	2120	2489	2533	2637	2767	2977	3059	3306	3404	3557	3799	3802	3863	3909	4070	4117	4212	4259	4291	4404	4444	4471	4512	4552	4669	4685	4703	4761	4843	4865	
148	201	332	351	550	586	721	775	892	895	904	974	993	994	1079	1265	1307	1339	1373	1505	1533	1540	1661	1802	1806	1826	1876	1962	2062	2131	2194	2470	2484	2569	2614	2649	2677	2800	2867	3085	3238	3274	3277	3463	3588	3689	3720	3748	3817	3965	4032	4308	4352	4365	4369	4372	4437	4506	4531	4575	4710	4838	4875	4882	4887	4918	4919	4947	4955	4960	4981	4983	4999	
134	590	611	647	841	882	1115	1274	1486	1503	1653	2488	
1	341	533	551	624	713	1477	1584	2004	2615	3136	3190	3201	
634	784	1149	1779	2104	2112	2127	2442	2462	2798	3173	3174	3211	3388	3398	
42	232	462	522	595	789	832	915	1172	1192	1215	1259	1272	1404	1534	1536	1913	2161	2227	2350	2475	2576	2675	2691	2795	3315	3391	3430	3493	3731	3750	3813	3995	4005	4012	4019	4170	4235	4338	4421	4458	4722	4737	4793	
54	87	391	416	519	686	718	797	1451	1642	2036	2689	3210	3221	3271	3378	3419	3520	3611	3636	4003	4024	4080	4087	4143	
435	477	556	679	1232	2021	2177	2190	2255	2299	2474	2886	3013	3068	3362	
179	458	573	739	755	801	992	1045	1429	1488	1528	1530	1645	2072	2203	2234	2423	2965	3110	3150	3218	3240	3325	3639	3716	3872	4062	4262	4294	4461	
109	203	204	726	828	836	1165	1174	1221	1252	1394	1634	1669	1698	1808	1921	2044	2083	2188	2202	2281	2331	2428	2567	2802	2813	2831	2858	2934	3014	3249	3438	3509	3643	3725	3850	3891	3997	4049	4286	4339	4464	4555	4690	4716	4721	4774	4775	
400	560	583	685	1010	1166	1358	1421	1515	1986	2106	2521	2603	2743	3054	3168	3177	3564	3572	3677	
71	181	303	408	1129	1171	1676	2469	2505	2517	2721	3156	3326	3416	3516	3518	3548	3768	
139	467	545	678	759	1057	1236	1424	1855	2142	
20	145	151	425	704	731	949	1103	1170	1332	1360	1605	1670	1886	2054	2278	2283	2568	2630	2644	2732	2740	2801	2930	2987	3023	3246	3409	3413	3534	3656	3676	3783	3809	3833	3836	3895	3896	3952	3968	4000	4073	4133	4139	4287	4298	4348	4398	4414	4480	4540	4640	4650	4749	4778	4888	
31	36	241	277	318	380	412	480	502	554	926	946	950	1132	1628	1643	1880	1989	2170	2437	3010	3235	3648	3705	3826	3920	4069	4147	4220	
60	238	349	579	589	929	1031	1334	2241	2298	2304	2315	2507	2580	2601	2909	3196	3242	3266	3330	3769	
51	390	719	840	937	959	997	1428	1496	1576	1690	1720	1881	2198	2530	2543	2558	2741	2764	2769	2785	2799	2905	3354	3786	
