191	950	1076	1081	1218	1440	1867	2082	2129	2142	2368	2646	2832	3466
115	169	513	717	965	1077	1460	1495	1556	2087	2215	2251	2397	2576	2662	2689	2795	3032	3123	3635	3774	3819	3883	4187	4298	4596	
26	108	155	186	612	649	1029	1175	1179	1191	1293	1890	1931	2101	2911	3412	3604	3760	4001	4212	
168	307	497	911	1202	1401	1915	2035	2178	2523	2696	2826	3264	3782	3873	3917	3941	
39	61	71	239	470	489	640	1099	1117	1126	1391	1400	1441	1651	1727	1842	2231	2409	2423	2657	2713	2788	2855	3041	3515	4224	4247	4268	4289	4358	4491	4496	4611	4731	
404	408	530	632	1145	1231	1288	1385	1395	1801	2149	2152	2230	2351	2556	2766	2862	3118	3434	3656	3722	3875	4222	4292	4340	4958	
147	207	236	308	449	600	801	1171	1537	1840	1904	1978	1993	2213	2253	2404	2990	3117	3330	3539	3808	3846	3936	4066	4284	4488	4489	4546	
335	495	508	962	1001	1027	1510	1527	1559	1906	1984	2002	2204	2349	2502	2648	3202	3373	3409	3680	3780	
81	485	579	587	922	978	1271	1478	1555	1865	2157	2177	3112	3189	3595	3823	3988	4176	4207	
146	164	446	1039	1373	1693	1937	2039	2348	2367	2736	2816	2941	2989	
111	131	141	154	447	459	989	1062	1091	1259	1329	1481	1813	2024	2260	2356	2544	2655	2923	3122	3312	3556	3809	3912	3919	3982	4234	4349	4567	4622	4695	4900	
473	666	729	787	853	1074	1164	1215	1327	1581	2765	2942	
58	194	303	433	611	744	935	987	1232	1283	1530	1610	1674	1724	1816	1828	1924	2055	2125	2140	2141	2224	2566	2575	2610	2680	2729	2768	2846	3020	3228	3416	3438	3522	3542	3559	3636	3744	3787	3792	3799	3884	3896	3970	4000	4270	4294	4346	4395	4437	4534	4763	4850	4880	4923	4975	
217	343	397	407	442	496	638	788	1048	1088	1239	1326	1360	1408	1464	1490	1645	2099	2182	2300	2436	2598	2686	2703	2705	3060	3100	3111	3214	3297	3356	3430	3619	3646	3790	3886	4172	4208	4216	4499	4566	4619	4653	4722	4769	4833	4900	
197	222	224	256	322	341	396	419	427	490	566	616	778	930	937	1243	1303	1410	1422	1655	1775	1982	1985	1987	2049	2075	2096	2108	2151	2199	2219	2324	2346	2357	2439	2547	2579	2615	2647	2661	2728	2774	2822	2884	2924	2964	3072	3077	3186	3222	3249	3593	3730	3773	3815	3907	4022	4121	4218	4276	4280	4380	4401	4407	4596	4663	4675	4767	4769	4803	4837	4860	4896	4976	4980	
376	378	395	583	620	920	940	970	1018	1103	1111	1168	1216	1405	1535	1592	1681	1766	1829	1859	1957	2033	2038	2146	2581	2860	2995	3161	3162	3419	3729	3745	4026	4351	4739	4757	4777	4787	4820	4898	4934	
315	463	749	831	873	980	1345	1374	1557	1613	1615	1673	1716	1849	1892	1942	2243	2325	2459	2548	2591	2644	2740	2876	2888	2905	3187	3424	3491	3533	3561	3787	3868	4051	4105	4262	4307	4308	4331	4570	4574	4701	4786	4799	4871	4925	4962	
152	206	544	797	842	996	1193	1265	1351	1383	1551	1665	1919	2352	2750	2785	2895	3008	3331	3412	3558	3935	4146	4341	4550	4578	4594	
14	51	56	119	329	576	781	887	941	999	1059	1064	1177	1249	1280	1355	1375	1432	1487	1632	1706	1860	2015	2023	2088	2354	2405	2414	2464	2520	2688	2810	2815	2859	2963	2999	3026	3150	3253	3410	3432	3612	3622	3663	3674	3816	3835	4024	4027	4067	4182	4360	4584	4645	4793	4851	4872	4973	4994	
10	249	359	661	741	750	1055	1846	2457	2607	2786	
67	73	261	417	448	455	613	615	669	684	685	751	763	805	871	931	938	1110	1131	1163	1223	1287	1322	1337	1357	1426	1534	1627	1806	1817	1897	2116	2183	2453	2492	2494	2543	2673	2819	2836	2887	3038	3040	3167	3223	3374	3417	3526	3535	3572	3586	3708	3836	3891	4005	4044	4052	4145	4153	4175	4266	4357	4366	4383	4444	4485	4529	4602	4638	4714	4740	4745	4752	4868	4882	4885	4955	4961	
13	418	439	509	742	864	1799	1847	2593	2594	3052	3276	
349	758	900	977	1073	1139	1156	1894	2081	2589	3138	3305	3307	3843	3872	
17	369	430	768	1005	1543	1783	2281	2933	3010	
1	299	319	651	687	888	1504	2807	2897	3175	
451	605	754	1109	1114	1278	1623	1769	2666	2710	2875	3584	4609	
525	658	796	1494	1838	2098	2235	2390	2542	3100	
31	187	211	254	682	863	1072	1228	1244	1384	1401	1446	2048	2091	2467	2539	2813	3000	3016	3195	3455	3658	3671	4043	4112	4160	4213	4301	4315	
665	1311	1513	1789	1819	1845	2010	2396	2508	2540	
21	208	366	421	493	584	864	983	1031	1090	1100	1137	1143	1144	1209	1491	1524	1580	1736	1901	1933	1956	2089	2102	2244	2401	2484	2602	2629	2670	2739	3033	3094	3096	3113	3152	3176	3191	3549	3610	3633	3873	3969	4031	4032	4107	4128	4273	4303	4405	4452	4453	4482	4490	4596	4610	4620	4659	4680	4693	4730	4801	4807	4826	4907	4927	4931	4946	4979	
69	140	149	159	250	275	306	434	464	689	923	925	1014	1033	1203	1253	1453	1457	1498	1531	1914	1916	1932	2127	2220	2292	2306	2611	2749	3047	3229	3405	3647	3902	4012	4115	4117	4140	4164	4318	4390	4440	4450	4595	4603	4670	4687	4702	4716	4724	4765	4939	4960	4983	5000	
10	114	320	491	707	727	769	993	1298	1554	1612	2148	2425	2744	2953	2961	3224	3260	3340	3547	3630	3688	3856	4094	4343	4521	
283	429	625	1050	1182	1189	1211	1646	2297	2369	2379	2697	2838	3156	3163	3322	3339	3501	3724	3726	3849	4009	4189	4250	4387	4393	4483	
12	99	198	258	262	285	331	346	393	410	626	639	867	1082	1254	1256	1317	1338	1354	1952	2072	2256	2264	2289	2293	2312	2370	2470	2475	2664	2856	2985	3003	3004	3084	3453	3640	3718	3752	3769	3824	3862	3975	4088	4090	4126	4223	4326	4329	4424	4744	4749	4789	4843	4878	4886	4915	4938	4958	
88	518	601	647	692	869	972	976	1442	1463	1553	2171	2198	2389	2616	2835	2944	2950	3949	3961	3991	4129	4240	4448	4506	4905	
539	1217	1310	1356	1492	1696	1893	1983	2656	2789	3177	3198	
202	854	947	1472	1552	1995	2245	2327	2559	2745	2879	3095	3137	3513	3746	3925	
9	69	82	123	371	602	629	674	812	883	885	890	901	1053	1108	1221	1277	1414	1452	1521	1523	1637	1684	1798	1990	2000	2058	2079	2135	2209	2344	2419	2442	2449	2478	2518	2536	2626	2673	2690	2694	2754	2957	3006	3034	3076	3208	3292	3362	3394	3402	3490	3838	3931	3998	4029	4086	4097	4137	4238	4260	4309	4327	4352	4382	4421	4436	4470	4785	4812	4902	4912	4972	4974	4977	
358	617	971	1579	1701	1848	2118	2469	2567	2962	3204	3420	3449	3628	3779	4004	4033	4745	
87	93	564	829	958	1282	1348	1884	1926	2955	
55	74	265	317	327	537	1132	1149	1169	1200	1320	1541	1569	1636	1750	1987	2210	2273	2488	2526	2569	2580	2676	2760	2772	2906	3139	3284	3296	3317	3325	3361	3504	3562	3768	3807	3898	3939	3975	4075	4185	4325	4371	4539	4617	4625	4672	4737	4783	4848	4864	4928	4956	4991	
241	353	678	703	973	1113	1186	1197	2267	2927	2929	
30	641	686	777	1084	1195	1212	1434	1475	1544	1572	1590	1639	1708	1740	1794	2019	2304	2394	2408	2546	2621	2699	2802	2913	3109	3232	3255	3461	3586	3882	3965	4171	4577	4608	4710	4745	4771	4775	4798	4906	
135	568	614	719	734	897	1122	1313	1318	1419	1485	1870	2340	2473	2551	2631	2980	3460	3468	3475	3589	3742	3772	3901	3957	4057	4073	4118	4198	4228	4408	4632	4642	
160	177	312	424	528	657	866	1009	1047	1049	1056	1095	1120	1196	1198	1208	1245	1246	1324	1427	1430	1484	1493	1548	1715	1756	1774	1779	1807	1954	1960	2133	2238	2242	2262	2307	2384	2406	2555	2634	2681	2720	2787	2823	2866	2908	2968	2979	3029	3172	3206	3210	3262	3274	3282	3293	3439	3450	3599	3607	3667	3748	3878	4093	4154	4197	4502	4516	4614	4646	4690	4715	4734	4815	4847	4903	4930	
16	75	117	130	181	251	316	364	467	545	571	586	715	882	994	1104	1135	1183	1445	1776	1878	1903	1907	2032	2138	2143	2275	2342	2497	2563	2711	2873	2992	3055	3272	3473	3505	3594	3607	3681	3855	3877	3932	3972	3978	4006	4023	4174	4194	4267	4391	4505	4536	4658	4684	4773	4839	4988	
20	192	436	1308	1455	1596	1668	2105	2921	3146	3399	3506	3777	3785	3828	3888	3958	4116	4769	
38	836	841	961	1043	1263	2016	2200	2326	2388	2500	2818	2882	3071	3738	3814	3830	3887	
100	110	242	630	693	924	1448	1621	1632	1726	1932	2148	2161	2175	2433	2456	2722	2727	2898	2939	3009	3046	3184	3233	3295	3385	3390	3509	3621	3643	3741	3791	4137	4204	4416	4442	4511	4581	4719	4782	4811	4838	4908	4914	
219	472	490	622	656	735	794	827	828	1262	1290	1526	1661	1712	1739	1908	2030	2105	2136	2185	2313	2315	2561	2748	2762	3068	3213	3324	3442	3446	3581	3616	3832	3866	3869	3945	3980	4042	4120	4184	4219	4428	4508	4598	4624	4662	4816	4937	4942	4992	
133	565	701	837	892	919	1023	1042	1609	1752	2387	2407	2714	2974	3299	3398	3415	3842	3975	4068	4186	4261	
594	1301	1305	1333	2180	2181	2374	2509	2632	2790	3053	3098	3175	3252	3266	3377	3395	3871	4082	4100	4134	4192	
35	97	103	171	172	216	403	456	493	578	712	725	893	1002	1192	1220	1339	1346	1398	1412	1416	1465	1672	1686	1729	1850	1866	1980	2057	2074	2112	2228	2280	2316	2362	2515	2898	3083	3164	3201	3212	3353	3356	3530	3575	3712	3803	3818	3876	3928	3993	4003	4087	4092	4119	4127	4177	4249	4281	4344	4359	4381	4409	4454	4504	4639	4652	4683	4698	4704	4814	4832	4874	4875	4917	4943	4947	4965	4982	
279	784	886	998	1097	1267	1748	1877	2216	2636	2874	2891	3147	3287	3389	
109	234	259	276	304	342	493	535	706	760	792	810	844	847	1000	1030	1071	1240	1323	1379	1468	1583	1666	1679	1764	1874	1922	2017	2080	2187	2365	2432	2448	2499	2653	2880	2982	3093	3119	3124	3188	3298	3309	3349	3381	3538	3565	3623	3644	3789	3851	3933	4255	4256	4282	4467	4475	4526	4590	4954	4967	
157	190	300	465	511	672	675	718	774	781	861	862	921	928	1118	1184	1201	1247	1372	1507	1562	1574	1691	1734	1773	1935	1981	2254	2330	2373	2792	2814	2833	2938	2949	2954	2977	3039	3103	3140	3154	3348	3673	3719	3802	3929	3992	4018	4104	4149	4165	4347	4386	4414	4419	4463	4518	4527	4591	4633	4729	4771	4794	4817	4825	4933	
182	246	360	415	512	776	781	1141	1148	1257	1858	2011	2360	2592	2702	2930	2945	3062	3064	3227	3345	3482	3580	3586	3753	3756	4064	4098	4225	4497	4537	4694	4720	4738	
340	454	1035	1142	1423	1488	1643	1664	1682	1707	1751	1772	1784	1821	1888	1917	1929	1971	2012	2041	2060	2085	2105	2169	2763	2893	3157	3423	3551	3568	3574	3606	3684	3689	3903	3904	3955	4078	4286	4434	4455	4681	4682	4841	4853	4897	4920	
101	440	737	838	1020	1021	1151	1369	1532	1538	1698	2071	2148	2150	2162	2258	2507	2732	2956	3028	3069	3174	3180	3342	3366	3485	3534	3577	3613	3678	3686	4626	
112	134	188	195	270	339	619	652	789	1085	1206	1328	1339	1350	1420	1564	1650	1753	1873	1887	2027	2283	2400	2504	2731	2805	2829	3234	3244	3384	3567	3641	3669	3691	3725	3915	3960	4038	4083	4106	4162	4553	4562	4650	
18	280	370	401	515	667	747	906	1188	1202	1425	1477	1599	1932	1943	2144	2203	2303	2321	2331	2378	2443	2506	2538	2596	2724	2865	2894	3063	3247	3273	3329	3358	3407	3632	3697	3714	4313	4379	4433	4464	4493	4510	4586	4676	4791	4796	4804	4822	4971	4989	4997	
257	505	560	567	1804	2675	2712	2721	2848	2967	3092	3144	3171	3310	3650	3702	
377	382	412	420	728	765	770	815	917	938	1007	1012	1586	1969	2160	2364	2511	2867	3190	3207	3503	3564	3682	3847	3906	4016	4332	4377	4544	4545	4668	4686	4688	4701	
230	244	287	503	702	822	846	875	878	1011	1116	1157	1180	1515	1558	1608	1677	1732	1942	2399	2420	2521	2969	3053	3211	3316	3364	3471	3486	3508	3683	3710	4028	4037	4232	4336	4365	4459	4507	4649	4654	4753	4780	4935	
166	240	1170	1518	1642	1921	2106	2241	2320	2691	2927	3288	
22	24	243	394	399	422	532	655	738	753	771	783	855	915	1006	1078	1172	1389	1428	1435	1533	1843	2107	2192	2343	2673	3067	3079	3101	3278	3497	3554	3659	3844	3946	3966	4079	4109	4200	4427	4469	4597	4599	4606	4623	4665	4827	4855	
42	224	282	542	1173	1210	1284	1670	2155	2413	2441	2725	3035	3291	3292	3591	3786	3912	4007	4221	
165	205	220	453	803	957	1004	1158	1570	1678	1714	2571	2914	3280	3447	3771	3786	
209	431	627	752	808	951	1240	1275	1512	1595	1617	1657	1672	1692	1741	1881	1927	1974	1987	1998	2078	2083	2168	2225	2323	2455	2487	2568	2658	2757	3015	3341	3351	3433	3496	3685	3784	3800	3848	3850	3874	4147	4588	4627	4655	4700	4768	4774	4778	4890	4998	
59	374	811	1150	1364	1900	2104	2156	2771	2996	3085	3308	3652	
83	139	235	339	466	527	607	737	779	834	1251	1451	1542	1566	1588	1603	1738	1809	1826	2076	2093	2115	2217	2247	2278	2416	2434	2471	2649	2669	2912	2981	2997	3073	3125	3126	3268	3270	3371	3396	3431	3537	3620	3743	3752	3810	3853	3880	3911	4070	4156	4180	4190	4199	4364	4399	4454	4477	4561	4579	4810	4863	4865	
43	486	591	823	932	997	1155	1185	1304	1396	1411	1652	1695	1758	1759	1815	1930	2052	2147	3086	3292	3323	3550	3645	3732	3776	3857	3899	3943	4138	4258	4339	4372	4402	4439	4465	4727	4795	4800	4840	
325	635	1098	1225	1226	1462	2051	2086	2092	2821	3106	3448	3454	
127	238	409	488	800	1270	1689	1717	1889	2084	2190	2483	3030	3160	3356	3499	3570	3639	3700	3950	3995	4025	4178	4193	4375	
128	482	548	700	859	995	1123	1470	1550	1844	1958	2013	2195	2259	2271	2371	2430	2577	2625	2635	2883	2889	3179	3380	3435	3510	4311	4354	4468	4486	4905	
62	305	533	821	948	1266	1745	1754	1781	2355	2403	2486	2752	2782	2899	2905	3007	3013	3386	3720	3879	4047	4136	4287	4524	4559	4612	4628	4647	
175	184	592	731	988	1063	1147	1695	1947	2121	2308	2812	3566	
221	237	705	938	1250	1344	1611	1899	1991	2214	2960	3217	3240	3261	3655	3996	4091	4143	4701	
136	400	487	621	660	877	990	1486	1883	1946	2026	2053	2124	2255	2337	2510	3017	3064	3090	3145	3194	3481	3578	3796	3921	4048	4050	4061	4124	4152	4443	4732	
41	70	91	162	293	328	384	552	558	562	572	716	730	759	790	806	916	960	986	1482	1601	1634	1690	1700	1749	1841	1963	1997	2160	2386	2516	2534	2745	2903	2940	2978	3080	3185	3256	3494	3519	3541	3747	3984	4035	4055	4059	4131	4203	4205	4261	4389	4397	4484	4519	4735	4828	4857	4877	4959	
608	782	898	1083	1312	1508	1607	1905	2109	2212	2284	2679	2777	2885	2902	2917	3237	3489	3576	3611	3693	4135	4191	4229	
33	72	309	380	475	691	1105	1294	1371	1378	1433	1620	2100	2165	2257	2698	2845	2890	2909	2927	2973	3258	3414	3418	3436	3463	3582	3892	3951	3982	4211	4319	4406	4423	4454	4557	4743	
49	825	1160	1276	1336	1380	1730	1808	2301	2305	2339	2431	2438	2512	2801	2803	2877	3022	3104	3120	3379	3397	3476	3573	3654	3672	3767	3794	3858	3860	3861	4020	4239	4297	4306	4335	4355	4572	4648	4717	4726	4742	4929	
98	266	297	388	633	688	807	955	985	1025	1066	1159	1368	1387	1516	1540	1680	1791	1913	2028	2249	2268	2322	2333	2501	2552	2572	2668	2693	2708	2741	2849	2932	2988	2993	3064	3102	3142	3149	3263	3311	3341	3465	3597	3601	3629	3682	3783	3982	3999	4074	4179	4264	4300	4328	4337	4449	4480	4513	4571	4741	4829	4831	4858	4950	4981	4984	
6	29	36	50	53	64	113	178	269	291	301	326	423	596	631	676	696	1101	1152	1252	1269	1424	1509	1568	1614	1778	1967	2001	2020	2132	2163	2358	2393	2458	2672	2683	2761	2781	2912	3058	3081	3099	3306	3320	3544	3634	3706	3795	3820	3825	4237	4316	4362	4418	4458	4470	4472	4582	4585	4636	4703	4756	4770	4813	4818	4842	4870	4904	4918	4941	4990	
411	426	785	1015	1459	1476	1500	2489	2702	3012	3203	3443	3794	
45	286	441	563	991	1019	1763	1941	2597	2660	2830	2947	3445	3804	
15	167	277	502	732	939	1407	1528	1563	1836	1970	1972	2139	2377	2466	2481	2493	2605	2817	2881	3231	3456	3459	3462	3472	3588	3596	3780	3881	3890	4114	4225	4295	4385	4426	4445	4548	4575	4721	4736	
96	120	402	469	524	559	590	597	775	914	1041	1461	1511	1649	1719	2054	2067	2110	2222	2361	2422	2541	2642	2737	3403	3477	3516	3735	4230	4512	4631	4641	4685	4709	
4	19	143	203	646	870	913	1003	1112	1174	1367	1575	1702	1755	1827	1872	1994	2066	2188	2272	2381	2498	2560	2614	2697	2756	2769	2901	3045	3585	3682	3755	3759	3918	4108	4170	4278	4415	4542	4558	4574	4696	4836	4891	4899	
102	543	644	721	1788	1820	1824	1868	1891	1968	2417	2479	2583	2841	3302	3338	3440	3766	
77	297	310	324	534	745	902	1604	2077	2097	2114	2299	2338	2858	2935	2936	3059	3100	3360	3737	3786	3839	4032	4081	4141	
292	499	663	802	936	975	1040	1450	1629	1790	1814	2570	2604	2770	3108	3729	3827	3964	
435	554	755	1443	1447	1520	1667	2767	3341	3495	
232	521	1096	1862	2164	2174	2229	2529	2717	2794	3148	3226	3283	3543	3694	3927	
352	405	767	791	1022	1121	1128	1565	2285	2334	3912	
295	372	668	698	818	880	952	1264	1366	1896	2045	2234	2519	2920	3216	3354	3404	4102	
23	28	116	227	500	598	642	653	718	889	1057	1124	1546	1631	1795	2793	3130	3158	3372	3840	4065	4071	
90	428	819	852	1034	1069	1825	1854	2718	2759	
179	959	1694	1722	1728	1795	1832	2211	2863	2934	
438	516	557	603	756	1444	1704	1911	2063	2179	2276	2588	3181	3350	3493	3661	3989	4086	4324	4333	4338	4367	4800	
11	217	260	387	704	813	1241	1388	1628	1797	1886	1928	1988	2006	2065	2319	2435	2444	2450	2926	3044	3070	3168	3241	3243	3257	3388	3548	3602	3816	3889	3934	4041	4085	4263	4290	4392	4634	4750	4764	4806	4859	4873	4938	4957	
183	217	252	498	517	623	780	926	929	1234	1321	1573	1812	1863	1959	2034	2145	2176	2223	2463	2623	2753	2780	2809	2965	3050	3250	3425	3464	3498	3525	3831	3987	4015	4265	4307	4790	4849	4867	
849	881	894	1036	1046	1086	1449	1517	1591	1593	1626	1632	1711	1718	1898	1962	2678	2719	2800	3019	3470	3557	4036	4080	4167	4220	4500	
65	944	1044	1125	1299	1656	1663	1731	1856	1945	1986	2123	2158	2314	3529	3631	3653	3703	3739	3763	4122	4257	4345	4413	4509	4540	4589	
180	444	490	540	1102	1129	1306	1334	1536	2205	2472	2630	2650	2654	2824	2844	2975	3173	3378	3638	3731	3976	3983	4058	4441	4447	4460	4514	4515	
27	40	60	76	501	529	609	670	1094	1279	1616	1770	1837	1885	1950	2044	2233	2237	2246	2310	2345	2477	2608	2640	2663	2677	2722	2783	2912	3011	3024	3043	3089	3155	3286	3500	3627	3701	3715	3733	3798	3948	3952	3973	4084	4139	4330	4376	4621	4699	4866	4876	4885	4901	4919	4978	4987	
368	736	839	1045	1281	1861	2166	2554	2620	2915	3021	3318	3336	3852	3909	3962	
125	336	345	445	573	963	982	1343	1638	1720	1902	2103	3511	4934	
5	54	272	302	365	507	582	599	618	798	804	817	979	1008	1026	1087	1235	1332	1413	1571	1607	2250	2496	2574	2600	2850	2852	2983	3005	3193	3251	3648	3649	3787	3923	3981	4045	4158	4210	4342	4560	4674	4712	4779	4835	
231	969	1248	1316	1547	1735	2189	2412	2613	2853	
10	255	267	311	347	417	570	577	610	671	690	694	1061	1093	1222	1289	1325	1365	1370	1376	1377	1925	2021	2154	2160	2391	2411	2742	2797	2904	2951	3054	3422	3478	3564	3665	3699	3920	3937	4014	4063	4125	4137	4163	4225	4538	4576	4592	4924	4936	4966	4993	4995	
383	510	764	1051	1437	1777	2094	2261	2274	2380	2440	2624	2638	
248	330	523	724	1695	1918	2270	2427	2474	2476	2700	2870	3159	3319	3411	3897	3956	
86	223	224	375	697	757	782	845	912	946	974	1016	1106	1127	1133	1296	1415	1965	2036	2196	2221	2236	2495	2565	2695	2697	2755	2966	3097	3170	3175	3265	3269	3277	3375	3495	3579	3607	3716	3778	3885	3926	3953	3971	3974	3977	4168	4195	4214	4274	4320	4417	4420	4481	4564	4580	4723	4884	4893	4895	4910	4999	
95	115	158	334	714	814	820	1319	1347	1390	1399	1403	1653	1669	2031	2134	2197	2522	3116	3215	3279	3326	3625	3922	3938	4111	4144	4394	4456	4660	4678	
3	150	294	296	474	514	547	551	561	708	879	1219	1597	2186	2513	3036	3121	3221	3321	3540	3605	3812	3959	4072	4243	
2	63	118	199	278	284	398	417	425	519	589	934	1522	1705	1723	1787	1805	1939	2047	2069	2073	2263	2265	2279	2410	2558	2578	2684	2745	2796	2825	2892	2919	3196	3238	3259	3290	3421	3488	3618	3675	3757	3822	3985	4019	4133	4277	4356	4378	4411	4451	4471	4474	4644	4661	4671	4748	4819	4844	4862	
1431	1578	1671	1685	1802	1973	2191	2799	3088	3225	3816	4934	
281	337	504	526	711	809	865	968	1136	1944	2232	2612	3151	3480	3507	3723	
138	151	634	717	748	799	824	848	857	1229	1261	1300	1309	1331	1393	1402	1469	1471	1607	1633	1641	1786	1869	1882	1909	1975	1976	1996	2007	2111	2128	2184	2239	2296	2317	2462	2709	2738	2811	3271	3281	3365	3369	3401	3502	3677	3734	3752	4010	4142	4157	4166	4206	4248	4253	4283	4368	4479	4532	4556	4604	4630	4708	4718	4746	4830	4845	4885	4889	4909	4932	4970	
129	170	213	348	367	718	884	1060	1089	1240	1480	1549	1835	1920	1979	2003	2070	2206	2240	2418	2505	2804	2872	2892	2896	3352	3441	3670	3900	4060	4245	4350	4403	4435	4470	4697	4772	4834	4846	4894	
92	153	174	193	225	373	386	713	762	899	1052	1165	1227	1382	1401	1576	1600	1624	1762	1768	1822	1831	2018	2170	2586	2671	2943	3343	3531	3552	4040	4086	4302	4317	4323	4535	4554	4613	4618	
78	673	1178	1207	1286	1362	1725	2120	2395	2537	2730	2959	3166	3347	3801	3986	
253	323	338	556	604	699	858	927	1010	1138	1307	1392	1582	1713	1760	2090	2117	2269	2309	2599	3335	3520	3626	3657	3721	3859	3942	4202	4651	4707	4751	4761	4771	4776	4788	
48	79	145	228	274	381	549	710	933	1075	1429	1647	1934	1936	1961	2207	2286	2528	2651	2716	2723	2734	2843	2878	2958	2984	3031	3275	3304	3408	3521	3563	3587	3664	3758	3821	3834	3913	4181	4259	4322	4369	4429	4462	4476	4543	4609	
406	766	1130	1162	1811	1875	2004	2068	2482	2726	2743	2746	3303	3788	3870	
47	89	288	481	739	864	903	1236	1268	1737	
142	196	361	598	683	954	1260	1314	1385	1417	1501	1577	1635	1658	1697	1757	1938	1966	2042	2047	2062	2134	2248	2288	2402	2428	2524	2622	2747	2847	2946	3114	3199	3333	3344	3391	3524	3583	3713	3736	3826	3845	3864	3968	4002	4011	4034	4089	4252	4312	4432	4473	4568	4669	4689	4692	4758	4762	4797	4800	4802	4805	4821	4986	
681	761	992	1342	1361	1505	1585	1662	1912	2037	2040	2291	2595	2916	3248	4609	
290	390	413	546	585	636	723	772	945	981	1394	1496	1525	1560	1699	2005	2029	2131	2167	2201	2329	2376	2392	2468	2490	2532	2643	2828	2922	3025	3107	3135	3300	3483	3571	3615	3751	3841	3893	3954	4062	4095	4130	4241	4242	4291	4293	4425	4565	4583	4733	4754	4861	4913	4953	4963	
32	124	477	904	1233	1358	1514	1660	1989	3105	3205	3235	3487	3546	3614	3967	3990	
245	722	1115	1291	1795	2336	2550	2564	2573	2627	2854	2976	3367	3600	
34	264	356	1058	1466	1747	2485	2601	2639	2986	3141	3359	3564	3660	3679	
204	247	471	1080	1140	1167	1782	1852	1942	2429	2687	4261	
173	215	414	480	520	553	650	816	905	910	943	964	1065	1272	1315	1353	1359	1406	1436	1502	1529	1567	1587	1630	1721	1834	1879	1948	2043	2056	2137	2363	2451	2460	2820	2837	2892	3002	3057	3091	3209	3242	3452	3458	3512	3711	3762	3764	3863	4069	4099	4103	4314	4388	4412	4520	4530	4569	4600	4673	4808	4852	4869	4888	4926	4940	4968	
121	263	355	531	538	593	595	743	782	843	1068	1199	1242	1309	1385	1421	1479	1499	1606	1659	1672	1687	1800	1992	2008	2193	2287	2424	2426	2437	2557	2722	2733	2748	2773	2831	2900	2928	3018	3053	3065	3066	3143	3230	3337	3428	3457	3479	3536	3545	3651	3692	3709	3780	3910	3930	3963	4049	4077	4132	4169	4227	4251	4279	4288	4353	4363	4501	4593	4605	4666	4679	4711	4759	4784	4856	4985	
57	233	786	856	1474	1497	1589	1792	1803	2050	2122	2252	2266	2318	2332	2341	2375	3129	3165	3197	3330	3518	3624	3676	3690	3705	3944	4046	4209	4269	4305	4396	4494	4498	4525	4547	4705	4766	
8	46	66	94	105	391	416	443	468	550	569	588	606	648	677	717	872	908	1153	1154	1187	1190	1230	1297	1703	1767	1796	1810	1876	2025	2113	2372	2447	2674	2791	2827	2898	2907	2971	2994	3061	3132	3134	3182	3192	3332	3590	3592	3727	3729	3811	3817	3829	3908	3997	4123	4235	4285	4310	4348	4373	4492	4503	4528	4587	4643	4667	4691	4706	4792	4840	4881	4883	4892	4958	4996	
37	201	314	344	379	462	628	664	746	949	1067	1224	1454	1864	2047	2202	2385	2886	2931	3220	3254	3314	3560	3608	4017	4096	4201	4299	4563	
52	106	144	148	185	313	389	460	624	874	891	1017	1024	1202	1456	1519	1594	1683	1771	1793	1923	2119	2159	2218	2465	2517	2585	2619	2784	2869	2970	3153	3383	3413	3495	3532	3555	3754	3813	3947	3994	4053	4246	4374	4404	4430	4629	4905	4911	4948	4951	
44	132	137	332	385	450	458	484	555	581	654	695	840	896	956	1037	1119	1218	1302	1397	1473	1485	1598	1618	1625	1853	1857	1871	1895	1964	1999	2009	2153	2226	2531	2665	2682	2704	2798	2839	2871	2905	3042	3074	3087	3127	3313	3382	3387	3393	3406	3484	3528	3865	3873	4008	4030	4056	4101	4410	4495	4523	4533	4551	4573	4615	4824	4916	4922	4944	4945	4949	4952	
69	189	1070	1134	1214	1238	1258	1458	1485	2503	2527	3400	
126	298	354	461	835	1648	1910	2046	2328	3169	3327	3357	3392	3666	
598	1013	1218	1274	1292	1386	1539	2059	2461	2590	2652	2659	3020	3219	3444	
80	85	268	357	575	868	1032	1213	1335	1438	1503	1688	1746	1830	2290	2359	2382	2530	2533	2582	2806	2857	3014	3020	3048	3236	3239	3245	3267	3368	3429	3467	3761	3837	3940	4183	4236	4254	4304	4361	4664	4725	4879	4887	4900	
210	437	876	967	1161	1340	1418	1619	1818	2061	2302	2353	2398	2584	3001	3183	3355	3437	3609	3617	3637	3698	3895	3905	4272	
218	506	907	1054	1079	1605	1780	1977	2173	2452	2535	2925	3517	3750	3806	
522	709	740	1285	1341	1506	1622	1851	2130	2298	2454	2549	2764	2779	2998	3075	3363	3553	3603	3704	3797	3979	4013	4161	4188	4196	4217	4334	4400	4487	
7	104	156	212	229	321	333	350	494	637	662	733	737	850	984	1038	1204	1255	1955	2126	2227	2350	2383	2421	2587	2645	2667	2864	3027	3040	3051	3128	3133	3178	3246	3301	3376	3492	3695	3707	3781	4039	4466	4635	4747	4823	4921	4964	
161	541	679	1176	1409	1602	2014	2194	2277	2282	2514	2685	2840	2918	2948	3037	3040	3078	3294	4150	
122	273	574	851	966	1381	1489	1644	1733	1953	2064	2633	2861	3328	3346	3514	3833	4113	
392	479	1028	1363	1743	1823	1949	2609	2617	4574	
84	271	363	432	795	1181	1295	1330	1483	1654	1675	1710	1744	1761	1833	1839	2022	2208	2294	2295	2366	2446	2562	2637	2701	2702	2706	2834	2937	2972	3049	3131	3330	3412	3469	3527	3569	3765	3775	3867	3894	4226	4233	4244	4321	4422	4517	4522	4541	4555	4601	4637	4656	4728	4755	4854	
25	68	176	339	659	726	909	1237	1349	1404	2134	2335	2606	2715	2751	2808	2851	2910	3427	3662	3696	3794	4076	4151	4307	4384	4398	4446	4461	
452	483	643	833	860	1194	1676	1709	1785	2415	2445	2692	3218	3334	3598	3717	3749	3805	4159	4215	4275	
200	351	476	826	830	953	1092	1146	1742	2095	2172	2525	2618	2707	3056	3289	3315	3523	3642	3793	4032	4271	4370	4457	4938	
107	115	226	297	362	536	580	645	680	720	773	793	832	942	1166	1205	1273	1309	1339	1439	1467	1561	1584	1640	1765	1855	2311	2480	2491	2545	2628	2641	2748	2775	2776	2778	2842	2952	2991	3082	3115	3136	3370	3426	3474	3687	3770	3854	3914	4021	4110	4148	4173	4231	4531	4549	4552	4607	4616	4657	4677	4713	4809	4840	4969	
163	214	289	318	457	478	492	895	918	1107	1352	1545	1880	1940	1951	2347	2553	2603	2735	2758	2868	2987	3023	3110	3200	3285	3451	3668	3728	3740	3916	3924	4054	4155	4296	4431	4438	4478	4640	4760	4781